0.044084
0.030366
0.03143
0.030372
0.030876
0.03058
0.030272
0.029954
0.029626
0.02929
0.016077
0.044321
0.025868
0.02705
0.026958
0.053293
0.034167
0.034436
0.034838
0.033603
0.047932
0.0345
0.049811
0.02372
0.023747
0.024126
0.024579
0.050007
0.049261
0.051824
0.02236
0.051086
0.031881
0.049145
0.030968
0.030477
0.030434
0.030877
0.03058
0.03027
0.029949
0.029617
0.044121
0.028929
0.028579
0.015327
0.014292
0.021541
0.020862
0.032926
0.022292
0.03404
0.049067
0.049671
0.050346
0.047348
0.051429
0.027978
0.022922
0.020681
0.026223
0.023446
0.026104
0.023583
0.049788
0.047299
0.031114
0.030536
0.030822
0.031164
0.03088
0.030581
0.03027
0.029946
0.029611
0.029266
0.028913
0.028561
0.015803
0.023505
0.026029
0.021066
0.022324
0.024175
0.019634
0.034318
0.032539
0.047139
0.044942
0.047246
0.05004
0.021259
0.02635
0.021113
0.023268
0.033247
0.033126
0.05032
0.050276
0.03158
0.03169
0.031437
0.016348
0.029702
0.030248
0.029938
0.029615
0.02928
0.02926
0.028902
0.016856
0.016651
0.028766
0.023453
0.01435
0.013951
0.01998
0.032832
0.031604
0.030058
0.045292
0.04611
0.04903
0.049913
0.049398
0.023607
0.022904
0.024789
0.038973
0.05206
0.051224
0.048246
0.031933
0.031696
0.031443
0.016432
0.016846
0.03059
0.029943
0.029618
0.02928
0.029257
0.028896
0.016894
0.016381
0.028702
0.026997
0.027484
0.024933
0.034858
0.034483
0.030183
0.049351
0.031044
0.032614
0.048636
0.046684
0.048527
0.019734
0.035559
0.035313
0.050771
0.052727
0.04951
0.04946
0.03194
0.031704
0.031451
0.016779
0.017282
0.030599
0.029951
0.029625
0.029614
0.028934
0.028895
0.01625
0.029339
0.042837
0.033535
0.024947
0.024494
0.033153
0.033077
0.031673
0.029227
0.047349
0.050012
0.04673
0.048485
0.048282
0.031086
0.01955
0.051111
0.049728
0.051865
0.051323
0.04603
0.031951
0.031714
0.016945
0.031195
0.030911
0.030611
0.029962
0.029967
0.029295
0.029268
0.028579
0.028541
0.016969
0.036882
0.037605
0.03502
0.023791
0.036425
0.034787
0.031124
0.045225
0.046888
0.04843
0.046324
0.045009
0.04681
0.048884
0.032346
0.050231
0.051014
0.052554
0.049799
0.045625
0.031964
0.031727
0.031476
0.031209
0.030587
0.030627
0.030312
0.029983
0.029311
0.028957
0.016624
0.028549
0.041768
0.028114
0.035043
0.051343
0.050615
0.051764
0.048996
0.048915
0.04695
0.050906
0.050013
0.045698
0.046632
0.045878
0.049699
0.047592
0.049581
0.048279
0.050714
0.050115
0.047848
0.031632
0.031743
0.031493
0.030885
0.030606
0.030647
0.030333
0.030004
0.02966
0.028977
0.028934
0.028563
0.029711
0.035603
0.051635
0.049789
0.050822
0.050422
0.047771
0.046972
0.045927
0.046758
0.048981
0.048274
0.04713
0.04714
0.048896
0.049797
0.048282
0.048259
0.04964
0.046093
0.047403
0.031998
0.031417
0.03117
0.030907
0.030968
0.030671
0.030024
0.029699
0.029688
0.029331
0.028638
0.028585
0.04358
0.040472
0.050441
0.051546
0.050986
0.049101
0.048627
0.048765
0.046853
0.045123
0.050009
0.051624
0.018067
0.049767
0.049849
0.046421
0.047446
0.049531
0.048694
0.050807
0.050182
0.031671
0.031439
0.031193
0.030932
0.030656
0.030363
0.030389
0.029731
0.029392
0.029039
0.028996
0.044017
0.039183
0.036762
0.024221
0.022521
0.050342
0.050462
0.022707
0.049888
0.046843
0.044821
0.048318
0.050065
0.018406
0.029612
0.034136
0.03322
0.033272
0.032049
0.04948
0.049514
0.034064
0.022094
0.022067
0.031222
0.030962
0.030688
0.019492
0.030091
0.029769
0.029761
0.029406
0.029038
0.028337
0.045648
0.015201
0.023752
0.023588
0.022168
0.022982
0.022349
0.05199
0.05116
0.046336
0.046679
0.051806
0.051516
0.023309
0.031805
0.049893
0.02187
0.033085
0.049818
0.032324
0.021189
0.022098
0.02207
0.021811
0.030997
0.030725
0.030437
0.019101
0.029813
0.029478
0.029128
0.028764
0.017599
0.046075
0.052999
0.05233
0.051641
0.021673
0.021283
0.021109
0.051281
0.05204
0.049459
0.047342
0.034471
0.051036
0.018885
0.018931
0.024128
0.018964
0.049555
0.049599
0.050797
0.020217
0.022102
0.022075
0.031293
0.031038
0.020823
0.030482
0.03018
0.029863
0.018582
0.029183
0.017972
0.017649
0.028141
0.036608
0.034598
0.05214
0.022928
0.020506
0.022077
0.022641
0.021267
0.049875
0.049998
0.034376
0.023934
0.021783
0.027803
0.02155
0.019751
0.021488
0.019633
0.028245
0.027938
0.022106
0.02208
0.021961
0.02152
0.030816
0.019891
0.0192
0.02992
0.018633
0.029244
0.028885
0.028512
0.028174
0.043585
0.04396
0.053855
0.053989
0.022567
0.023207
0.023129
0.021976
0.049288
0.051752
0.0213
0.023977
0.024443
0.033639
0.021617
0.033841
0.049727
0.027951
0.014642
0.014467
0.024838
0.02507
0.021018
0.02158
0.021168
0.020097
0.019287
0.018972
0.01869
0.029313
0.028956
0.028908
0.028542
0.015143
0.015271
0.015176
0.052529
0.036264
0.052174
0.021738
0.022827
0.051996
0.034192
0.033673
0.034439
0.024115
0.049976
0.026029
0.049649
0.049686
0.021327
0.026063
0.025113
0.02073
0.021614
0.022401
0.024163
0.021313
0.020347
0.019412
0.030052
0.029727
0.01846
0.04638
0.028989
0.028609
0.015105
0.027021
0.023452
0.034283
0.052451
0.053
0.036325
0.051985
0.052221
0.048777
0.049963
0.0506
0.034238
0.021561
0.022918
0.026915
0.051368
0.034143
0.022037
0.028541
0.016514
0.024634
0.05034
0.021823
0.031001
0.020646
0.030434
0.030128
0.029806
0.029469
0.043552
0.043355
0.041628
0.038994
0.043075
0.036348
0.035104
0.035244
0.035187
0.037774
0.052716
0.050339
0.049764
0.048556
0.049162
0.051308
0.051118
0.02373
0.027879
0.022896
0.05079
0.023498
0.022704
0.021744
0.031808
0.031578
0.023922
0.02151
0.02095
0.030514
0.03021
0.029891
0.029556
0.029535
0.028845
0.028792
0.043724
0.0418
0.05463
0.041749
0.027888
0.026804
0.037764
0.052855
0.05042
0.049047
0.048412
0.049923
0.048996
0.051248
0.025047
0.023249
0.022522
0.026291
0.013799
0.024889
0.051908
0.044807
0.042814
0.049951
0.031159
0.021206
0.030601
0.030299
0.029982
0.02965
0.029632
0.046883
0.045654
0.028531
0.042406
0.038528
0.037127
0.022746
0.022149
0.05049
0.047003
0.047002
0.04814
0.051769
0.049948
0.04999
0.022066
0.035336
0.014637
0.022817
0.026378
0.025921
0.027254
0.043698
0.047579
0.044339
0.050741
0.031249
0.021389
0.030694
0.030394
0.030079
0.029749
0.029734
0.029374
0.046649
0.045202
0.036522
0.038044
0.024633
0.022546
0.050702
0.049317
0.04954
0.046426
0.048202
0.051747
0.051808
0.023753
0.027887
0.025975
0.022866
0.02283
0.022797
0.026564
0.025594
0.043599
0.04165
0.048742
0.03195
0.031348
0.031078
0.030794
0.030496
0.030182
0.029854
0.029511
0.047031
0.029112
0.042215
0.043001
0.055639
0.05268
0.052433
0.052043
0.050508
0.050523
0.049413
0.049317
0.023876
0.023054
0.015055
0.026957
0.027052
0.023662
0.01557
0.02281
0.026481
0.0145
0.068638
0.049096
0.049089
0.032056
0.031454
0.031185
0.030901
0.030603
0.030291
0.029964
0.047746
0.02927
0.028904
0.028848
0.027405
0.039272
0.023048
0.05243
0.02854
0.050774
0.022846
0.022723
0.026515
0.024987
0.026785
0.014843
0.014644
0.019125
0.027174
0.022858
0.022823
0.026232
0.014721
0.022707
0.047245
0.051464
0.032172
0.031915
0.031299
0.031015
0.02061
0.01952
0.019055
0.029741
0.029388
0.029024
0.028971
0.01519
0.015151
0.015092
0.025396
0.023396
0.022371
0.026368
0.023238
0.023187
0.015065
0.014654
0.02304
0.028333
0.021534
0.025203
0.022872
0.022838
0.014851
0.014597
0.019728
0.031833
0.032546
0.032295
0.031689
0.022043
0.021592
0.021051
0.019873
0.019167
0.029863
0.029511
0.029148
0.029098
0.01519
0.015208
0.015097
0.01505
0.023413
0.02336
0.023307
0.023255
0.023204
0.014268
0.014876
0.023057
0.023011
0.027917
0.014883
0.026419
0.015191
0.014866
0.02279
0.061521
0.056959
0.034396
0.032436
0.032167
0.022076
0.021822
0.021356
0.020342
0.030327
0.029989
0.029639
0.029277
0.029228
0.028841
0.015155
0.015116
0.015082
0.02343
0.023377
0.013662
0.023273
0.023221
0.01443
0.014844
0.014809
0.023028
0.014706
0.022942
0.026762
0.014785
0.014782
0.026093
0.022531
0.05297
0.05533
0.051321
0.031952
0.022092
0.022015
0.021533
0.020861
0.030458
0.030121
0.030104
0.02941
0.029363
0.028977
0.015109
0.015087
0.01504
0.023447
0.014216
0.023342
0.02329
0.023239
0.014666
0.02314
0.014782
0.023046
0.01474
0.022959
0.022919
0.022883
0.022849
0.024718
0.053799
0.019797
0.031206
0.055689
0.051899
0.031817
0.022074
0.03123
0.030918
0.030594
0.030257
0.030242
0.029547
0.029175
0.028791
0.028399
0.028442
0.015093
0.015037
0.023412
0.014984
0.023307
0.014754
0.023206
0.023157
0.02311
0.027859
0.014727
0.014694
0.014662
0.014582
0.014562
0.014526
0.02104
0.01836
0.021815
0.022742
0.022158
0.031958
0.03167
0.03137
0.031058
0.030734
0.030398
0.03005
0.029689
0.018399
0.028934
0.028541
0.028503
0.028396
0.015067
0.015025
0.023377
0.023325
0.023274
0.023223
0.014885
0.023127
0.01479
0.014764
0.014921
0.022952
0.014621
0.014573
0.014574
0.014828
0.018059
0.022237
0.025199
0.022175
0.022143
0.031814
0.031514
0.04979
0.03122
0.030544
0.030196
0.029836
0.029464
0.029081
0.017857
0.028611
0.015078
0.023501
0.023448
0.023395
0.023342
0.023291
0.02324
0.023191
0.015174
0.027897
0.014783
0.025947
0.01473
0.027709
0.027669
0.014568
0.016761
0.020729
0.018399
0.021768
0.022456
0.02216
0.03196
0.032008
0.031695
0.03137
0.031033
0.030347
0.029988
0.029616
0.029233
0.028839
0.028758
0.015075
0.015062
0.023466
0.015494
0.02336
0.023309
0.023258
0.023209
0.014855
0.014822
0.027866
0.027818
0.022987
0.014609
0.023329
0.023489
0.022341
0.0147
0.018395
0.014125
0.014683
0.022021
0.022143
0.03181
0.031847
0.03118
0.030848
0.030503
0.030146
0.029775
0.029392
0.028997
0.028916
0.015081
0.015049
0.023486
0.023432
0.015327
0.015432
0.023276
0.023227
0.01487
0.014834
0.014811
0.014756
0.023005
0.023786
0.027773
0.022899
0.018318
0.025633
0.019953
0.014502
0.016673
0.022195
0.022161
0.031962
0.031655
0.031337
0.031007
0.030665
0.030309
0.018935
0.029557
0.029162
0.029081
0.023613
0.02356
0.023506
0.014797
0.01448
0.014544
0.023296
0.014905
0.015099
0.02796
0.014796
0.038262
0.040246
0.025391
0.034316
0.023189
0.014395
0.018017
0.018932
0.014078
0.016601
0.022213
0.022179
0.032245
0.022108
0.022069
0.031172
0.031173
0.030479
0.019083
0.029729
0.029664
0.029254
0.028836
0.023581
0.023527
0.023473
0.023419
0.023367
0.014913
0.014923
0.023218
0.014851
0.014805
0.027885
0.040948
0.034905
0.034435
0.037141
0.015146
0.014162
0.01468
0.014357
0.018568
0.02223
0.022197
0.033738
0.022127
0.031665
0.031342
0.031006
0.030656
0.03029
0.02991
0.029846
0.029436
0.01513
0.023604
0.02355
0.023495
0.014061
0.023389
0.023337
0.014898
0.02324
0.023194
0.02315
0.024488
0.034021
0.034384
0.023787
0.037411
0.014207
0.012959
0.013722
0.012999
0.015657
0.022249
0.022216
0.022182
0.022147
0.022111
0.022073
0.021695
0.021034
0.030478
0.030099
0.029705
0.029627
0.029207
0.023628
0.023573
0.023519
0.014481
0.014488
0.01447
0.02331
0.014564
0.015172
0.023173
0.027946
0.037784
0.024516
0.021903
0.021829
0.014156
0.013492
0.014096
0.012689
0.014102
0.024181
0.021924
0.022202
0.022167
0.022132
0.019055
0.021977
0.031033
0.020435
0.01932
0.029904
0.029498
0.029406
0.023653
0.023064
0.023543
0.014618
0.014436
0.014099
0.014434
0.014681
0.01484
0.014728
0.028641
0.019467
0.02189
0.023245
0.020225
0.011016
0.012308
0.014115
0.012754
0.013828
0.014246
0.016606
0.022222
0.022189
0.022429
0.019679
0.031572
0.024543
0.049051
0.030504
0.030448
0.030038
0.045863
0.029186
0.043359
0.015063
0.015049
0.023461
0.023409
0.023359
0.014893
0.023266
0.027664
0.028418
0.027035
0.019341
0.018708
0.050181
0.012047
0.011999
0.011873
0.012773
0.012085
0.013519
0.016585
0.022243
0.025244
0.020293
0.019526
0.021651
0.019576
0.043048
0.028939
0.040445
0.04085
0.044627
0.043277
0.044975
0.015084
0.023542
0.023488
0.023436
0.014924
0.023338
0.023292
0.014839
0.021784
0.023166
0.050806
0.050242
0.050178
0.012182
0.012812
0.01271
0.013569
0.013602
0.012965
0.01392
0.018573
0.02456
0.031462
0.022282
0.030258
0.031105
0.040364
0.042855
0.046949
0.04087
0.041997
0.046083
0.029194
0.043874
0.040624
0.015023
0.014983
0.014945
0.014909
0.014874
0.023959
0.028404
0.024284
0.050358
0.049311
0.051157
0.01208
0.011645
0.012899
0.014773
0.018867
0.014772
0.013566
0.013782
0.021807
0.060976
0.048358
0.028965
0.029457
0.039864
0.030643
0.043004
0.046869
0.046166
0.02987
0.02943
0.041189
0.042982
0.028408
0.015005
0.014967
0.01493
0.043327
0.01488
0.014858
0.023222
0.036436
0.024372
0.02576
0.012949
0.013274
0.013862
0.014248
0.018031
0.014179
0.014148
0.014586
0.01497
0.020091
0.058437
0.0293
0.028309
0.02831
0.030905
0.043013
0.039693
0.04505
0.030115
0.045969
0.015151
0.044152
0.040676
0.043459
0.023991
0.014953
0.014951
0.014907
0.041553
0.025114
0.026197
0.025411
0.023137
0.026817
0.028039
0.031573
0.029872
0.027897
0.042066
0.040414
0.040926
0.042149
0.044661
0.040355
0.038946
0.041106
0.03965
0.051793
0.039683
0.03622
0.033252
0.030276
0.030903
0.042812
0.040677
0.043521
0.028275
0.040478
0.038426
0.025193
0.038766
0.041133
0.039044
0.040493
0.056854
0.040482
0.026374
0.02819
0.031281
0.028915
0.027636
0.044154
0.039528
0.042343
0.043384
0.024609
0.041523
0.024543
0.039706
0.039083
0.053253
0.035396
0.034653
0.03367
0.031397
0.029168
0.027484
0.040755
0.027582
0.026184
0.040446
0.03919
0.037372
0.038175
0.039752
0.027863
0.060091
0.019608
0.055882
0.029463
0.029108
0.048822
0.027607
0.026157
0.025518
0.024875
0.042926
0.043532
0.023142
0.024802
0.042667
0.039915
0.040017
0.034985
0.048512
0.035056
0.033108
0.033704
0.03325
0.041429
0.040924
0.041113
0.03771
0.037984
0.04353
0.039171
0.038291
0.056111
0.038963
0.020512
0.039597
0.055909
0.04678
0.030131
0.027094
0.0268
0.027062
0.024547
0.023145
0.023392
0.022009
0.02214
0.041311
0.039777
0.040134
0.040252
0.040061
0.034937
0.033366
0.018435
0.031935
0.032128
0.041196
0.039842
0.039227
0.038171
0.039226
0.038279
0.037765
0.03756
0.037458
0.056178
0.059079
0.059255
0.040103
0.046711
0.028735
0.025441
0.025378
0.023517
0.022815
0.023232
0.021845
0.020625
0.021094
0.022562
0.038448
0.038707
0.037473
0.037809
0.037573
0.032389
0.030042
0.031517
0.033312
0.043771
0.02499
0.038332
0.040117
0.039084
0.041228
0.038101
0.037046
0.053366
0.053136
0.055856
0.056514
0.055753
0.030087
0.030102
0.024792
0.02382
0.010146
0.0091736
0.022925
0.022214
0.022147
0.022528
0.02073
0.0225
0.039419
0.039687
0.038034
0.032919
0.033473
0.032119
0.031399
0.03085
0.043571
0.040142
0.040577
0.025139
0.038754
0.041259
0.038446
0.053286
0.051584
0.052537
0.038886
0.039797
0.055733
0.030206
0.027738
0.02535
0.023746
0.024344
0.022542
0.0090561
0.022965
0.022578
0.021473
0.021935
0.021548
0.038234
0.037642
0.036086
0.033283
0.043965
0.044371
0.044055
0.04362
0.043275
0.040229
0.026281
0.025403
0.024878
0.038218
0.038525
0.051951
0.064962
0.048379
0.039626
0.040182
0.057391
0.027922
0.02917
0.029515
0.026839
0.024238
0.023566
0.023269
0.010621
0.022557
0.022064
0.021169
0.021538
0.035895
0.032945
0.034856
0.033673
0.031959
0.042214
0.043273
0.030921
0.041431
0.038976
0.025031
0.025302
0.032236
0.048778
0.038235
0.052147
0.047975
0.047839
0.03786
0.024491
0.03828
0.025456
0.027575
0.027413
0.039597
0.038864
0.022457
0.022049
0.022284
0.021908
0.020737
0.019589
0.037581
0.034235
0.045488
0.047421
0.042317
0.030827
0.041014
0.042436
0.044172
0.041071
0.040912
0.042872
0.025194
0.037922
0.037724
0.051531
0.06499
0.048571
0.046581
0.031974
0.046991
0.036421
0.023596
0.023546
0.025009
0.024296
0.021963
0.023015
0.021313
0.019427
0.020697
0.022104
0.020041
0.04585
0.046939
0.044316
0.042506
0.043016
0.043138
0.042699
0.043088
0.04144
0.039549
0.039671
0.039875
0.040059
0.038472
0.037978
0.038429
0.037851
0.04747
0.037998
0.036726
0.046756
0.036973
0.023917
0.023549
0.03848
0.039038
0.03911
0.021796
0.021525
0.021123
0.019811
0.040984
0.033702
0.04532
0.04466
0.044101
0.04385
0.041337
0.041179
0.043287
0.026417
0.042814
0.040288
0.042727
0.041375
0.039362
0.039097
0.038013
0.038684
0.064968
0.035577
0.03737
0.037303
0.047181
0.047345
0.037041
0.023585
0.022534
0.037097
0.038493
0.022059
0.020401
0.021784
0.021665
0.034885
0.030711
0.045043
0.042406
0.043087
0.041049
0.042148
0.044519
0.043863
0.040769
0.043746
0.044288
0.030649
0.041838
0.038389
0.03906
0.039563
0.037597
0.037478
0.05136
0.064062
0.062964
0.046597
0.046812
0.024612
0.037034
0.035904
0.022184
0.03531
0.023383
0.02189
0.022406
0.021018
0.020482
0.019246
0.046696
0.042817
0.043454
0.041849
0.04417
0.032392
0.047137
0.033056
0.043076
0.03121
0.042779
0.042193
0.040518
0.038689
0.038659
0.049533
0.037777
0.064248
0.046841
0.047417
0.045854
0.046708
0.035015
0.034944
0.034808
0.033559
0.032846
0.021229
0.035109
0.021673
0.038012
0.020696
0.018646
0.034116
0.033129
0.031661
0.043023
0.041837
0.05789
0.042782
0.045961
0.031772
0.043493
0.042542
0.040976
0.039425
0.05239
0.065158
0.049314
0.064979
0.04522
0.062593
0.04474
0.043883
0.045695
0.023593
0.034567
0.036879
0.022275
0.033004
0.031722
0.021423
0.021381
0.020572
0.021363
0.020257
0.019019
0.018885
0.042629
0.022138
0.043722
0.043855
0.039849
0.041037
0.027797
0.027554
0.041273
0.040348
0.039851
0.056257
0.052456
0.065198
0.063084
0.044391
0.0431
0.043596
0.042963
0.04537
0.023796
0.022855
0.022792
0.013754
0.032466
0.020903
0.022155
0.022236
0.020983
0.019804
0.020569
0.035473
0.03475
0.035707
0.044267
0.032456
0.031993
0.039973
0.041152
0.043056
0.041233
0.041288
0.050534
0.051447
0.04018
0.038833
0.052327
0.045596
0.04278
0.04501
0.045008
0.046673
0.046935
0.02458
0.024606
0.024576
0.024064
0.024261
0.023003
0.0238
0.021929
0.022205
0.031535
0.019488
0.019457
0.033198
0.035191
0.036543
0.033441
0.026564
0.0388
0.040459
0.025172
0.024974
0.025248
0.032318
0.031336
0.040373
0.050691
0.064796
0.048102
0.044818
0.047037
0.04802
0.04717
0.047302
0.0099584
0.024658
0.024803
0.024372
0.023708
0.023688
0.022777
0.022627
0.022881
0.020798
0.020472
0.035402
0.038252
0.036026
0.035481
0.047516
0.043902
0.025876
0.025042
0.041464
0.027514
0.025532
0.024927
0.024923
0.031822
0.032412
0.048585
0.049061
0.047651
0.037403
0.037165
0.047546
0.044884
0.025099
0.024989
0.024683
0.025806
0.024013
0.023599
0.024338
0.023521
0.023198
0.035937
0.01898
0.038802
0.038495
0.036032
0.035
0.034071
0.045634
0.043467
0.025099
0.025012
0.025857
0.050381
0.042201
0.040376
0.031591
0.031447
0.031436
0.029466
0.038329
0.038567
0.037769
0.047916
0.046639
0.02466
0.025957
0.026013
0.025409
0.023978
0.025731
0.024746
0.023457
0.040836
0.021738
0.03798
0.03932
0.038427
0.042965
0.047737
0.046045
0.04647
0.044117
0.039892
0.040198
0.025368
0.041474
0.043412
0.025404
0.024899
0.031764
0.032182
0.03145
0.049177
0.031999
0.03744
0.037502
0.046883
0.027565
0.027116
0.026175
0.010524
0.024348
0.025677
0.025856
0.025118
0.024055
0.02305
0.019859
0.038041
0.036071
0.03557
0.044134
0.033815
0.044628
0.044933
0.041364
0.041217
0.025368
0.040707
0.04185
0.02613
0.024745
0.032283
0.029182
0.031208
0.029659
0.048148
0.037961
0.048004
0.037556
0.029057
0.028204
0.025467
0.025683
0.026458
0.026248
0.026661
0.025311
0.023238
0.041316
0.040157
0.040251
0.037559
0.047494
0.045358
0.045517
0.034713
0.045474
0.044885
0.043871
0.041842
0.041035
0.040848
0.025675
0.025884
0.032279
0.031569
0.02916
0.031349
0.032274
0.031686
0.031836
0.032156
0.029061
0.012361
0.028275
0.0116
0.026572
0.026379
0.025146
0.024702
0.023507
0.044351
0.043086
0.04144
0.01937
0.018377
0.028033
0.0284
0.03568
0.036868
0.035106
0.032641
0.04145
0.043171
0.042804
0.02524
0.027455
0.024826
0.032258
0.030175
0.031291
0.032054
0.024394
0.032208
0.032259
0.029703
0.028179
0.012381
0.029261
0.028242
0.026604
0.023936
0.023945
0.023286
0.022715
0.020123
0.038081
0.041798
0.018487
0.026928
0.027891
0.027905
0.02786
0.034587
0.034631
0.044119
0.025756
0.02543
0.038971
0.025546
0.032333
0.024592
0.032412
0.032323
0.02498
0.024922
0.032169
0.032134
0.028064
0.012832
0.029911
0.029277
0.030134
0.028963
0.026284
0.024965
0.043325
0.022704
0.032123
0.040675
0.019659
0.018571
0.026886
0.025919
0.026774
0.026921
0.045067
0.028155
0.044692
0.027423
0.025426
0.032667
0.025291
0.024789
0.02472
0.02502
0.024683
0.024616
0.025177
0.032059
0.032207
0.02941
0.028053
0.030312
0.028948
0.029273
0.029209
0.026823
0.025722
0.024762
0.023595
0.02132
0.021169
0.031101
0.028867
0.026186
0.025408
0.025676
0.0455
0.048022
0.027393
0.026183
0.02563
0.025346
0.026131
0.024715
0.025795
0.026159
0.025085
0.025519
0.024851
0.031777
0.031305
0.024426
0.029431
0.02891
0.026116
0.026878
0.027261
0.042896
0.026766
0.025805
0.02531
0.024181
0.022238
0.020564
0.020578
0.028194
0.033947
0.033212
0.026815
0.046642
0.043959
0.043753
0.026497
0.025697
0.026366
0.026972
0.025267
0.025928
0.025562
0.025105
0.032402
0.024636
0.024463
0.032235
0.02461
0.058916
0.054355
0.026969
0.026665
0.025961
0.02778
0.02695
0.026481
0.025723
0.025021
0.022395
0.021205
0.020575
0.018963
0.027479
0.026037
0.026238
0.026837
0.026453
0.02662
0.027725
0.02762
0.026317
0.027508
0.027501
0.026183
0.024789
0.032498
0.0083403
0.032323
0.024743
0.025161
0.025131
0.029771
0.057343
0.030334
0.029047
0.028009
0.029254
0.028745
0.028775
0.028571
0.025337
0.023314
0.022361
0.019409
0.019078
0.029497
0.026267
0.028008
0.027578
0.027313
0.028265
0.027725
0.028133
0.029758
0.026536
0.026093
0.027418
0.024986
0.013458
0.012699
0.011252
0.012579
0.024441
0.025052
0.02854
0.029457
0.031003
0.059107
0.053695
0.030082
0.029593
0.027669
0.026429
0.027114
0.023092
0.022258
0.022456
0.021307
0.020253
0.027342
0.026567
0.026204
0.025133
0.017899
0.027764
0.041617
0.026977
0.026425
0.026579
0.026642
0.026125
0.0248
0.013047
0.032164
0.024632
0.032392
0.032301
0.030496
0.027116
0.030518
0.029368
0.030342
0.029831
0.029191
0.027612
0.02677
0.025313
0.02492
0.024438
0.023278
0.02139
0.020711
0.028859
0.028346
0.026967
0.026221
0.029003
0.026996
0.027727
0.027692
0.02759
0.027544
0.026025
0.025147
0.032563
0.024769
0.024843
0.0255
0.032364
0.024799
0.031119
0.030559
0.030441
0.029818
0.060521
0.036817
0.030221
0.029245
0.026555
0.026152
0.025721
0.02399
0.023202
0.022019
0.021904
0.020958
0.018998
0.018344
0.030173
0.029568
0.018526
0.02791
0.027651
0.026905
0.027531
0.025696
0.032644
0.032587
0.032533
0.024658
0.026992
0.026216
0.025677
0.019172
0.030667
0.029638
0.029751
0.030326
0.038895
0.030067
0.027971
0.025446
0.024472
0.024319
0.022905
0.022437
0.022289
0.021035
0.019664
0.019238
0.027627
0.018638
0.019709
0.031532
0.027779
0.027691
0.027655
0.027258
0.025321
0.024949
0.024821
0.024916
0.024784
0.024886
0.032412
0.025446
0.030592
0.030581
0.031442
0.030328
0.031875
0.030367
0.026887
0.026515
0.024931
0.023625
0.024118
0.011121
0.021254
0.021396
0.030364
0.029468
0.029678
0.028772
0.018049
0.017977
0.027833
0.02825
0.027726
0.02879
0.027876
0.027578
0.039223
0.037681
0.025668
0.02515
0.024648
0.025063
0.025109
0.030504
0.030455
0.029575
0.029859
0.03053
0.02671
0.025582
0.024943
0.023655
0.026338
0.025989
0.024649
0.022935
0.013103
0.032013
0.02803
0.028342
0.029047
0.028201
0.027741
0.027832
0.026858
0.025599
0.027036
0.027642
0.028879
0.04077
0.037714
0.03771
0.037578
0.037678
0.038661
0.024961
0.014214
0.02822
0.012752
0.013224
0.012694
0.025645
0.025515
0.025114
0.023636
0.024477
0.025374
0.022473
0.021834
0.032841
0.030284
0.02828
0.028913
0.01935
0.028827
0.028671
0.02712
0.025596
0.026219
0.039859
0.039127
0.041244
0.041385
0.040727
0.037161
0.037621
0.037734
0.038583
0.024829
0.013635
0.012809
0.011992
0.011912
0.025121
0.025084
0.026946
0.026125
0.025032
0.033503
0.034436
0.032609
0.032612
0.012473
0.029757
0.028945
0.028232
0.029219
0.019146
0.028113
0.0288
0.04119
0.041474
0.039914
0.038036
0.032843
0.039987
0.040079
0.037899
0.038279
0.036989
0.037551
0.037923
0.012698
0.011233
0.011283
0.0096361
0.010342
0.024814
0.026754
0.02718
0.025874
0.023643
0.035026
0.034431
0.012817
0.031648
0.028552
0.035909
0.029069
0.028897
0.030781
0.028336
0.028396
0.027921
0.041133
0.038712
0.026215
0.037926
0.038051
0.037839
0.039353
0.038211
0.052814
0.038687
0.037698
0.011727
0.011659
0.010564
0.009655
0.01435
0.0095768
0.010037
0.026278
0.026043
0.022928
0.024659
0.034427
0.031961
0.032259
0.032742
0.028484
0.029781
0.03012
0.029578
0.042714
0.030211
0.030767
0.028722
0.041152
0.040985
0.025468
0.03854
0.037477
0.037808
0.037966
0.053298
0.03709
0.037581
0.010939
0.010193
0.010164
0.0096642
0.0096478
0.01007
0.01067
0.024701
0.026172
0.025621
0.025333
0.035296
0.034385
0.031862
0.0329
0.031396
0.032834
0.031969
0.030273
0.045496
0.03037
0.03104
0.028769
0.041352
0.040607
0.039179
0.040002
0.039426
0.0372
0.047192
0.047234
0.047569
0.037356
0.01082
0.01451
0.010396
0.010345
0.01195
0.010091
0.011886
0.026292
0.02662
0.025615
0.023817
0.034628
0.032957
0.03363
0.034444
0.033214
0.034525
0.032821
0.0322
0.032349
0.032168
0.043604
0.02901
0.043055
0.044139
0.03904
0.03805
0.037927
0.046561
0.030169
0.047273
0.037158
0.047201
0.010757
0.010207
0.010126
0.01015
0.011513
0.010666
0.011447
0.026301
0.025433
0.043713
0.044025
0.022921
0.034479
0.024757
0.024485
0.033687
0.034274
0.049087
0.025394
0.047735
0.043784
0.044402
0.044812
0.042634
0.042394
0.041029
0.038317
0.037437
0.030665
0.046462
0.047742
0.047752
0.047352
0.04074
0.044543
0.043125
0.043447
0.038924
0.039654
0.06456
0.052549
0.029655
0.044128
0.039084
0.04361
0.039064
0.039376
0.039406
0.039059
0.037295
0.053096
0.038627
0.063079
0.044974
0.032855
0.048511
0.064517
0.044842
0.043041
0.047546
0.042749
0.042661
0.034808
0.035967
0.030257
0.031037
0.041058
0.045679
0.041945
0.042536
0.039965
0.040841
0.038665
0.053239
0.038635
0.040047
0.023936
0.058325
0.045202
0.028929
0.040393
0.038794
0.03933
0.028511
0.05282
0.047929
0.033352
0.035082
0.027518
0.034856
0.034951
0.032519
0.032629
0.05628
0.030692
0.034954
0.035851
0.030493
0.032266
0.045059
0.049713
0.047335
0.044017
0.040171
0.031698
0.030137
0.03746
0.038285
0.040057
0.044285
0.057109
0.044364
0.034468
0.033528
0.040945
0.027977
0.040161
0.056159
0.06355
0.044922
0.032818
0.032839
0.032784
0.033263
0.032509
0.034651
0.03248
0.030677
0.035462
0.030689
0.034945
0.034716
0.046742
0.036011
0.029638
0.046089
0.033512
0.031863
0.032646
0.038246
0.039994
0.037116
0.040955
0.039127
0.043516
0.044824
0.029592
0.053988
0.045383
0.036247
0.064738
0.064066
0.062515
0.031404
0.031525
0.032668
0.032817
0.033331
0.034779
0.032647
0.031264
0.031163
0.035975
0.034776
0.034754
0.037728
0.029056
0.036511
0.029596
0.033976
0.032329
0.031578
0.042851
0.046536
0.036624
0.036784
0.040907
0.045368
0.038661
0.026123
0.024055
0.062755
0.044703
0.059501
0.044744
0.045018
0.062257
0.033319
0.032712
0.0328
0.044342
0.061215
0.032585
0.032383
0.03193
0.03118
0.030939
0.034855
0.058345
0.028621
0.037195
0.037149
0.056887
0.032318
0.033297
0.033891
0.042853
0.038523
0.054418
0.058174
0.036395
0.036327
0.035598
0.023758
0.031103
0.044881
0.060491
0.059752
0.047908
0.06318
0.061568
0.034889
0.062399
0.06141
0.032642
0.044229
0.031803
0.032554
0.032245
0.031122
0.030969
0.073229
0.073163
0.072276
0.057243
0.056997
0.036409
0.030481
0.031904
0.031186
0.054494
0.028972
0.037599
0.037313
0.064369
0.063206
0.042529
0.062734
0.059315
0.044183
0.045076
0.035308
0.048928
0.035177
0.034884
0.035754
0.035723
0.034223
0.042772
0.032301
0.033264
0.031109
0.030363
0.032446
0.073261
0.058509
0.057795
0.037153
0.036394
0.035007
0.03206
0.032222
0.0311
0.039604
0.05374
0.052267
0.063626
0.048559
0.062962
0.057493
0.043057
0.044533
0.049018
0.063366
0.035675
0.03591
0.035886
0.035878
0.035775
0.035571
0.033333
0.032334
0.031643
0.032922
0.030435
0.031084
0.032431
0.073435
0.046379
0.059776
0.057196
0.029965
0.039249
0.031789
0.029224
0.037024
0.036808
0.049586
0.036777
0.048419
0.048078
0.045922
0.060061
0.046653
0.036005
0.047664
0.033927
0.035049
0.033204
0.032858
0.034743
0.048564
0.034597
0.032644
0.032362
0.034419
0.031982
0.030327
0.031076
0.031047
0.059017
0.058499
0.046813
0.057448
0.028978
0.042199
0.03332
0.02863
0.036143
0.036054
0.035384
0.03371
0.034182
0.035474
0.048274
0.033579
0.033779
0.048996
0.033179
0.034893
0.035133
0.032879
0.032047
0.034342
0.035418
0.033661
0.033426
0.032597
0.034289
0.032513
0.032387
0.032236
0.034405
0.060093
0.059071
0.047241
0.045045
0.029922
0.028628
0.037837
0.029012
0.028437
0.036115
0.03578
0.033246
0.033404
0.033382
0.033318
0.034355
0.061893
0.035597
0.03574
0.035629
0.03506
0.034122
0.040506
0.031738
0.031359
0.035144
0.035527
0.034888
0.027224
0.035508
0.03526
0.034926
0.034721
0.058998
0.061788
0.060379
0.072249
0.036508
0.03777
0.031869
0.028115
0.036088
0.033816
0.032203
0.03305
0.033208
0.033106
0.060045
0.046399
0.036027
0.035911
0.035432
0.027595
0.035167
0.033125
0.03494
0.040722
0.034743
0.035845
0.027609
0.034803
0.035558
0.035419
0.034855
0.034729
0.035366
0.031757
0.063349
0.063495
0.036653
0.035956
0.033227
0.030462
0.036764
0.035409
0.032975
0.045692
0.033804
0.031967
0.043822
0.062528
0.051297
0.048714
0.0491
0.04906
0.028102
0.027603
0.035421
0.035789
0.035164
0.027824
0.02793
0.0273
0.02711
0.035516
0.035683
0.035476
0.032626
0.035147
0.046841
0.039645
0.030628
0.038287
0.036094
0.035846
0.031236
0.035299
0.034852
0.032882
0.034976
0.032801
0.032882
0.031792
0.031631
0.062014
0.0348
0.035803
0.035255
0.027967
0.027624
0.027689
0.027919
0.036053
0.035915
0.027336
0.027411
0.03582
0.035768
0.035419
0.035115
0.040581
0.035318
0.037443
0.040485
0.031463
0.042679
0.039263
0.037345
0.045519
0.044481
0.033913
0.032702
0.034356
0.032924
0.032558
0.031724
0.031174
0.032566
0.034892
0.032953
0.034839
0.035962
0.035862
0.027781
0.027886
0.027526
0.028717
0.027455
0.027318
0.027625
0.035566
0.044067
0.035504
0.034873
0.035303
0.040984
0.038963
0.034053
0.031473
0.030643
0.03795
0.028577
0.045124
0.032993
0.032771
0.032565
0.030678
0.036823
0.03158
0.030684
0.031326
0.03416
0.035426
0.035544
0.027673
0.028024
0.027618
0.035231
0.028774
0.027428
0.027914
0.035893
0.035506
0.044286
0.034452
0.03432
0.044219
0.035509
0.046657
0.039065
0.037203
0.040026
0.039022
0.034242
0.035646
0.03931
0.034908
0.040211
0.040144
0.036028
0.036708
0.048456
0.031027
0.034146
0.035268
0.035201
0.027303
0.0359
0.027933
0.035385
0.034765
0.035364
0.027887
0.034981
0.032635
0.04283
0.043406
0.064534
0.035085
0.034396
0.027158
0.044007
0.043097
0.037803
0.036544
0.037627
0.035859
0.036456
0.030578
0.036518
0.035145
0.032357
0.049261
0.035546
0.039544
0.041442
0.041461
0.034802
0.035257
0.035511
0.035712
0.027529
0.028007
0.035432
0.035067
0.034675
0.04301
0.032407
0.032183
0.061945
0.062796
0.064498
0.052363
0.051526
0.045455
0.04951
0.039892
0.036976
0.040026
0.037493
0.02894
0.040392
0.037976
0.035593
0.034119
0.031665
0.047971
0.049002
0.032595
0.034947
0.035057
0.035917
0.036009
0.03551
0.026855
0.027657
0.030241
0.028605
0.054322
0.035075
0.034758
0.034495
0.063185
0.062757
0.051897
0.051893
0.027593
0.045838
0.042408
0.047463
0.041821
0.036853
0.037344
0.058452
0.036689
0.038157
0.041837
0.034014
0.033256
0.047934
0.039904
0.040086
0.034286
0.035921
0.045023
0.027735
0.028025
0.027534
0.027504
0.029257
0.038092
0.030311
0.028515
0.065202
0.051789
0.035662
0.051523
0.052061
0.027633
0.034323
0.049769
0.055407
0.030348
0.037595
0.038281
0.028852
0.057274
0.07006
0.067257
0.062366
0.041561
0.03209
0.040057
0.032957
0.033097
0.036079
0.035786
0.034572
0.02741
0.028094
0.029625
0.027938
0.0303
0.02525
0.039523
0.030245
0.053585
0.05145
0.056093
0.059268
0.055886
0.037115
0.027272
0.050402
0.054822
0.049921
0.03687
0.046195
0.037451
0.070809
0.052544
0.069772
0.035846
0.032159
0.03289
0.039853
0.042393
0.035216
0.044591
0.026727
0.035385
0.035499
0.028395
0.0303
0.024366
0.023441
0.031689
0.023657
0.056274
0.058649
0.031435
0.021396
0.020613
0.030037
0.036084
0.028087
0.068063
0.057466
0.040355
0.03756
0.039872
0.037252
0.052373
0.071324
0.071024
0.06804
0.034742
0.040192
0.033243
0.033462
0.033128
0.044115
0.035162
0.035165
0.035844
0.027494
0.02989
0.023446
0.023915
0.025378
0.026129
0.027426
0.023723
0.027638
0.027328
0.023464
0.038305
0.026107
0.034302
0.059473
0.058958
0.050464
0.039311
0.036954
0.073018
0.035287
0.046065
0.045622
0.037156
0.040631
0.034297
0.041819
0.032697
0.041317
0.034472
0.034097
0.03558
0.033664
0.035054
0.027063
0.030144
0.031426
0.024992
0.023423
0.024861
0.024588
0.023083
0.02961
0.029781
0.029091
0.034801
0.026646
0.066928
0.056815
0.05461
0.071368
0.047466
0.048537
0.044144
0.045145
0.037847
0.041968
0.041197
0.041633
0.04433
0.031815
0.034592
0.034646
0.034755
0.033991
0.034168
0.035185
0.034872
0.02751
0.029927
0.030108
0.030573
0.024936
0.030401
0.022748
0.022538
0.028879
0.027389
0.026943
0.027885
0.076567
0.061257
0.055963
0.051049
0.048236
0.047911
0.044743
0.04243
0.038549
0.03614
0.040298
0.041633
0.031415
0.030265
0.033407
0.0336
0.03252
0.03435
0.033768
0.034762
0.034732
0.035147
0.027192
0.029028
0.022829
0.024362
0.029671
0.029971
0.027318
0.026469
0.027119
0.026453
0.026945
0.10165
0.069989
0.056499
0.052827
0.052039
0.048647
0.046396
0.044086
0.038812
0.03556
0.034315
0.04206
0.04022
0.03022
0.030306
0.029791
0.03168
0.041506
0.03358
0.044938
0.026724
0.026886
0.027386
0.029331
0.028607
0.02246
0.02728
0.027097
0.026822
0.028149
0.027531
0.026977
0.027891
0.14896
0.082006
0.061865
0.056346
0.053837
0.048625
0.047922
0.042804
0.039942
0.037586
0.035587
0.034014
0.041803
0.031468
0.030376
0.0494
0.030777
0.041206
0.035032
0.034944
0.028357
0.026717
0.029442
0.030023
0.027839
0.027839
0.027146
0.027115
0.027757
0.02931
0.028229
0.027742
0.029921
0.17578
0.12297
0.073496
0.064403
0.057294
0.052483
0.049831
0.044387
0.04103
0.038885
0.03876
0.034666
0.035339
0.034276
0.031182
0.040051
0.030928
0.041216
0.035572
0.035569
0.027214
0.027436
0.028
0.027867
0.027883
0.036382
0.050608
0.02985
0.031568
0.029832
0.029556
0.029569
0.028428
0.17778
0.16934
0.1338
0.10193
0.059084
0.051723
0.049089
0.048221
0.051225
0.048951
0.037714
0.038088
0.036009
0.034318
0.032228
0.035922
0.031428
0.032791
0.033213
0.034888
0.035372
0.034332
0.034378
0.027819
0.027078
0.051884
0.050146
0.023375
0.030001
0.024465
0.024125
0.031612
0.031753
0.28103
0.17174
0.14125
0.11734
0.11089
0.052378
0.070376
0.066519
0.05236
0.064782
0.047435
0.049523
0.037197
0.03278
0.034714
0.032479
0.031422
0.032705
0.032711
0.034245
0.031809
0.033003
0.033701
0.02682
0.03888
0.038399
0.035775
0.02981
0.029218
0.029938
0.028115
0.027634
0.028173
0.33184
0.34035
0.36384
0.17357
0.12781
0.074393
0.0811
0.069034
0.053168
0.048454
0.070492
0.064551
0.037717
0.035568
0.035518
0.033067
0.032971
0.033544
0.031407
0.032328
0.030439
0.031807
0.035274
0.028309
0.035178
0.039516
0.036392
0.026988
0.028474
0.027307
0.027396
0.027229
0.028018
0.28043
0.36206
0.39133
0.28691
0.14838
0.051193
0.086055
0.05295
0.062083
0.07282
0.069288
0.059453
0.036265
0.035524
0.027951
0.036043
0.035282
0.059642
0.046003
0.047232
0.034131
0.033755
0.051632
0.035636
0.036592
0.037624
0.037654
0.027563
0.026829
0.028368
0.027819
0.027603
0.028504
0.16894
0.32038
0.41565
0.40695
0.14087
0.054018
0.050042
0.072745
0.071368
0.047625
0.070428
0.048275
0.037711
0.037422
0.03544
0.049445
0.058172
0.03515
0.035383
0.035924
0.03476
0.03462
0.035684
0.052197
0.048715
0.035197
0.026867
0.027006
0.02723
0.028201
0.029634
0.029775
0.027432
0.37217
0.32951
0.3957
0.41554
0.39466
0.088239
0.036281
0.067029
0.048829
0.048169
0.06878
0.060156
0.044941
0.045785
0.034168
0.033951
0.048435
0.033171
0.061567
0.03599
0.027793
0.035857
0.028114
0.064917
0.03562
0.035522
0.027442
0.027306
0.026496
0.027411
0.027729
0.030099
0.029866
0.36773
0.39979
0.41153
0.39842
0.38486
0.21482
0.072368
0.048935
0.046848
0.062216
0.05127
0.04562
0.044479
0.047592
0.045924
0.03305
0.057822
0.056269
0.036076
0.027936
0.035975
0.038887
0.048275
0.035285
0.03539
0.027455
0.027689
0.027732
0.050936
0.027584
0.029931
0.043879
0.029657
0.47542
0.4977
0.49193
0.50661
0.39127
0.43862
0.10433
0.054562
0.053822
0.060447
0.058225
0.047312
0.060033
0.0615
0.049881
0.045711
0.048885
0.060178
0.059757
0.027959
0.049838
0.036288
0.03538
0.033475
0.034227
0.035343
0.035707
0.035551
0.035445
0.027789
0.05602
0.03165
0.02674
0.37044
0.40401
0.49694
0.5134
0.52157
0.52609
0.079842
0.075383
0.045021
0.052032
0.041893
0.059799
0.051944
0.073704
0.062003
0.046133
0.057997
0.03498
0.060085
0.037054
0.051607
0.03637
0.036008
0.033263
0.032572
0.033904
0.049927
0.033862
0.034119
0.027542
0.030315
0.038896
0.032701
0.49278
0.50443
0.46451
0.50868
0.61835
0.41531
0.50305
0.16384
0.074543
0.035999
0.040998
0.074712
0.050797
0.047709
0.049722
0.046679
0.049631
0.057302
0.03478
0.050019
0.056105
0.039202
0.027707
0.027673
0.027724
0.035488
0.048946
0.064797
0.051181
0.048652
0.036448
0.039211
0.047871
0.47217
0.59643
0.56529
0.40585
0.43643
0.52214
0.44946
0.34529
0.043576
0.035157
0.036786
0.060795
0.051736
0.073209
0.050202
0.060209
0.066731
0.046209
0.035739
0.064376
0.04847
0.027513
0.028821
0.02895
0.029125
0.027283
0.034143
0.044447
0.039076
0.037174
0.035353
0.06254
0.059104
0.58345
0.60666
0.6407
0.64071
0.50179
0.54113
0.44155
0.32158
0.26996
0.031993
0.060585
0.041225
0.042593
0.053275
0.049132
0.056464
0.059923
0.045548
0.038789
0.037737
0.037385
0.050997
0.055308
0.030584
0.027591
0.036272
0.033805
0.043212
0.046549
0.042879
0.033843
0.061584
0.043848
0.51598
0.63016
0.59232
0.6451
0.26377
0.59099
0.53188
0.53274
0.33755
0.056294
0.060907
0.06062
0.058397
0.066252
0.049023
0.059423
0.047155
0.048242
0.063224
0.050321
0.041719
0.041303
0.028981
0.042044
0.039103
0.040418
0.051792
0.043176
0.042078
0.047526
0.059069
0.04877
0.04632
0.01135
0.0159
0.010811
0.015129
0.013345
0.012325
0.013224
0.0088083
0.012999
0.0084675
0.012125
0.032362
0.032477
0.025258
0.025618
0.025356
0.027707
0.026236
0.025138
0.038755
0.038615
0.037444
0.040603
0.037625
0.02463
0.02474
0.025017
0.037435
0.040306
0.040351
0.042141
0.029177
0.027152
0.011262
0.01132
0.01089
0.01474
0.01267
0.013012
0.013394
0.013188
0.01261
0.01221
0.012393
0.012133
0.033196
0.025647
0.0256
0.033015
0.025497
0.026259
0.025185
0.025254
0.026163
0.025399
0.032622
0.037076
0.02514
0.024713
0.038637
0.037466
0.040978
0.039415
0.040865
0.029269
0.027078
0.011462
0.015815
0.015306
0.015146
0.01432
0.013224
0.013246
0.0090365
0.0086494
0.012597
0.012015
0.012055
0.012086
0.025263
0.032884
0.032635
0.032908
0.025452
0.032899
0.024973
0.025565
0.025098
0.025206
0.027381
0.025205
0.040171
0.040383
0.037954
0.040263
0.040868
0.041308
0.027126
0.039067
0.011284
0.015884
0.015412
0.015239
0.014278
0.013377
0.013378
0.0090519
0.0090378
0.012466
0.0082437
0.01212
0.0079289
0.0084835
0.03228
0.011511
0.031833
0.011068
0.032496
0.032754
0.024905
0.025348
0.025226
0.027854
0.027337
0.040365
0.04097
0.04028
0.040253
0.04006
0.040168
0.042075
0.028564
0.011502
0.015684
0.015199
0.01528
0.014358
0.012938
0.013146
0.0088465
0.0087232
0.0084471
0.0085162
0.0083634
0.012079
0.0078928
0.011529
0.010375
0.03164
0.01043
0.010143
0.03242
0.025137
0.025741
0.025274
0.038791
0.026684
0.040343
0.056193
0.059308
0.040206
0.040903
0.040406
0.042514
0.029054
0.012612
0.015788
0.015604
0.010579
0.0099204
0.013357
0.012696
0.012571
0.0088739
0.0087325
0.0084653
0.0087146
0.0081324
0.011786
0.0078958
0.011964
0.010531
0.011225
0.010281
0.031738
0.024805
0.026105
0.0257
0.024734
0.040372
0.040412
0.056911
0.038984
0.040169
0.040143
0.043102
0.027906
0.043336
0.011837
0.011325
0.011577
0.010551
0.013889
0.0095521
0.0091084
0.0088603
0.01296
0.0089549
0.009228
0.012104
0.0081299
0.011883
0.011997
0.011371
0.032393
0.010185
0.032581
0.032727
0.025152
0.02579
0.026374
0.027593
0.025155
0.040322
0.041101
0.0402
0.038576
0.038451
0.038525
0.040818
0.029388
0.012072
0.01124
0.011119
0.015103
0.014459
0.0092762
0.01344
0.013115
0.0086747
0.0097934
0.0096401
0.0087142
0.008356
0.0078956
0.0081223
0.032986
0.03292
0.032661
0.024978
0.025035
0.032684
0.027385
0.029053
0.026447
0.024782
0.024521
0.017431
0.027269
0.026292
0.025579
0.027081
0.027555
0.028371
0.011896
0.011177
0.011263
0.010912
0.010317
0.013601
0.013411
0.008926
0.0089055
0.008496
0.0085669
0.0082625
0.0080737
0.008269
0.0080725
0.0080943
0.0080204
0.011892
0.032726
0.025182
0.025695
0.025237
0.027396
0.026639
0.024882
0.025558
0.025888
0.026016
0.042086
0.027026
0.04289
0.027628
0.027779
0.011345
0.011907
0.011158
0.012199
0.010551
0.01346
0.0099089
0.0097228
0.010118
0.0099161
0.010136
0.0093332
0.008479
0.0080372
0.0078752
0.0078451
0.026436
0.026048
0.025351
0.0253
0.0077334
0.0081624
0.027272
0.025752
0.024822
0.027202
0.028411
0.017667
0.025752
0.028747
0.027047
0.028209
0.027169
0.011961
0.0094464
0.012688
0.012229
0.010932
0.01021
0.0098849
0.010356
0.011196
0.010185
0.0068615
0.0094715
0.0089348
0.0082721
0.0085347
0.026569
0.02621
0.027613
0.026091
0.025068
0.025005
0.0086244
0.026167
0.025971
0.025954
0.02721
0.025877
0.027144
0.025962
0.027026
0.027948
0.028998
0.018213
0.013565
0.012895
0.0093424
0.011579
0.011806
0.011079
0.010746
0.0083375
0.0072682
0.0070795
0.0098957
0.0094864
0.0087202
0.0083043
0.01198
0.025906
0.02664
0.026907
0.026484
0.018325
0.026181
0.027382
0.024783
0.025128
0.027194
0.026516
0.027714
0.017497
0.027945
0.027074
0.029026
0.017916
0.029596
0.011958
0.012017
0.012299
0.011863
0.011936
0.011265
0.011699
0.0074535
0.0072982
0.0071547
0.00691
0.010774
0.006538
0.0090757
0.0092477
0.0092363
0.027743
0.027679
0.018434
0.017856
0.02796
0.027138
0.025451
0.0278
0.029123
0.027707
0.028699
0.017532
0.019206
0.027073
0.017637
0.028207
0.017259
0.011443
0.012695
0.012897
0.0091315
0.012291
0.011231
0.01187
0.010541
0.0073262
0.007101
0.0098012
0.0068117
0.0094488
0.0093615
0.0092457
0.0094791
0.027284
0.0089695
0.0096035
0.009134
0.029157
0.02708
0.027345
0.018164
0.018125
0.018088
0.027253
0.01739
0.018993
0.027811
0.027469
0.027458
0.028998
0.014047
0.0095104
0.010401
0.012682
0.0089366
0.0082901
0.010749
0.010463
0.010554
0.0084068
0.0086654
0.0067586
0.0094881
0.0092538
0.0086321
0.0085653
0.0080516
0.0081946
0.0088391
0.009356
0.009275
0.009231
0.028195
0.027314
0.018417
0.027679
0.0272
0.027617
0.01802
0.018019
0.027493
0.019119
0.031448
0.009476
0.009699
0.0094491
0.0096971
0.0094473
0.01181
0.0078271
0.0079995
0.0090231
0.0093545
0.00844
0.0088872
0.0076639
0.0074395
0.0092912
0.0086424
0.0083574
0.0084978
0.0080248
0.0091352
0.0091779
0.0089082
0.017587
0.017679
0.017609
0.017473
0.01893
0.028002
0.017381
0.018004
0.019339
0.0329
0.020614
0.0094784
0.0094934
0.012981
0.013808
0.012259
0.011979
0.0079306
0.0083841
0.0088834
0.0090339
0.0087532
0.0087481
0.0089048
0.0089913
0.0068821
0.0091577
0.0093032
0.0084327
0.0085193
0.0091073
0.0093517
0.017645
0.018261
0.019161
0.019631
0.018055
0.019279
0.017791
0.019121
0.031532
0.032882
0.022058
0.02057
0.01395
0.012714
0.012682
0.0095724
0.0095506
0.011907
0.011272
0.0080602
0.0089071
0.0087131
0.0092718
0.0090211
0.0097911
0.0095187
0.007777
0.0073233
0.0064465
0.0091906
0.0094258
0.0087834
0.0063347
0.018862
0.01824
0.0075761
0.019627
0.019574
0.020372
0.022356
0.035178
0.035139
0.035137
0.021475
0.019066
0.0094878
0.012416
0.012702
0.013767
0.010028
0.0092071
0.0086714
0.0081332
0.009457
0.022863
0.0093262
0.022188
0.0088213
0.0092303
0.0085972
0.0073707
0.0074152
0.0094448
0.009429
0.0067581
0.0063497
0.020252
0.019332
0.0073576
0.0074721
0.018187
0.020615
0.021719
0.033909
0.034335
0.034723
0.021818
0.021061
0.009953
0.012651
0.014019
0.0099136
0.0092738
0.0094607
0.0096355
0.0095998
0.010477
0.010209
0.0099617
0.0084828
0.0084484
0.0076815
0.0077719
0.0077478
0.0085325
0.0067554
0.0064076
0.0070273
0.0071685
0.0063292
0.020719
0.008208
0.019474
0.019626
0.020159
0.021328
0.022074
0.034917
0.022032
0.022569
0.021647
0.013117
0.013031
0.0094413
0.012997
0.010363
0.010665
0.010032
0.010864
0.01096
0.011438
0.0099145
0.0088079
0.007807
0.0076232
0.0078246
0.0077295
0.0081719
0.0068279
0.0078627
0.0068057
0.0072757
0.019423
0.020536
0.020867
0.020767
0.022924
0.020669
0.021597
0.022915
0.023056
0.022584
0.0093554
0.021893
0.012789
0.012732
0.013207
0.012818
0.0099542
0.010953
0.011106
0.011872
0.011864
0.011494
0.011272
0.010016
0.0090563
0.0076556
0.0079018
0.0077298
0.0078783
0.007897
0.0083585
0.0082421
0.0080191
0.0071739
0.0080075
0.021025
0.02243
0.022955
0.021526
0.021857
0.0219
0.0081514
0.0088309
0.0221
0.021595
0.01278
0.01287
0.010455
0.0094656
0.010823
0.011187
0.012326
0.012388
0.012822
0.016292
0.014439
0.010658
0.009685
0.0085278
0.0082424
0.0078927
0.0078101
0.0084682
0.0083292
0.0076706
0.009117
0.0080017
0.0082469
0.0088195
0.022553
0.022545
0.022218
0.02185
0.023088
0.0094788
0.0089093
0.008905
0.0088591
0.0099796
0.010479
0.010868
0.010635
0.011819
0.01202
0.01346
0.012948
0.016399
0.021776
0.016385
0.013454
0.012757
0.010626
0.0087984
0.0079072
0.0078366
0.008974
0.0091088
0.0085013
0.0091939
0.0081479
0.0082575
0.0095834
0.021176
0.019629
0.019023
0.019115
0.022867
0.022935
0.0092279
0.0089023
0.0096004
0.011142
0.011118
0.011393
0.012587
0.0128
0.01396
0.013292
0.013263
0.013016
0.014279
0.020019
0.015781
0.011556
0.010324
0.010054
0.0079532
0.0083659
0.0085286
0.010223
0.0096594
0.0090519
0.0093754
0.0083318
0.0093276
0.02072
0.0071766
0.0062396
0.0065308
0.0082369
0.0094629
0.0094276
0.008924
0.0098612
0.011457
0.01154
0.011958
0.012815
0.013895
0.013329
0.013266
0.013087
0.011849
0.011952
0.018711
0.011916
0.010631
0.010369
0.0087531
0.0079466
0.0079536
0.008553
0.0085356
0.0086462
0.0089131
0.0088663
0.0083035
0.007953
0.0075351
0.0095081
0.0090193
0.0073332
0.0077796
0.0097706
0.0095462
0.0099237
0.0099049
0.012432
0.011557
0.010603
0.01177
0.012677
0.012037
0.013856
0.013609
0.013217
0.012356
0.011741
0.012191
0.02581
0.0097969
0.0081326
0.0077116
0.0076025
0.0082136
0.0079016
0.0081001
0.0084669
0.0085644
0.0077201
0.0076354
0.007653
0.0092321
0.0074055
0.0078488
0.009484
0.023456
0.01041
0.0099539
0.0095545
0.011858
0.012662
0.011939
0.011945
0.013035
0.012834
0.012923
0.013807
0.01357
0.012777
0.026852
0.011529
0.010424
0.010526
0.0078992
0.0074602
0.0073763
0.008371
0.0079302
0.0081527
0.0081415
0.0075217
0.0072159
0.0074752
0.0078472
0.0098655
0.0074346
0.0083147
0.0092003
0.022042
0.023563
0.016053
0.024811
0.011857
0.012683
0.012847
0.012375
0.011925
0.011781
0.012757
0.013341
0.014319
0.01292
0.011593
0.02514
0.010199
0.009449
0.0080478
0.0096464
0.0071223
0.008309
0.0078466
0.0078235
0.0077929
0.0078076
0.0076423
0.0083969
0.0075409
0.0073919
0.0078795
0.0090421
0.009028
0.02487
0.014583
0.024438
0.024954
0.012628
0.012688
0.013992
0.011446
0.012185
0.0126
0.013607
0.012739
0.013703
0.012933
0.012054
0.024625
0.010493
0.0093555
0.021746
0.0070917
0.0078018
0.0078903
0.0081263
0.0080912
0.008527
0.0085013
0.0077777
0.0080013
0.007552
0.0080479
0.0083004
0.0081771
0.023777
0.024468
0.023622
0.022859
0.023233
0.012727
0.01348
0.028527
0.013216
0.011973
0.012086
0.01339
0.012714
0.01371
0.012689
0.026459
0.026196
0.010565
0.009849
0.0099179
0.021469
0.0067329
0.0086364
0.009159
0.0098694
0.0097976
0.0092604
0.0088583
0.0077732
0.0079941
0.0082603
0.020435
0.022978
0.023098
0.023753
0.023714
0.022877
0.02216
0.030444
0.029532
0.03048
0.03063
0.026966
0.011138
0.027999
0.028237
0.011414
0.011342
0.025754
0.02532
0.025716
0.010537
0.023748
0.022154
0.021214
0.022531
0.0093451
0.010757
0.010306
0.01054
0.0099328
0.0078108
0.0083961
0.0088317
0.01008
0.022637
0.023822
0.023798
0.021804
0.022319
0.022807
0.014166
0.031538
0.030473
0.031246
0.012518
0.025577
0.026842
0.028145
0.025288
0.026738
0.026204
0.02637
0.027582
0.026308
0.024217
0.022807
0.021604
0.0096539
0.010398
0.010909
0.014214
0.010722
0.014986
0.0097041
0.0096531
0.010172
0.010153
0.0097778
0.024577
0.02393
0.014705
0.024351
0.023039
0.014775
0.030556
0.029918
0.027511
0.027973
0.026741
0.010879
0.011906
0.026612
0.02784
0.027311
0.028176
0.026145
0.0098576
0.025618
0.024026
0.02431
0.01007
0.024392
0.026632
0.019315
0.015081
0.010914
0.010224
0.024568
0.023433
0.023843
0.023998
0.025004
0.023732
0.028756
0.016473
0.026017
0.029653
0.013003
0.029143
0.029302
0.027017
0.01119
0.011247
0.010925
0.012569
0.029872
0.012731
0.029411
0.012036
0.025173
0.025552
0.025382
0.023383
0.02304
0.010537
0.015579
0.025413
0.02491
0.016811
0.018432
0.023987
0.023201
0.023795
0.023921
0.024897
0.029029
0.029901
0.016949
0.016921
0.02983
0.028845
0.028578
0.0273
0.011581
0.026261
0.01183
0.011892
0.012603
0.013464
0.013319
0.013689
0.012076
0.027635
0.016521
0.011504
0.024873
0.024402
0.024705
0.024296
0.024861
0.024087
0.024989
0.026424
0.024694
0.023967
0.035247
0.023944
0.014208
0.017029
0.016951
0.016968
0.016939
0.029942
0.02963
0.030598
0.029925
0.029492
0.030373
0.01399
0.013275
0.013405
0.013388
0.030111
0.013275
0.013498
0.018247
0.012716
0.011905
0.011704
0.025351
0.023331
0.023702
0.025436
0.023421
0.024308
0.03994
0.024077
0.024111
0.028957
0.023801
0.028813
0.017049
0.017018
0.016987
0.016958
0.031443
0.030728
0.03143
0.028465
0.027104
0.029587
0.029843
0.01398
0.012855
0.028012
0.01299
0.028388
0.01325
0.013349
0.026795
0.027709
0.026238
0.016686
0.025937
0.024188
0.022682
0.023579
0.02653
0.022307
0.037615
0.024075
0.036131
0.043163
0.027753
0.027778
0.017038
0.017008
0.016979
0.03016
0.028629
0.019931
0.030609
0.027173
0.029499
0.030453
0.029394
0.01345
0.029365
0.030235
0.02926
0.013932
0.013691
0.020004
0.028121
0.026552
0.026317
0.026179
0.014489
0.02345
0.023367
0.024267
0.024797
0.023932
0.035654
0.023845
0.040548
0.025754
0.014086
0.017168
0.017029
0.017
0.030524
0.029431
0.030752
0.029646
0.026941
0.029129
0.030365
0.030335
0.029588
0.02801
0.030199
0.030153
0.031046
0.012684
0.013457
0.017842
0.028178
0.024218
0.025316
0.026835
0.0151
0.024329
0.035908
0.03733
0.026743
0.035323
0.037029
0.038798
0.037986
0.029372
0.017083
0.016001
0.016975
0.014242
0.029572
0.029749
0.029163
0.011566
0.028583
0.029777
0.028989
0.028132
0.026997
0.029382
0.029784
0.030658
0.013554
0.03132
0.030541
0.029443
0.026411
0.04193
0.027684
0.018259
0.027081
0.024436
0.026567
0.024006
0.027265
0.024253
0.026365
0.024694
0.015016
0.017043
0.024855
0.017045
0.03085
0.013087
0.029727
0.013161
0.013229
0.02867
0.028861
0.029865
0.029589
0.029395
0.032845
0.02965
0.029679
0.030121
0.021774
0.023578
0.033531
0.02864
0.029384
0.032044
0.030303
0.02705
0.022956
0.037749
0.02398
0.025922
0.028228
0.029701
0.024011
0.023813
0.015459
0.015628
0.029994
0.028703
0.027534
0.02466
0.027129
0.017233
0.025237
0.027929
0.022836
0.023556
0.024541
0.022206
0.014164
0.01589
0.029966
0.02927
0.032021
0.031342
0.031578
0.02538
0.014798
0.016705
0.030693
0.035862
0.036526
0.035958
0.039018
0.034963
0.040648
0.039476
0.037923
0.037406
0.048274
0.028728
0.02691
0.027026
0.025471
0.026644
0.027241
0.025401
0.023614
0.021739
0.024185
0.01597
0.02829
0.027851
0.015254
0.029149
0.03097
0.030064
0.031416
0.032173
0.028448
0.029806
0.026587
0.02872
0.025695
0.028144
0.027365
0.026654
0.040892
0.037578
0.039681
0.038843
0.047287
0.038085
0.018706
0.039522
0.02697
0.030236
0.029548
0.029949
0.022986
0.021736
0.023815
0.023549
0.015534
0.024263
0.014054
0.02589
0.016256
0.04604
0.045703
0.029912
0.030529
0.046377
0.029794
0.027923
0.028369
0.028856
0.027277
0.029151
0.053047
0.040614
0.037595
0.037496
0.041936
0.038298
0.051056
0.037576
0.039528
0.02599
0.024711
0.025881
0.028256
0.023742
0.021538
0.021372
0.026139
0.01694
0.024175
0.045691
0.031412
0.031312
0.03719
0.028686
0.029415
0.037444
0.02986
0.044469
0.037428
0.038394
0.02887
0.036239
0.017584
0.051401
0.045678
0.042828
0.041846
0.035836
0.038027
0.037338
0.038389
0.030323
0.024968
0.024624
0.030709
0.028621
0.022502
0.02138
0.021179
0.026069
0.027896
0.027459
0.02924
0.03021
0.031527
0.032613
0.031369
0.031042
0.038113
0.030315
0.036611
0.034127
0.03582
0.018626
0.018825
0.017576
0.033607
0.05034
0.038765
0.041946
0.037646
0.038225
0.040142
0.039142
0.044655
0.026399
0.027021
0.025626
0.039879
0.022165
0.02138
0.021407
0.025769
0.025602
0.030088
0.027288
0.027692
0.032037
0.043165
0.038328
0.038438
0.019351
0.036482
0.040221
0.033103
0.036118
0.036291
0.017616
0.015578
0.048133
0.047617
0.043917
0.043529
0.044871
0.046465
0.047853
0.046096
0.02837
0.04402
0.026414
0.027444
0.026447
0.023784
0.023462
0.02572
0.042327
0.038539
0.02141
0.018191
0.039023
0.02837
0.020996
0.018866
0.018091
0.018135
0.054462
0.042792
0.018125
0.035163
0.027916
0.032959
0.048596
0.045816
0.043233
0.038551
0.01757
0.044349
0.04406
0.047728
0.039136
0.02871
0.01797
0.044689
0.026953
0.045587
0.026851
0.044475
0.028081
0.027105
0.040496
0.038393
0.01803
0.02042
0.015733
0.021925
0.01927
0.018525
0.01797
0.035413
0.017659
0.03633
0.052895
0.032804
0.049968
0.044446
0.046015
0.042198
0.047142
0.04728
0.031754
0.045501
0.048614
0.040568
0.031335
0.029061
0.019112
0.020236
0.044714
0.01679
0.030447
0.031042
0.029701
0.037648
0.039876
0.020322
0.042337
0.027304
0.042094
0.019151
0.018891
0.01897
0.036842
0.051908
0.052085
0.039833
0.04039
0.038902
0.044478
0.038977
0.042214
0.015674
0.032525
0.049226
0.047921
0.046492
0.041661
0.021739
0.021078
0.021629
0.020321
0.031224
0.017869
0.03102
0.035758
0.030431
0.044554
0.044719
0.026287
0.042197
0.039638
0.02078
0.041597
0.040487
0.042527
0.037578
0.045676
0.037835
0.019015
0.018039
0.037164
0.042239
0.038256
0.040288
0.050419
0.051168
0.027562
0.016096
0.050135
0.015394
0.020848
0.021888
0.021757
0.020312
0.020241
0.021495
0.022049
0.046585
0.021205
0.029493
0.029122
0.015103
0.028449
0.031575
0.028321
0.028261
0.030972
0.032398
0.03115
0.04065
0.038501
0.038326
0.01898
0.036984
0.038016
0.042095
0.046577
0.047999
0.027377
0.032319
0.034603
0.034436
0.031616
0.021587
0.03112
0.030689
0.032553
0.035999
0.021573
0.023045
0.03023
0.029889
0.029534
0.029164
0.028782
0.028465
0.021322
0.028328
0.014951
0.042426
0.039747
0.038209
0.017889
0.044267
0.038952
0.018959
0.033539
0.037018
0.037887
0.042077
0.027432
0.033967
0.015175
0.015918
0.034415
0.016702
0.044802
0.033936
0.021437
0.021155
0.021215
0.022265
0.022333
0.0224
0.020602
0.029582
0.029214
0.028833
0.028491
0.028395
0.014996
0.026082
0.042628
0.021306
0.038195
0.034922
0.046309
0.037973
0.019
0.047864
0.036287
0.042129
0.042814
0.024892
0.02786
0.034517
0.0164
0.034234
0.015974
0.03667
0.03316
0.035954
0.020471
0.020713
0.020629
0.030646
0.022238
0.029988
0.021173
0.029271
0.028892
0.020034
0.028404
0.039365
0.019815
0.019655
0.03797
0.038523
0.035487
0.051025
0.01933
0.018003
0.018848
0.038366
0.044771
0.043139
0.025017
0.024687
0.030642
0.02778
0.03442
0.034257
0.022116
0.037475
0.021029
0.031559
0.020377
0.020656
0.020116
0.022158
0.02133
0.020211
0.019805
0.043447
0.043862
0.029232
0.036758
0.01907
0.019531
0.018217
0.018543
0.033512
0.042608
0.039584
0.040109
0.038839
0.047807
0.043711
0.023051
0.02466
0.027164
0.033662
0.032403
0.022142
0.023007
0.037248
0.022454
0.021801
0.020864
0.021243
0.021882
0.021456
0.022131
0.018799
0.018503
0.021176
0.04447
0.043403
0.043004
0.038876
0.038462
0.037274
0.03474
0.017932
0.027771
0.045983
0.04382
0.039262
0.042221
0.053084
0.02722
0.015862
0.015706
0.04989
0.022729
0.034376
0.034271
0.034441
0.021731
0.021397
0.036346
0.02169
0.020847
0.020389
0.019748
0.021663
0.018861
0.020878
0.020908
0.020452
0.020211
0.028445
0.028288
0.039111
0.037335
0.01935
0.038731
0.027631
0.035316
0.045481
0.04161
0.045197
0.027823
0.028098
0.017818
0.035187
0.030828
0.032528
0.034969
0.037402
0.039113
0.023457
0.036591
0.020969
0.021766
0.021405
0.021114
0.022859
0.021476
0.018928
0.036396
0.029569
0.0292
0.043648
0.015073
0.04305
0.028333
0.037461
0.039784
0.036877
0.035101
0.04612
0.045349
0.036239
0.03597
0.031698
0.032104
0.029787
0.017556
0.051828
0.016563
0.017777
0.039689
0.039376
0.024717
0.021089
0.021412
0.02201
0.022
0.022002
0.022127
0.022058
0.036323
0.021326
0.02966
0.029293
0.01512
0.028543
0.029735
0.041853
0.040198
0.018797
0.01873
0.036231
0.034106
0.035558
0.018315
0.035102
0.037652
0.030485
0.026303
0.044462
0.027056
0.045955
0.035923
0.035837
0.014427
0.022158
0.022256
0.022119
0.022302
0.022765
0.022674
0.022248
0.021725
0.020703
0.030107
0.029757
0.022321
0.043712
0.040626
0.030816
0.039594
0.039316
0.031655
0.038698
0.036311
0.018156
0.03808
0.041315
0.037747
0.017794
0.029339
0.028191
0.015647
0.029948
0.027069
0.032311
0.036334
0.03605
0.022168
0.022898
0.021434
0.021793
0.023191
0.022893
0.021008
0.021857
0.021864
0.030207
0.029859
0.015176
0.01514
0.038598
0.037952
0.032507
0.031008
0.030664
0.040794
0.040876
0.041479
0.040857
0.014747
0.019541
0.034631
0.027283
0.023924
0.024151
0.024332
0.014317
0.015759
0.033436
0.037231
0.024918
0.022154
0.021328
0.021961
0.023123
0.023329
0.023811
0.022832
0.022982
0.030313
0.029967
0.029607
0.021809
0.042146
0.037953
0.039373
0.042571
0.040046
0.041337
0.021773
0.026982
0.025857
0.025801
0.019206
0.018068
0.036869
0.031602
0.02333
0.021269
0.024055
0.031125
0.030654
0.027517
0.022192
0.022167
0.021349
0.022111
0.036872
0.038932
0.039703
0.023061
0.030755
0.030424
0.015232
0.015198
0.026375
0.02897
0.043062
0.020967
0.021884
0.037628
0.020396
0.042734
0.026774
0.019681
0.021676
0.040349
0.018697
0.037639
0.032471
0.031181
0.015561
0.024883
0.015385
0.031035
0.033919
0.022206
0.022181
0.022154
0.022125
0.023219
0.024051
0.023236
0.039172
0.046247
0.044996
0.030198
0.015209
0.015174
0.029093
0.028703
0.026232
0.021919
0.01859
0.040044
0.042473
0.04201
0.038867
0.03872
0.014746
0.021773
0.021612
0.041333
0.033468
0.016356
0.016664
0.016145
0.015918
0.01689
0.022221
0.025641
0.022168
0.022139
0.038087
0.022137
0.022908
0.036151
0.034825
0.030663
0.030321
0.015221
0.015186
0.02922
0.028831
0.03859
0.018796
0.018258
0.042175
0.042415
0.029852
0.028814
0.042297
0.042182
0.039427
0.041441
0.027815
0.040095
0.01771
0.016884
0.016133
0.017357
0.040437
0.028756
0.022211
0.022184
0.022155
0.024953
0.021396
0.021533
0.02016
0.033713
0.046435
0.030449
0.030095
0.015198
0.029351
0.028963
0.028577
0.036944
0.038246
0.04089
0.043146
0.029178
0.028874
0.038124
0.037844
0.037265
0.034522
0.039167
0.036585
0.041509
0.016089
0.01612
0.0168
0.025385
0.030222
0.030046
0.028796
0.024691
0.024164
0.021619
0.018954
0.019954
0.033417
0.039814
0.030582
0.015246
0.021707
0.029486
0.043959
0.039213
0.042171
0.038478
0.030095
0.028715
0.029867
0.037849
0.031575
0.03165
0.032495
0.034212
0.034872
0.016858
0.025674
0.017796
0.018654
0.019118
0.025473
0.025071
0.049681
0.047374
0.027452
0.041403
0.034919
0.020479
0.020736
0.033525
0.046403
0.02344
0.03883
0.038647
0.029625
0.029238
0.028841
0.038871
0.041172
0.036955
0.03026
0.038603
0.032622
0.034641
0.034797
0.033552
0.039542
0.035133
0.024594
0.026135
0.025484
0.025246
0.016799
0.019023
0.022289
0.02334
0.022017
0.029804
0.044465
0.022023
0.02046
0.020264
0.033291
0.031705
0.03291
0.045745
0.045216
0.029769
0.029382
0.028984
0.042294
0.028414
0.031676
0.037495
0.031286
0.033025
0.018633
0.022607
0.036412
0.016067
0.01659
0.04073
0.016905
0.016884
0.016841
0.016812
0.019064
0.022106
0.021686
0.021807
0.021165
0.040452
0.034576
0.020707
0.020485
0.032993
0.034271
0.03297
0.033832
0.04567
0.029918
0.044276
0.037903
0.036413
0.037134
0.016089
0.014347
0.031786
0.016473
0.03418
0.01731
0.016815
0.033729
0.015843
0.041871
0.018082
0.019363
0.016855
0.016826
0.017076
0.022243
0.020864
0.020996
0.020927
0.038175
0.034779
0.032123
0.018203
0.03183
0.020162
0.020121
0.034078
0.038194
0.033384
0.029684
0.038186
0.033939
0.032421
0.01673
0.015368
0.015809
0.016346
0.038548
0.039659
0.034914
0.033399
0.015804
0.016147
0.014026
0.013381
0.016869
0.019047
0.019284
0.030442
0.021561
0.020741
0.020937
0.020737
0.035531
0.026514
0.030304
0.020522
0.029036
0.019758
0.020149
0.038288
0.030232
0.029845
0.022562
0.034525
0.032576
0.016353
0.017119
0.017855
0.03282
0.034127
0.035085
0.0359
0.015751
0.01599
0.015761
0.024701
0.01621
0.019451
0.01654
0.016708
0.042115
0.040075
0.018196
0.020489
0.020262
0.031224
0.028694
0.032317
0.031204
0.020391
0.020536
0.020452
0.030772
0.030398
0.030012
0.029613
0.032765
0.030708
0.031956
0.033581
0.031657
0.031913
0.03277
0.034433
0.033616
0.01395
0.015659
0.014343
0.016151
0.016879
0.015793
0.016881
0.015467
0.022462
0.019097
0.037498
0.018643
0.030297
0.030964
0.028407
0.031783
0.031092
0.021155
0.021686
0.036492
0.022024
0.030572
0.015242
0.029787
0.022071
0.038269
0.033426
0.032502
0.031487
0.031579
0.031779
0.034227
0.035311
0.034884
0.022195
0.014181
0.035788
0.017919
0.016918
0.016683
0.016083
0.021553
0.02139
0.019823
0.019167
0.02906
0.019093
0.019054
0.020774
0.018984
0.019517
0.021466
0.021907
0.022497
0.030753
0.030369
0.015221
0.039141
0.042632
0.043371
0.038682
0.032006
0.033327
0.031451
0.032578
0.032079
0.014264
0.021853
0.033618
0.015927
0.017442
0.039989
0.016897
0.016072
0.025263
0.043501
0.021568
0.019276
0.020898
0.02117
0.021169
0.021531
0.024335
0.022365
0.037103
0.037277
0.022321
0.02242
0.015278
0.042108
0.039813
0.04027
0.043805
0.015078
0.022012
0.039785
0.031919
0.032159
0.021977
0.021952
0.023197
0.034888
0.015778
0.034845
0.034909
0.016807
0.016855
0.022489
0.02292
0.021491
0.021211
0.021018
0.021302
0.02306
0.022197
0.022889
0.021438
0.022176
0.022963
0.031504
0.03114
0.03076
0.045416
0.044801
0.015179
0.043902
0.043325
0.039806
0.037515
0.042737
0.035291
0.028473
0.032381
0.051911
0.048217
0.022346
0.050431
0.032592
0.016053
0.016922
0.025414
0.024385
0.023758
0.02233
0.024424
0.024931
0.022582
0.02102
0.023899
0.021825
0.02089
0.024455
0.023461
0.024601
0.030969
0.043049
0.044494
0.02974
0.015158
0.02631
0.042067
0.038338
0.038453
0.03964
0.031808
0.033781
0.048166
0.03205
0.051868
0.031495
0.034876
0.01602
0.017314
0.025371
0.0225
0.023293
0.023504
0.02518
0.022864
0.024158
0.023235
0.024424
0.043554
0.034036
0.039
0.031918
0.031563
0.031188
0.030794
0.030384
0.022038
0.029527
0.015137
0.042889
0.04229
0.039988
0.04069
0.034953
0.034128
0.035983
0.034813
0.015559
0.015646
0.036401
0.039871
0.019207
0.022562
0.022526
0.025384
0.022446
0.022404
0.022361
0.022317
0.02228
0.022249
0.025034
0.021927
0.038082
0.048266
0.031786
0.023726
0.02239
0.022687
0.023561
0.022744
0.029317
0.028877
0.043244
0.028392
0.028332
0.041638
0.036233
0.03654
0.034484
0.015939
0.035799
0.039902
0.024905
0.016934
0.022587
0.022552
0.022514
0.022474
0.022433
0.023102
0.022349
0.022305
0.022272
0.02224
0.022819
0.036874
0.036992
0.023715
0.023735
0.023079
0.022829
0.023153
0.018696
0.01832
0.022196
0.022554
0.023109
0.024629
0.02385
0.035034
0.043337
0.040748
0.016894
0.016899
0.038874
0.017032
0.018592
0.022612
0.022578
0.022541
0.022503
0.022464
0.022423
0.025061
0.024213
0.022296
0.025132
0.022231
0.02792
0.024687
0.022417
0.022337
0.021651
0.022515
0.019411
0.018906
0.018529
0.022043
0.017775
0.02249
0.024465
0.039293
0.024275
0.028234
0.023597
0.038512
0.040201
0.023813
0.024645
0.018088
0.051827
0.051585
0.051794
0.05009
0.049312
0.049066
0.048539
0.047693
0.047882
0.04915
0.047667
0.063168
0.046767
0.047299
0.047673
0.048521
0.06097
0.061127
0.032981
0.058752
0.039291
0.039281
0.031645
0.031668
0.032042
0.032266
0.032679
0.032934
0.034075
0.033635
0.033199
0.034066
0.03373
0.069951
0.051754
0.051869
0.069505
0.049951
0.049681
0.049457
0.048685
0.047939
0.065206
0.048974
0.063382
0.046288
0.061562
0.061889
0.048342
0.060694
0.061919
0.032883
0.031759
0.031736
0.039413
0.039189
0.031182
0.031102
0.032598
0.033632
0.033485
0.034216
0.033882
0.034508
0.033626
0.034291
0.053437
0.07266
0.07074
0.052169
0.050096
0.050166
0.049597
0.04902
0.048723
0.049621
0.065127
0.050341
0.06436
0.063034
0.062829
0.06301
0.060678
0.061087
0.03379
0.040722
0.0325
0.04064
0.032764
0.032092
0.031994
0.033185
0.033866
0.034264
0.034983
0.034276
0.028451
0.042808
0.034486
0.056663
0.072828
0.053831
0.051771
0.050699
0.04973
0.050238
0.066218
0.065071
0.049816
0.051843
0.049988
0.053103
0.066017
0.066359
0.06485
0.062902
0.061621
0.061726
0.033083
0.040029
0.032848
0.032256
0.033659
0.034049
0.0343
0.034722
0.034246
0.03413
0.035602
0.028805
0.034862
0.027199
0.055782
0.054073
0.044268
0.054735
0.051626
0.049913
0.05054
0.049028
0.065844
0.065903
0.067213
0.055845
0.054003
0.066065
0.029167
0.035843
0.064644
0.062324
0.061846
0.062039
0.060767
0.041154
0.033547
0.034366
0.034361
0.035353
0.035921
0.035265
0.034293
0.027171
0.027292
0.034013
0.035307
0.05628
0.055876
0.056134
0.04353
0.052254
0.051143
0.050866
0.051227
0.053502
0.06501
0.0652
0.055698
0.054536
0.028494
0.028052
0.063694
0.062794
0.062291
0.063123
0.062401
0.034573
0.034267
0.034985
0.035878
0.035484
0.027383
0.028911
0.027196
0.035445
0.027365
0.034361
0.044184
0.028216
0.056153
0.053682
0.072557
0.054179
0.051299
0.051999
0.052905
0.051038
0.051426
0.052259
0.052453
0.067141
0.054572
0.0289
0.036474
0.028629
0.063253
0.064904
0.063088
0.035416
0.064236
0.034767
0.044685
0.028614
0.030981
0.029427
0.030109
0.029111
0.029194
0.028102
0.035092
0.027771
0.027587
0.055521
0.055222
0.053464
0.053885
0.051766
0.058034
0.058021
0.051903
0.041703
0.055599
0.057066
0.055127
0.05417
0.054531
0.054175
0.052966
0.052329
0.054272
0.065836
0.036467
0.035788
0.028459
0.029095
0.028423
0.029115
0.029935
0.030917
0.028904
0.030821
0.031293
0.035513
0.044154
0.044097
0.056551
0.055744
0.054143
0.053444
0.053093
0.060209
0.062415
0.059776
0.056953
0.06861
0.055237
0.055157
0.065387
0.052678
0.065004
0.066227
0.055253
0.053423
0.065854
0.035285
0.043992
0.044706
0.036012
0.03012
0.029915
0.030813
0.030406
0.02893
0.030335
0.030958
0.028391
0.043652
0.042619
0.056115
0.055168
0.05422
0.056374
0.044423
0.045521
0.063354
0.060028
0.068911
0.068616
0.067558
0.066729
0.065613
0.064272
0.039876
0.065609
0.053484
0.029036
0.064312
0.035164
0.035367
0.034791
0.03095
0.031382
0.030841
0.031676
0.029231
0.031338
0.029952
0.028923
0.027339
0.044314
0.034086
0.058298
0.054865
0.055583
0.054821
0.057221
0.044557
0.061859
0.057705
0.068962
0.067553
0.055424
0.067225
0.063826
0.063698
0.065949
0.065436
0.06467
0.028064
0.052203
0.02817
0.036047
0.035307
0.038635
0.03992
0.038964
0.040383
0.03139
0.039442
0.034551
0.035715
0.027357
0.028727
0.044371
0.059277
0.056573
0.055968
0.056533
0.055799
0.044165
0.046007
0.057524
0.068559
0.05454
0.065189
0.065082
0.063181
0.063639
0.049026
0.065666
0.063985
0.053876
0.05356
0.029586
0.03666
0.028431
0.02911
0.030542
0.036519
0.030876
0.031286
0.035882
0.028141
0.034886
0.027961
0.028298
0.035768
0.046579
0.055686
0.055109
0.054354
0.056291
0.058683
0.058542
0.070263
0.068459
0.068514
0.052021
0.051445
0.048556
0.048028
0.065156
0.039837
0.049269
0.050637
0.065458
0.029284
0.028834
0.0656
0.053189
0.029038
0.038973
0.030152
0.029296
0.028469
0.028806
0.027778
0.037236
0.029934
0.03665
0.046886
0.057331
0.070147
0.052545
0.054183
0.045462
0.0633
0.057735
0.056571
0.068854
0.052108
0.052962
0.051531
0.066164
0.040466
0.040101
0.052173
0.052068
0.052728
0.031055
0.029282
0.031328
0.055149
0.029289
0.029394
0.02863
0.029332
0.054322
0.029346
0.037395
0.037758
0.029423
0.036626
0.059389
0.058268
0.055467
0.054596
0.05477
0.071193
0.057679
0.07045
0.05452
0.053431
0.055687
0.05534
0.042346
0.050304
0.040758
0.040954
0.052691
0.056499
0.04221
0.055866
0.055312
0.03126
0.031193
0.053126
0.031059
0.031423
0.02994
0.056427
0.020348
0.026644
0.03097
0.026959
0.039528
0.065732
0.047223
0.055407
0.056102
0.056431
0.056438
0.055296
0.054606
0.067509
0.053284
0.053134
0.042131
0.053397
0.041031
0.042629
0.04284
0.05445
0.058303
0.055652
0.058786
0.058599
0.059212
0.055774
0.053493
0.058775
0.019658
0.05668
0.059015
0.021367
0.02146
0.031941
0.032162
0.031778
0.034523
0.039508
0.05699
0.045058
0.055376
0.04426
0.0549
0.052052
0.053554
0.053491
0.034257
0.027202
0.026585
0.025317
0.043364
0.044213
0.043398
0.057069
0.057515
0.0451
0.058549
0.057869
0.056151
0.03149
0.01984
0.019811
0.039403
0.021725
0.023246
0.022113
0.022282
0.022256
0.058225
0.032134
0.031422
0.032522
0.045467
0.044507
0.04463
0.053954
0.053834
0.05495
0.045057
0.044355
0.045935
0.02913
0.026528
0.042022
0.043654
0.043764
0.059055
0.059291
0.040344
0.046863
0.059501
0.056138
0.019966
0.020621
0.020718
0.060025
0.039302
0.021554
0.026596
0.021726
0.032448
0.055658
0.033973
0.032577
0.049989
0.031331
0.031889
0.031137
0.053341
0.054472
0.028247
0.049575
0.04802
0.047813
0.033511
0.033097
0.026769
0.04495
0.044325
0.059255
0.039944
0.039924
0.059252
0.041144
0.039314
0.021148
0.040821
0.039186
0.05761
0.057477
0.058518
0.032983
0.033506
0.027079
0.057142
0.035943
0.037102
0.033173
0.040483
0.04028
0.039276
0.038251
0.044394
0.048203
0.047676
0.030724
0.030733
0.034011
0.035142
0.033004
0.046647
0.033943
0.04718
0.039995
0.040266
0.06028
0.043707
0.040727
0.040646
0.039825
0.021495
0.058355
0.039241
0.022668
0.027608
0.033927
0.02235
0.03257
0.022949
0.023156
0.035023
0.031561
0.032647
0.03244
0.030415
0.029884
0.030847
0.030314
0.029462
0.03086
0.019576
0.019321
0.018505
0.03221
0.046518
0.047481
0.033173
0.046974
0.044736
0.025505
0.022553
0.040717
0.040861
0.023867
0.023536
0.040433
0.025439
0.034151
0.034271
0.028993
0.02227
0.035792
0.013486
0.012643
0.034611
0.035037
0.035005
0.034832
0.03277
0.03135
0.051346
0.032235
0.019756
0.018989
0.02103
0.034103
0.033471
0.034599
0.028687
0.047348
0.04019
0.044418
0.043939
0.040824
0.040776
0.040672
0.037161
0.027838
0.02027
0.033809
0.024664
0.022199
0.022142
0.033402
0.033624
0.01275
0.032642
0.03449
0.035349
0.022819
0.023275
0.03491
0.033466
0.051998
0.019719
0.020194
0.020919
0.045282
0.036213
0.037813
0.035915
0.046241
0.047226
0.040402
0.041162
0.040429
0.040837
0.023746
0.024456
0.021792
0.022709
0.019932
0.022271
0.025896
0.033585
0.034514
0.021558
0.012638
0.01266
0.035353
0.036156
0.035772
0.03602
0.034968
0.022096
0.021702
0.032277
0.019613
0.020199
0.03928
0.046301
0.036626
0.018785
0.04068
0.034726
0.047704
0.03486
0.039937
0.047346
0.044767
0.040023
0.024079
0.022468
0.026171
0.023433
0.03288
0.021508
0.035061
0.032942
0.022305
0.012694
0.013096
0.0363
0.023042
0.035491
0.033817
0.035385
0.036105
0.034816
0.020566
0.020709
0.020325
0.039674
0.044073
0.053831
0.038215
0.037967
0.049356
0.035085
0.038811
0.040953
0.059572
0.058602
0.039684
0.040726
0.023826
0.033418
0.021695
0.02199
0.019873
0.033525
0.031901
0.025655
0.013723
0.01403
0.013999
0.035707
0.036228
0.036111
0.035808
0.035907
0.021933
0.020692
0.032292
0.019435
0.036182
0.021451
0.043748
0.03951
0.019323
0.036243
0.035691
0.049378
0.059952
0.040978
0.060761
0.059092
0.041081
0.019878
0.020797
0.023491
0.022336
0.032927
0.035354
0.02722
0.026541
0.014171
0.014041
0.014261
0.014324
0.013992
0.023012
0.023492
0.023374
0.022441
0.033258
0.032668
0.031531
0.031433
0.020315
0.022202
0.019381
0.035561
0.04426
0.040016
0.035518
0.036395
0.039715
0.041225
0.025613
0.03568
0.036002
0.022052
0.024355
0.022985
0.03302
0.01942
0.028448
0.025139
0.010115
0.010251
0.013187
0.014263
0.014548
0.014924
0.023936
0.02365
0.052907
0.034758
0.021125
0.020931
0.020709
0.044147
0.044339
0.04149
0.036069
0.038273
0.018844
0.036164
0.046304
0.048025
0.041788
0.041804
0.024022
0.04073
0.025424
0.034772
0.020517
0.021211
0.030964
0.030699
0.027453
0.023971
0.036124
0.012352
0.014013
0.023774
0.02382
0.047676
0.023875
0.040148
0.039489
0.04479
0.041406
0.044263
0.021847
0.037282
0.019028
0.042862
0.042262
0.04005
0.038822
0.035107
0.034253
0.04878
0.0156
0.026851
0.0403
0.025376
0.039933
0.035271
0.019758
0.028656
0.029845
0.028195
0.010023
0.035599
0.035656
0.014047
0.023603
0.044622
0.048138
0.044034
0.038334
0.039454
0.042385
0.045187
0.022071
0.038749
0.01919
0.044749
0.020729
0.042779
0.03924
0.036588
0.035903
0.035569
0.044631
0.033436
0.043905
0.041711
0.040954
0.039504
0.031191
0.034364
0.019759
0.027989
0.028871
0.013603
0.035104
0.036044
0.037137
0.023609
0.049881
0.045751
0.047261
0.02395
0.023917
0.022719
0.02139
0.019924
0.050812
0.031932
0.030351
0.019145
0.01958
0.017943
0.018763
0.034556
0.038657
0.033628
0.032469
0.042572
0.022364
0.020027
0.021075
0.031329
0.039168
0.030972
0.030632
0.020778
0.013247
0.033316
0.035041
0.023011
0.02409
0.056038
0.047846
0.047115
0.047719
0.024129
0.022491
0.034567
0.032311
0.031479
0.030898
0.02955
0.018783
0.029286
0.018781
0.018732
0.020391
0.034942
0.043898
0.032748
0.04597
0.045874
0.03949
0.060353
0.057808
0.020605
0.03019
0.019721
0.022673
0.013708
0.040931
0.032312
0.036651
0.036473
0.036326
0.024355
0.046132
0.052627
0.027453
0.023835
0.022718
0.020712
0.032856
0.03137
0.030997
0.031113
0.029131
0.029211
0.039048
0.04074
0.039675
0.035114
0.033944
0.048699
0.045736
0.024183
0.059428
0.059404
0.020274
0.03076
0.019484
0.021291
0.035764
0.036482
0.034636
0.035572
0.037377
0.023915
0.052304
0.049821
0.034316
0.029418
0.050468
0.02317
0.021891
0.020329
0.019862
0.03121
0.030641
0.029832
0.02207
0.039377
0.04067
0.036487
0.036074
0.033971
0.034974
0.041742
0.043928
0.039698
0.020821
0.033823
0.031677
0.029831
0.031476
0.024137
0.033968
0.035746
0.023068
0.036498
0.023918
0.05438
0.059812
0.032522
0.032961
0.051065
0.025309
0.02272
0.021342
0.020046
0.032244
0.019121
0.033611
0.035001
0.038931
0.037548
0.033944
0.032873
0.034918
0.03243
0.033077
0.037984
0.046402
0.040297
0.058825
0.021142
0.033883
0.020175
0.0096626
0.024091
0.024032
0.036772
0.036125
0.0361
0.037219
0.056822
0.034965
0.035045
0.02892
0.025504
0.023177
0.023796
0.020829
0.020386
0.020191
0.019632
0.036376
0.020601
0.034005
0.033399
0.03233
0.032135
0.031702
0.031273
0.034534
0.035055
0.040997
0.039953
0.022437
0.024133
0.019728
0.023609
0.037706
0.03655
0.036065
0.035739
0.036314
0.024145
0.038645
0.020698
0.030645
0.032175
0.030753
0.028379
0.025067
0.021952
0.020009
0.020218
0.023286
0.041938
0.041526
0.038897
0.038475
0.033602
0.031122
0.04131
0.033528
0.048938
0.048101
0.038394
0.045056
0.02353
0.023547
0.033629
0.023521
0.0097896
0.036528
0.033881
0.033893
0.03597
0.023477
0.036732
0.029988
0.018625
0.034592
0.032053
0.053007
0.043185
0.030411
0.027113
0.04653
0.028301
0.024205
0.034957
0.036905
0.053027
0.045216
0.041203
0.04136
0.050116
0.048315
0.052619
0.052805
0.046082
0.026822
0.02363
0.040809
0.024272
0.024187
0.024152
0.036638
0.0096618
0.036747
0.024106
0.025488
0.026003
0.018266
0.051375
0.031297
0.048443
0.051215
0.027854
0.02973
0.029323
0.028963
0.027802
0.023797
0.033381
0.053255
0.036815
0.026607
0.049443
0.048836
0.034544
0.017696
0.018434
0.04856
0.024636
0.026776
0.039501
0.037723
0.02344
0.025713
0.036385
0.023128
0.024298
0.028995
0.010495
0.024123
0.029841
0.019349
0.052548
0.04278
0.037005
0.029213
0.036166
0.038437
0.045751
0.014916
0.04321
0.047222
0.036455
0.033167
0.052473
0.033217
0.053372
0.035116
0.04875
0.035191
0.028828
0.040997
0.039767
0.059272
0.036497
0.036911
0.036861
0.023162
0.023967
0.023576
0.027261
0.010282
0.029189
0.029091
0.029506
0.025906
0.040429
0.030882
0.039208
0.027468
0.040252
0.029227
0.036887
0.020566
0.034889
0.036211
0.03768
0.024929
0.050012
0.016418
0.048876
0.035729
0.048709
0.041321
0.041515
0.039457
0.057005
0.012707
0.01395
0.014004
0.0096767
0.024296
0.024278
0.036728
0.010189
0.026028
0.027024
0.02575
0.024461
0.04613
0.040115
0.039776
0.046175
0.022481
0.035297
0.037025
0.019988
0.035454
0.024665
0.024831
0.024039
0.048981
0.032861
0.018149
0.046037
0.04125
0.057414
0.059246
0.058896
0.054585
0.051818
0.048689
0.050393
0.046122
0.043914
0.040804
0.038628
0.037259
0.036956
0.03687
0.031734
0.031711
0.031577
0.039403
0.033072
0.033094
0.033267
0.034497
0.034347
0.034017
0.034069
0.034283
0.034158
0.034454
0.035848
0.034264
0.03404
0.033988
0.03384
0.034556
0.027471
0.035466
0.033938
0.051365
0.049698
0.048009
0.046182
0.04313
0.04156
0.040129
0.032107
0.036931
0.035895
0.031392
0.039584
0.039372
0.039716
0.039883
0.033282
0.034553
0.035036
0.03468
0.033889
0.03421
0.034885
0.034825
0.034622
0.034423
0.034722
0.034292
0.034565
0.034581
0.035243
0.035126
0.035829
0.028425
0.053349
0.051065
0.04957
0.045627
0.042769
0.04059
0.038936
0.031931
0.037348
0.03683
0.031387
0.031904
0.03232
0.039993
0.032756
0.03414
0.034786
0.03478
0.035081
0.034253
0.034275
0.035924
0.034854
0.035537
0.034404
0.035166
0.034416
0.035512
0.034795
0.035857
0.035826
0.045884
0.049439
0.053568
0.05121
0.048642
0.046149
0.042876
0.040792
0.039301
0.037414
0.036987
0.036658
0.036593
0.037183
0.032622
0.033079
0.033467
0.034272
0.034536
0.035135
0.035267
0.035516
0.034262
0.035565
0.034969
0.027711
0.035707
0.027691
0.027646
0.034565
0.035107
0.035601
0.027328
0.052226
0.035201
0.053892
0.051867
0.048867
0.047059
0.043519
0.041385
0.039288
0.037953
0.036639
0.036041
0.031445
0.031773
0.033006
0.03348
0.034039
0.034569
0.034982
0.034454
0.034112
0.034308
0.034571
0.034912
0.034805
0.03515
0.035951
0.040139
0.027471
0.035333
0.034831
0.03549
0.0279
0.048862
0.034422
0.053705
0.051366
0.042829
0.04042
0.04435
0.041185
0.040067
0.037991
0.03674
0.036678
0.036917
0.031828
0.033151
0.034256
0.034158
0.034868
0.034276
0.034162
0.035214
0.03398
0.034208
0.034768
0.034725
0.034607
0.034606
0.039831
0.040484
0.03455
0.039738
0.028301
0.034755
0.034058
0.033532
0.0538
0.051192
0.04295
0.047343
0.044382
0.042265
0.040656
0.032242
0.031468
0.031914
0.037255
0.032354
0.034318
0.03418
0.036337
0.036317
0.034953
0.034994
0.035589
0.03371
0.054476
0.034092
0.03614
0.036056
0.034736
0.028561
0.027194
0.035757
0.035389
0.034414
0.027403
0.03438
0.033669
0.047691
0.051627
0.049102
0.046972
0.044712
0.036281
0.04039
0.032574
0.031471
0.032467
0.033447
0.032429
0.033725
0.03517
0.035822
0.040985
0.058195
0.039523
0.035159
0.034041
0.047471
0.055029
0.034114
0.034694
0.050094
0.039374
0.035897
0.035271
0.046967
0.035338
0.034899
0.034565
0.035424
0.046866
0.045009
0.049005
0.046561
0.04441
0.04236
0.039747
0.033301
0.032687
0.032709
0.033447
0.033396
0.034468
0.034464
0.055307
0.040836
0.05522
0.065018
0.034669
0.034309
0.048296
0.054772
0.056662
0.058323
0.04915
0.034972
0.035085
0.049843
0.035273
0.027121
0.035425
0.033958
0.033308
0.047146
0.051615
0.048303
0.04481
0.043636
0.041388
0.040454
0.033121
0.032285
0.032301
0.033827
0.033654
0.048329
0.033996
0.054639
0.039723
0.039251
0.062986
0.048432
0.056188
0.061497
0.055194
0.055215
0.064195
0.056997
0.034367
0.033996
0.034132
0.034689
0.035369
0.057436
0.060053
0.048091
0.047341
0.051601
0.047532
0.045914
0.044112
0.042479
0.056495
0.032424
0.032762
0.032293
0.033299
0.032881
0.033438
0.04906
0.065023
0.039184
0.037617
0.063356
0.063184
0.06302
0.037102
0.062119
0.039233
0.039702
0.039082
0.063761
0.057872
0.057159
0.05718
0.048043
0.056425
0.058852
0.032288
0.047859
0.052891
0.048662
0.046216
0.043226
0.041615
0.057884
0.048425
0.032569
0.032514
0.033858
0.054611
0.049217
0.054893
0.056
0.038442
0.046784
0.053797
0.038386
0.036924
0.037908
0.03826
0.039202
0.05472
0.062598
0.057011
0.048107
0.056545
0.056684
0.060311
0.038
0.036895
0.055359
0.053914
0.052356
0.048791
0.04641
0.044771
0.043865
0.041743
0.034276
0.032385
0.052863
0.055411
0.05602
0.064969
0.055996
0.038584
0.032241
0.039839
0.052811
0.047174
0.053185
0.03845
0.037839
0.055012
0.064735
0.038635
0.056449
0.05628
0.037926
0.03847
0.049458
0.037863
0.037956
0.038517
0.055238
0.052858
0.050356
0.047413
0.058731
0.049004
0.042024
0.047544
0.049031
0.054066
0.06647
0.056599
0.049419
0.039314
0.054761
0.032595
0.041333
0.041659
0.032099
0.047704
0.03831
0.039396
0.038161
0.038735
0.038209
0.061407
0.038635
0.061146
0.048732
0.038271
0.04846
0.052666
0.05278
0.055938
0.053487
0.043955
0.049344
0.040685
0.03937
0.036637
0.034575
0.047844
0.05563
0.054746
0.041516
0.040856
0.038853
0.054744
0.03902
0.059157
0.060735
0.041982
0.032086
0.045418
0.039567
0.037313
0.038382
0.033365
0.054557
0.037614
0.038399
0.054037
0.05135
0.047533
0.048942
0.052024
0.049069
0.046533
0.052058
0.042382
0.049829
0.039486
0.038001
0.036547
0.033724
0.049456
0.056418
0.055764
0.052027
0.053799
0.054018
0.030668
0.039638
0.05992
0.038416
0.041532
0.054302
0.03742
0.063239
0.053921
0.056202
0.054656
0.051644
0.044603
0.033155
0.04065
0.055252
0.031844
0.053192
0.056991
0.047961
0.045539
0.043805
0.040735
0.039103
0.037727
0.03632
0.033301
0.04902
0.053729
0.055241
0.042002
0.039184
0.04013
0.047496
0.046034
0.053392
0.032513
0.032216
0.053728
0.036741
0.037256
0.049299
0.033136
0.040505
0.027524
0.033703
0.044443
0.033783
0.026209
0.040681
0.040279
0.050314
0.049491
0.045767
0.044693
0.042164
0.039414
0.037684
0.040488
0.047077
0.031932
0.050779
0.038802
0.056192
0.056442
0.055402
0.052474
0.040758
0.04047
0.031676
0.053984
0.049587
0.049569
0.049633
0.033426
0.033161
0.040374
0.045965
0.045758
0.033311
0.033557
0.031949
0.040562
0.039961
0.050822
0.048869
0.049193
0.044966
0.042465
0.040244
0.0436
0.060209
0.060545
0.050427
0.048475
0.054244
0.039036
0.050647
0.032182
0.039357
0.044636
0.031751
0.049644
0.054488
0.032165
0.046418
0.032153
0.031599
0.027557
0.055792
0.055724
0.033705
0.039725
0.041588
0.040119
0.044698
0.039731
0.060637
0.057265
0.049133
0.047359
0.043391
0.047749
0.044509
0.0605
0.063724
0.053686
0.050872
0.056415
0.051617
0.038755
0.032428
0.052993
0.038954
0.041276
0.032564
0.049219
0.053254
0.033357
0.054713
0.047274
0.053608
0.032265
0.053575
0.056649
0.048274
0.0407
0.039671
0.039926
0.05168
0.062956
0.058063
0.048092
0.047331
0.053545
0.048572
0.048144
0.050721
0.054054
0.038265
0.055257
0.05615
0.05353
0.05521
0.042067
0.041156
0.040911
0.052009
0.05269
0.052592
0.052781
0.041262
0.042163
0.047105
0.062933
0.033194
0.033169
0.040839
0.032979
0.040223
0.044964
0.045032
0.054779
0.057083
0.051521
0.048396
0.053571
0.052603
0.041004
0.048108
0.051406
0.041232
0.060913
0.054535
0.056364
0.055025
0.055396
0.038738
0.046326
0.030715
0.051223
0.05145
0.051249
0.031268
0.051993
0.04651
0.045158
0.055797
0.063227
0.033055
0.033465
0.031562
0.039029
0.038773
0.038078
0.056547
0.062061
0.054762
0.05041
0.06393
0.059978
0.052019
0.048657
0.059981
0.039491
0.039811
0.039362
0.055246
0.05634
0.047
0.051836
0.04616
0.042657
0.038199
0.045324
0.04453
0.055993
0.05867
0.058757
0.052797
0.055965
0.055812
0.052023
0.040591
0.051736
0.03853
0.038012
0.037175
0.055648
0.066371
0.059351
0.073028
0.068624
0.041084
0.048801
0.061725
0.059993
0.057127
0.057232
0.053103
0.05617
0.031884
0.047413
0.058741
0.047587
0.055107
0.050038
0.056597
0.05099
0.058035
0.20545
0.059052
0.21032
0.047767
0.06324
0.061461
0.04699
0.050884
0.053234
0.041083
0.040524
0.043329
0.075184
0.093801
0.073905
0.066267
0.041149
0.060632
0.053248
0.062188
0.061465
0.056058
0.041912
0.042955
0.057529
0.046524
0.058694
0.05283
0.057916
0.057973
0.18202
0.059262
0.052124
0.21258
0.059486
0.060895
0.040172
0.060007
0.20942
0.050201
0.050668
0.043264
0.046487
0.046072
0.046888
0.16445
0.11505
0.08285
0.083352
0.041707
0.041675
0.060271
0.040998
0.060314
0.052759
0.043021
0.043428
0.040698
0.058054
0.057422
0.058735
0.20308
0.20234
0.057932
0.05855
0.05271
0.05348
0.053785
0.053155
0.058774
0.051164
0.0586
0.04401
0.043894
0.043235
0.036088
0.043697
0.027266
0.18961
0.13411
0.040863
0.042305
0.042238
0.054931
0.041276
0.041439
0.042064
0.054838
0.033588
0.043349
0.042198
0.056886
0.058797
0.058917
0.059007
0.20194
0.060301
0.059797
0.052565
0.058623
0.057146
0.058828
0.05155
0.053243
0.050592
0.056896
0.05735
0.04288
0.042481
0.052173
0.05149
0.25359
0.1643
0.12136
0.043474
0.042693
0.058306
0.041344
0.042009
0.055686
0.05518
0.059551
0.059308
0.058307
0.050786
0.058487
0.05923
0.053116
0.053002
0.059221
0.059347
0.05927
0.20973
0.20276
0.05848
0.058189
0.057068
0.056073
0.055317
0.055937
0.042358
0.028916
0.053023
0.053185
0.29514
0.21631
0.12766
0.096397
0.087409
0.044239
0.042
0.054687
0.042739
0.054427
0.042786
0.04721
0.053184
0.058621
0.20756
0.20735
0.060117
0.21071
0.058518
0.06069
0.05823
0.057795
0.20513
0.20115
0.056103
0.057072
0.19421
0.17626
0.054322
0.055176
0.029029
0.048255
0.028783
0.29837
0.3274
0.17552
0.14481
0.10246
0.044064
0.05558
0.04364
0.055968
0.058968
0.04351
0.042237
0.055486
0.0538
0.21125
0.05987
0.060457
0.061431
0.21473
0.20703
0.058762
0.058139
0.057709
0.2023
0.18254
0.17759
0.055459
0.17631
0.0539
0.042291
0.036961
0.042768
0.040628
0.30161
0.33591
0.24681
0.14216
0.11832
0.09435
0.075664
0.054993
0.05938
0.035198
0.066802
0.048507
0.05678
0.060065
0.21399
0.21179
0.21364
0.21429
0.21142
0.20952
0.05855
0.059115
0.057783
0.056443
0.17843
0.02233
0.17753
0.18004
0.055453
0.056328
0.039419
0.038631
0.037927
0.33477
0.32864
0.3031
0.20854
0.065711
0.057251
0.056307
0.055723
0.045132
0.045275
0.043929
0.060282
0.068053
0.054832
0.059494
0.20713
0.059491
0.058362
0.059584
0.058014
0.058302
0.051698
0.057697
0.056411
0.19697
0.2004
0.20123
0.20173
0.057171
0.058239
0.055538
0.041987
0.028816
0.3311
0.33356
0.31392
0.32629
0.15499
0.036054
0.036106
0.035909
0.045258
0.035234
0.035072
0.044265
0.059851
0.064096
0.057868
0.051667
0.055332
0.054947
0.058263
0.058876
0.043245
0.055424
0.057191
0.049846
0.055972
0.054822
0.055848
0.05585
0.056077
0.056994
0.055468
0.049035
0.04156
0.3105
0.32861
0.34426
0.34165
0.34096
0.052333
0.035285
0.036075
0.045281
0.03538
0.036317
0.067882
0.044078
0.048993
0.060225
0.058375
0.057869
0.05951
0.058579
0.059009
0.059263
0.052657
0.055907
0.043961
0.056029
0.047441
0.054611
0.054911
0.056972
0.055695
0.055963
0.049699
0.042062
0.31656
0.33986
0.43768
0.45953
0.35367
0.074397
0.042477
0.064122
0.083142
0.088804
0.045545
0.040244
0.065928
0.069827
0.056415
0.053699
0.056243
0.054428
0.060375
0.059455
0.061045
0.05321
0.052807
0.044276
0.030435
0.042447
0.055693
0.048561
0.05375
0.055091
0.04124
0.055584
0.042119
0.33831
0.45093
0.46202
0.65507
0.6146
0.23635
0.5013
0.37416
0.086848
0.094633
0.076651
0.27962
0.26915
0.074359
0.067775
0.047115
0.048232
0.056011
0.052844
0.051564
0.051519
0.052969
0.03989
0.032084
0.040233
0.041193
0.039791
0.041211
0.04174
0.040098
0.040947
0.041523
0.04198
0.44923
0.45494
0.45332
0.24597
0.70203
0.25723
0.22448
0.43619
0.10432
0.036792
0.2291
0.21129
0.21659
0.2174
0.073418
0.23481
0.054656
0.052938
0.041662
0.051889
0.044153
0.054325
0.045518
0.054224
0.031364
0.041695
0.030369
0.051837
0.041956
0.042259
0.040776
0.028961
0.038743
0.45981
0.45638
0.6416
0.24067
0.82412
0.82089
0.28123
0.17383
0.39263
0.34868
0.035669
0.32472
0.029155
0.028896
0.25461
0.063779
0.034407
0.055464
0.042763
0.053405
0.039883
0.040857
0.040373
0.031026
0.051285
0.052869
0.05254
0.029798
0.051263
0.029385
0.038334
0.038116
0.042869
0.47061
0.53911
0.54411
0.70388
0.24417
0.2471
0.27663
0.24466
0.46209
0.35291
0.041828
0.034763
0.037499
0.028849
0.27446
0.042063
0.034796
0.043429
0.0469
0.04223
0.04303
0.041998
0.031852
0.031111
0.052844
0.052442
0.051631
0.029524
0.050424
0.028882
0.04228
0.048746
0.041058
0.53156
0.54587
0.65847
0.65245
0.25222
0.28289
0.27829
0.92455
0.60344
0.45832
0.051625
0.040141
0.039037
0.028644
0.29421
0.038289
0.035669
0.04407
0.042225
0.032565
0.033158
0.033053
0.040138
0.031066
0.052979
0.039949
0.052274
0.029831
0.029025
0.04066
0.044153
0.044209
0.034229
0.5244
0.47212
0.54099
0.65547
0.27769
0.90314
0.2544
0.29512
0.89646
0.57154
0.078036
0.070745
0.035951
0.21728
0.081215
0.083146
0.074043
0.058368
0.041996
0.057463
0.056625
0.050652
0.036896
0.054269
0.031039
0.031672
0.052368
0.051799
0.041854
0.042551
0.040778
0.027735
0.061006
0.53015
0.5331
0.64201
0.6639
0.25279
0.25861
0.61516
0.98434
1
0.82735
0.084626
0.05771
0.043088
0.33147
0.035864
0.036486
0.037355
0.042901
0.033318
0.040178
0.054707
0.055214
0.05385
0.037386
0.031668
0.052826
0.030878
0.030675
0.050041
0.060676
0.060415
0.061068
0.059207
0.050045
0.054316
0.052164
0.043224
0.041055
0.040404
0.038422
0.036259
0.034
0.039633
0.039429
0.039159
0.033761
0.034537
0.034807
0.034276
0.034756
0.034991
0.033426
0.033258
0.052252
0.054283
0.033101
0.033082
0.034043
0.033291
0.053192
0.033009
0.033998
0.033074
0.059052
0.038237
0.048138
0.049929
0.054795
0.045354
0.044742
0.042424
0.039921
0.038438
0.035857
0.034304
0.03951
0.039869
0.039352
0.033584
0.033529
0.033468
0.035046
0.034697
0.033664
0.034634
0.03335
0.034413
0.034827
0.033946
0.033224
0.033577
0.032841
0.032846
0.033304
0.033613
0.03716
0.031358
0.052224
0.048509
0.058593
0.056073
0.046635
0.045349
0.042767
0.04083
0.038318
0.035335
0.034407
0.040269
0.033845
0.033794
0.033606
0.033856
0.034285
0.035073
0.034735
0.033357
0.033395
0.033242
0.03904
0.03449
0.034058
0.032013
0.03223
0.031781
0.033093
0.03299
0.032817
0.030873
0.030661
0.057308
0.050047
0.057699
0.055177
0.045957
0.043415
0.04248
0.040896
0.038384
0.035832
0.03503
0.034123
0.034662
0.035386
0.034698
0.034378
0.033328
0.034194
0.033257
0.033259
0.033316
0.033318
0.032868
0.032626
0.032692
0.037779
0.036541
0.03672
0.037448
0.030944
0.031263
0.030889
0.030594
0.035824
0.057891
0.058305
0.055672
0.045508
0.043159
0.041953
0.040804
0.038078
0.03465
0.034686
0.034619
0.033872
0.035552
0.035221
0.034803
0.034303
0.033769
0.039265
0.033441
0.034411
0.033114
0.032676
0.032058
0.037121
0.037192
0.03673
0.031301
0.035967
0.035394
0.035265
0.030683
0.052127
0.030202
0.054785
0.049984
0.054831
0.052987
0.043645
0.042548
0.040517
0.038168
0.035001
0.034881
0.036572
0.035347
0.034494
0.034993
0.034805
0.039906
0.03356
0.033346
0.034036
0.033833
0.032818
0.032448
0.032266
0.036644
0.036492
0.03646
0.031055
0.035748
0.035954
0.035304
0.034165
0.030369
0.05166
0.030388
0.052359
0.047988
0.053512
0.050812
0.043271
0.040006
0.038139
0.034557
0.034158
0.035685
0.034704
0.034446
0.035376
0.034364
0.034606
0.034715
0.034132
0.034158
0.033755
0.032919
0.033138
0.032358
0.031731
0.036599
0.036
0.031242
0.030818
0.036496
0.035437
0.035051
0.03469
0.034213
0.02946
0.052226
0.04958
0.045795
0.043339
0.042883
0.041025
0.0389
0.036006
0.035137
0.035018
0.035038
0.034504
0.035277
0.034371
0.034731
0.034191
0.034397
0.03447
0.034385
0.032461
0.038113
0.037055
0.036715
0.036521
0.036039
0.03618
0.031491
0.035237
0.030275
0.035087
0.034943
0.034516
0.028963
0.052027
0.049737
0.046807
0.04386
0.043713
0.04161
0.039498
0.036978
0.035558
0.035432
0.035555
0.035559
0.035711
0.035444
0.035225
0.034993
0.033955
0.033481
0.032792
0.032504
0.037367
0.031872
0.03192
0.036353
0.030895
0.035921
0.035996
0.035167
0.034755
0.029823
0.02972
0.034771
0.029247
0.052183
0.048809
0.046715
0.045416
0.043706
0.041588
0.04003
0.036901
0.035387
0.035537
0.036352
0.035088
0.034852
0.035317
0.036181
0.035804
0.034666
0.03432
0.034058
0.032661
0.03237
0.032838
0.033122
0.031592
0.030665
0.035693
0.030233
0.034785
0.03448
0.030543
0.030073
0.034644
0.034227
0.051887
0.050594
0.048765
0.046975
0.045312
0.042966
0.040714
0.038512
0.036608
0.037403
0.036685
0.036792
0.036414
0.036296
0.036963
0.035961
0.036021
0.035117
0.033972
0.032979
0.034017
0.033074
0.03299
0.032821
0.031201
0.030982
0.030532
0.06042
0.029555
0.029752
0.03039
0.02971
0.029206
0.052664
0.051108
0.049502
0.048018
0.045314
0.043354
0.041096
0.038332
0.037137
0.036167
0.036592
0.03613
0.037117
0.031473
0.037031
0.035926
0.036553
0.034921
0.035202
0.034101
0.03383
0.033501
0.033521
0.033026
0.03211
0.056894
0.052707
0.056176
0.052636
0.052823
0.030773
0.030277
0.029928
0.053345
0.051321
0.048969
0.047396
0.044663
0.043306
0.041184
0.038584
0.037027
0.036281
0.036536
0.036373
0.03715
0.031181
0.036217
0.036778
0.035692
0.035473
0.034459
0.034927
0.033848
0.054923
0.054164
0.053681
0.053796
0.05431
0.054156
0.05558
0.05496
0.054879
0.029743
0.030045
0.029805
0.053943
0.051807
0.05059
0.048511
0.045392
0.042988
0.041163
0.038256
0.036924
0.037134
0.031703
0.037266
0.031287
0.031572
0.03116
0.030938
0.035709
0.035246
0.035285
0.035172
0.056127
0.0559
0.033062
0.032316
0.031647
0.031929
0.031241
0.054709
0.05354
0.058523
0.030869
0.053876
0.059586
0.0558
0.053505
0.050298
0.049486
0.046222
0.043544
0.041103
0.038693
0.036791
0.03149
0.031778
0.03134
0.031782
0.036443
0.050143
0.030703
0.036633
0.036423
0.03589
0.029476
0.035147
0.035158
0.054911
0.057352
0.054996
0.032043
0.031178
0.055026
0.059926
0.054525
0.058402
0.048426
0.049376
0.056537
0.05436
0.051776
0.049726
0.045812
0.043592
0.04183
0.038952
0.037336
0.031747
0.037352
0.032223
0.052113
0.057237
0.060753
0.047773
0.030271
0.03161
0.030975
0.030271
0.034486
0.033159
0.055441
0.060923
0.039234
0.057908
0.055497
0.057375
0.052888
0.049491
0.039811
0.058232
0.025214
0.056731
0.054424
0.05307
0.049563
0.046223
0.044452
0.04167
0.039668
0.037232
0.036861
0.03668
0.031687
0.031706
0.049467
0.057759
0.057165
0.036251
0.049565
0.048689
0.048499
0.035155
0.057848
0.060318
0.054211
0.060314
0.053132
0.053153
0.039095
0.060827
0.040311
0.060671
0.058601
0.041539
0.056561
0.055093
0.052663
0.050263
0.046985
0.045927
0.043736
0.040358
0.033745
0.036816
0.037106
0.037296
0.036777
0.031422
0.050391
0.03515
0.055694
0.048331
0.035639
0.058366
0.03547
0.040257
0.039436
0.054002
0.054072
0.061471
0.060283
0.025711
0.048457
0.042111
0.045773
0.040122
0.037305
0.057572
0.055865
0.052875
0.056307
0.048471
0.047027
0.044169
0.041973
0.040263
0.037521
0.037431
0.037318
0.036952
0.036419
0.057113
0.054779
0.054805
0.059228
0.058866
0.041226
0.050704
0.054692
0.041072
0.051228
0.063455
0.061321
0.051823
0.038743
0.042153
0.046483
0.046384
0.046971
0.048535
0.059667
0.055637
0.06802
0.049466
0.05793
0.040866
0.038396
0.036733
0.034588
0.037809
0.031438
0.036772
0.036615
0.031231
0.057686
0.055571
0.034947
0.061412
0.059343
0.043495
0.040952
0.062306
0.063716
0.027578
0.063206
0.061577
0.059663
0.026153
0.046996
0.047907
0.049735
0.04698
0.03689
0.062894
0.05673
0.064222
0.052831
0.0506
0.041888
0.046098
0.037062
0.035386
0.033188
0.036767
0.036995
0.031682
0.031624
0.057165
0.056057
0.058529
0.052032
0.062756
0.062734
0.052431
0.054226
0.027804
0.063043
0.043135
0.042195
0.026536
0.042757
0.046631
0.050591
0.049788
0.049139
0.048187
0.066197
0.059963
0.058497
0.051067
0.049865
0.052192
0.046484
0.037697
0.036663
0.039905
0.037042
0.031327
0.031677
0.052937
0.031037
0.056912
0.06357
0.048618
0.032415
0.058869
0.0439
0.061597
0.042861
0.027039
0.041046
0.043601
0.042631
0.046656
0.047791
0.050867
0.18277
0.17357
0.047163
0.068946
0.060913
0.055845
0.053351
0.059353
0.058478
0.047148
0.038942
0.037281
0.040253
0.032037
0.031516
0.036824
0.036549
0.057808
0.047915
0.0622
0.03334
0.048475
0.053209
0.052167
0.0637
0.040386
0.044272
0.038162
0.047627
0.038294
0.047688
0.18048
0.18332
0.16547
0.17636
0.048053
0.07378
0.064011
0.057682
0.054503
0.062711
0.059023
0.048069
0.046203
0.038182
0.041061
0.032621
0.037404
0.031282
0.031458
0.036462
0.047311
0.036053
0.046879
0.046828
0.052942
0.035429
0.038271
0.047386
0.046421
0.047247
0.047535
0.047379
0.049972
0.17912
0.18073
0.18153
0.17934
0.17515
0.082279
0.068186
0.060399
0.05619
0.062515
0.059863
0.049128
0.046454
0.039498
0.049944
0.033698
0.037519
0.037386
0.036534
0.051384
0.050376
0.056367
0.054378
0.054625
0.029566
0.052945
0.046572
0.041907
0.050981
0.050063
0.04537
0.050252
0.050561
0.049936
0.17762
0.17935
0.049484
0.17595
0.10896
0.076927
0.065366
0.058521
0.054645
0.052809
0.050575
0.047545
0.049088
0.050668
0.034563
0.037518
0.048719
0.051795
0.0601
0.032691
0.056902
0.056808
0.038264
0.042968
0.028996
0.035317
0.038945
0.045391
0.050916
0.045404
0.049825
0.181
0.18099
0.05088
0.17946
0.17658
0.16114
0.16168
0.095206
0.11801
0.091888
0.077483
0.062624
0.059146
0.049618
0.050675
0.05325
0.053624
0.048761
0.057369
0.062155
0.054044
0.054101
0.029338
0.039488
0.044822
0.043174
0.064313
0.045573
0.028185
0.045221
0.047922
0.049274
0.049893
0.17729
0.050166
0.050017
0.17665
0.049472
0.17581
0.18239
0.18746
0.14833
0.10515
0.083401
0.066726
0.052189
0.053709
0.061462
0.053056
0.062315
0.049702
0.062099
0.036684
0.063361
0.043173
0.065482
0.041855
0.046563
0.065946
0.064166
0.027874
0.027718
0.044744
0.044827
0.049997
0.18175
0.05006
0.049811
0.17715
0.17741
0.048905
0.048961
0.16317
0.22342
0.075844
0.038793
0.05192
0.052114
0.063728
0.06253
0.061973
0.062688
0.063148
0.037805
0.039646
0.052087
0.046247
0.055997
0.039351
0.041188
0.066159
0.06571
0.055154
0.053669
0.041739
0.039232
0.044256
0.04961
0.050093
0.049875
0.17538
0.17716
0.048977
0.044873
0.044986
0.29462
0.326
0.20357
0.068826
0.06217
0.064238
0.052962
0.039477
0.063049
0.054588
0.052318
0.039235
0.039629
0.060785
0.058424
0.029551
0.066361
0.03515
0.041753
0.04135
0.040999
0.045294
0.041019
0.044923
0.047176
0.050321
0.049981
0.17524
0.049567
0.048414
0.048554
0.046189
0.047862
0.33907
0.31435
0.38186
0.15869
0.065352
0.046601
0.041664
0.059916
0.038789
0.041687
0.063445
0.063571
0.063247
0.062569
0.031123
0.040543
0.03709
0.030177
0.041521
0.047212
0.051793
0.039918
0.045569
0.0444
0.043993
0.044457
0.04936
0.049421
0.050281
0.043882
0.04943
0.049094
0.049449
0.46042
0.47237
0.50806
0.1054
0.051852
0.046011
0.040434
0.034425
0.053349
0.059171
0.06414
0.032955
0.032518
0.042331
0.041198
0.059628
0.030912
0.03688
0.041879
0.047997
0.044967
0.048172
0.04826
0.038969
0.048079
0.04738
0.044046
0.049909
0.050559
0.043873
0.049542
0.049621
0.047624
0.67179
0.5771
0.66788
0.38341
0.17837
0.046317
0.064921
0.066342
0.0558
0.033442
0.033235
0.065133
0.063469
0.031635
0.037592
0.031202
0.058507
0.03047
0.039044
0.042022
0.048988
0.044771
0.047891
0.048586
0.04978
0.046508
0.047573
0.038405
0.050305
0.049757
0.05046
0.049729
0.045135
0.66201
0.23594
0.80964
0.76618
0.1933
0.047155
0.066396
0.055008
0.055852
0.060357
0.065819
0.067538
0.064169
0.062444
0.038622
0.037061
0.048125
0.030622
0.03003
0.043255
0.040046
0.046897
0.046364
0.053602
0.046831
0.050437
0.049701
0.049796
0.045469
0.051158
0.050592
0.044729
0.18053
0.66616
0.671
0.23957
0.69376
0.54007
0.081138
0.065591
0.064756
0.057459
0.056667
0.054551
0.066437
0.064089
0.032638
0.061185
0.060166
0.060236
0.059422
0.057607
0.056131
0.046561
0.041589
0.05001
0.046158
0.051674
0.045225
0.050228
0.044393
0.050188
0.044316
0.049537
0.049613
0.050103
0.67247
0.66853
0.68298
0.69042
0.64648
0.19981
0.054591
0.06429
0.054606
0.042265
0.055537
0.053137
0.063183
0.033056
0.031726
0.047732
0.058468
0.058403
0.031663
0.05628
0.054993
0.065622
0.04154
0.047021
0.046555
0.051569
0.04827
0.049968
0.050025
0.044675
0.044326
0.044191
0.050143
0.67715
0.67541
0.24706
0.71917
0.67334
0.6139
0.091698
0.067669
0.065967
0.042034
0.041893
0.060037
0.053045
0.060439
0.060469
0.038975
0.057387
0.030296
0.036818
0.055167
0.035899
0.029237
0.042416
0.054333
0.046912
0.046249
0.052388
0.049897
0.04874
0.049952
0.18311
0.18444
0.047068
0.26848
0.24863
0.24984
0.70894
0.58882
0.69132
0.22278
0.14196
0.044968
0.044529
0.041333
0.063983
0.038367
0.037376
0.046986
0.038086
0.057914
0.056942
0.030231
0.057567
0.028794
0.041575
0.040225
0.047863
0.054076
0.04591
0.045131
0.04951
0.048995
0.045466
0.052133
0.053033
0.045737
0.85832
0.2755
0.8136
0.25052
0.60653
0.59839
0.42089
0.35138
0.077157
0.056567
0.041181
0.062565
0.039356
0.040498
0.051541
0.059588
0.071113
0.058582
0.030963
0.036602
0.055171
0.046696
0.046013
0.049493
0.049671
0.051491
0.048578
0.048563
0.048218
0.047377
0.047291
0.053203
0.051673
0.2742
0.25179
0.69051
0.82509
0.24655
0.78514
0.7207
0.48864
0.065814
0.06306
0.098111
0.052576
0.061882
0.052289
0.031696
0.070708
0.030397
0.031029
0.029086
0.055976
0.066653
0.041558
0.041355
0.041242
0.041418
0.052034
0.049454
0.044475
0.04013
0.047306
0.047183
0.045888
0.047538
0.27377
0.2496
0.27593
0.26812
0.69754
0.62402
0.61264
0.54194
0.27319
0.15898
0.039348
0.04881
0.040015
0.031871
0.059523
0.044944
0.037473
0.04284
0.047907
0.028916
0.04162
0.052333
0.051674
0.040313
0.05195
0.050286
0.049637
0.042316
0.044373
0.042038
0.044265
0.047316
0.047066
0.88826
0.27436
0.26809
0.26851
0.68927
0.68823
0.49389
0.56246
0.57165
0.15672
0.10018
0.048463
0.048848
0.060903
0.0312
0.045066
0.052704
0.054217
0.052574
0.04309
0.042518
0.041546
0.052164
0.040428
0.040598
0.049427
0.052417
0.043527
0.044656
0.039716
0.044431
0.055491
0.047633
0.051253
0.037869
0.047591
0.047429
0.047413
0.074244
0.075273
0.074226
0.074478
0.053978
0.042479
0.052827
0.050579
0.050407
0.050483
0.05013
0.050444
0.048677
0.069588
0.069226
0.068595
0.049783
0.068406
0.037516
0.068934
0.067848
0.048415
0.048547
0.04654
0.046888
0.064376
0.072747
0.039871
0.041451
0.074585
0.038231
0.038052
0.036967
0.073941
0.040552
0.075422
0.075216
0.073779
0.053785
0.052527
0.050839
0.050565
0.0502
0.049548
0.049931
0.049346
0.051081
0.049913
0.069427
0.065363
0.064745
0.066142
0.067269
0.067089
0.048675
0.054193
0.052971
0.053087
0.041118
0.072418
0.039336
0.041305
0.073208
0.074068
0.037753
0.053827
0.073705
0.039637
0.040145
0.052724
0.043673
0.04244
0.052296
0.050754
0.050298
0.049892
0.050226
0.050075
0.050048
0.050667
0.070612
0.068097
0.066608
0.065964
0.035745
0.03689
0.066039
0.047006
0.053215
0.046618
0.053319
0.073386
0.040349
0.040175
0.074119
0.073846
0.073786
0.075053
0.073709
0.053986
0.074792
0.0747
0.060112
0.043551
0.053724
0.051027
0.050417
0.050999
0.049417
0.050183
0.050188
0.049975
0.051113
0.070111
0.067672
0.068607
0.036716
0.036655
0.065328
0.064797
0.054443
0.073011
0.072783
0.072822
0.04064
0.039566
0.047702
0.075083
0.073128
0.054683
0.07449
0.074831
0.054983
0.075625
0.055028
0.054486
0.073662
0.053713
0.051215
0.049835
0.050245
0.049412
0.050359
0.050111
0.049995
0.049908
0.049086
0.047847
0.03762
0.036545
0.045696
0.036429
0.036375
0.064966
0.052028
0.052816
0.072426
0.070816
0.039099
0.038587
0.042082
0.075555
0.074666
0.073384
0.074648
0.074265
0.075422
0.053254
0.052715
0.053907
0.053329
0.051672
0.049249
0.050377
0.050288
0.049858
0.049827
0.050013
0.050508
0.068161
0.048014
0.048802
0.067262
0.035493
0.035592
0.06497
0.046835
0.072945
0.072507
0.07142
0.070323
0.038421
0.048229
0.054386
0.039655
0.038688
0.038717
0.038724
0.075874
0.07459
0.053272
0.054963
0.074419
0.052863
0.050625
0.069432
0.050242
0.049498
0.04885
0.049098
0.04986
0.049806
0.050023
0.068713
0.047114
0.074007
0.040946
0.035692
0.074239
0.073707
0.072248
0.071197
0.071402
0.070741
0.03891
0.048201
0.053891
0.050453
0.039263
0.038834
0.075606
0.073905
0.054357
0.075433
0.06075
0.054048
0.052193
0.051016
0.050293
0.049698
0.049566
0.047622
0.049316
0.050556
0.050562
0.049969
0.049997
0.047372
0.073359
0.0357
0.06457
0.035611
0.041198
0.073013
0.072005
0.07169
0.039627
0.037611
0.036965
0.053997
0.041149
0.039359
0.076391
0.076034
0.039837
0.075996
0.054525
0.075375
0.073271
0.071112
0.051042
0.049624
0.049066
0.049266
0.049462
0.049943
0.050057
0.050454
0.051091
0.068512
0.067356
0.074597
0.073469
0.064772
0.064875
0.035269
0.040644
0.040602
0.039508
0.04888
0.049985
0.049453
0.05354
0.050775
0.077885
0.076619
0.077875
0.077076
0.04496
0.053349
0.0747
0.05307
0.071406
0.051347
0.050273
0.049942
0.04958
0.049509
0.050646
0.051064
0.050482
0.050439
0.050856
0.048904
0.046905
0.064956
0.065334
0.064946
0.043725
0.035398
0.043866
0.050951
0.03795
0.037731
0.04847
0.054493
0.049953
0.050258
0.077435
0.076079
0.056643
0.062552
0.054744
0.07476
0.05186
0.05184
0.051396
0.04969
0.050394
0.050375
0.050099
0.069499
0.051428
0.050529
0.050363
0.049395
0.048845
0.054002
0.053563
0.064736
0.0442
0.044119
0.032648
0.040482
0.044038
0.044811
0.037852
0.049665
0.043933
0.040457
0.048915
0.039247
0.039801
0.031539
0.061508
0.044285
0.075451
0.052193
0.051026
0.049549
0.048558
0.050165
0.049436
0.05021
0.050285
0.050021
0.049856
0.049084
0.048339
0.048448
0.048159
0.047116
0.065428
0.036573
0.035372
0.035081
0.044241
0.033545
0.035294
0.043701
0.049888
0.054739
0.050426
0.0494
0.049423
0.039844
0.031431
0.076539
0.055161
0.074147
0.072197
0.05042
0.050033
0.049248
0.049731
0.049627
0.050162
0.050911
0.049194
0.049063
0.048341
0.047509
0.048252
0.04873
0.066285
0.067016
0.066764
0.036535
0.036956
0.045419
0.045033
0.044931
0.040961
0.032619
0.054471
0.051141
0.04897
0.048661
0.039906
0.049382
0.075135
0.053766
0.075055
0.071799
0.047066
0.050669
0.068763
0.049068
0.050115
0.050167
0.049284
0.047915
0.049876
0.048455
0.048282
0.048263
0.049216
0.048814
0.048547
0.048315
0.036786
0.045495
0.044912
0.045458
0.044994
0.032657
0.038158
0.055675
0.051754
0.050615
0.039911
0.038844
0.039777
0.07525
0.039657
0.039654
0.038434
0.037808
0.037889
0.069813
0.050206
0.049531
0.049496
0.068479
0.068742
0.049552
0.048635
0.04941
0.04935
0.049399
0.067632
0.067471
0.047438
0.067267
0.036482
0.044929
0.032744
0.033769
0.034214
0.044115
0.055405
0.052786
0.049378
0.048806
0.038535
0.039167
0.075512
0.075397
0.072956
0.038429
0.038724
0.071094
0.071584
0.050325
0.050282
0.048861
0.049829
0.069198
0.06844
0.068025
0.049517
0.048792
0.049172
0.049584
0.068328
0.069427
0.037666
0.046971
0.04599
0.033552
0.034342
0.035176
0.045487
0.056517
0.053489
0.051143
0.048031
0.047428
0.048788
0.07635
0.076621
0.073037
0.039571
0.073886
0.07203
0.052324
0.051725
0.050996
0.050074
0.050186
0.068551
0.068303
0.068662
0.068103
0.048854
0.049604
0.068184
0.069547
0.038024
0.046512
0.046339
0.034374
0.034317
0.045644
0.034915
0.046928
0.056416
0.054179
0.05182
0.050578
0.04943
0.049776
0.076338
0.049251
0.039756
0.074407
0.073872
0.073992
0.072659
0.052753
0.051684
0.050602
0.050221
0.050121
0.067945
0.067667
0.067449
0.049309
0.068311
0.068212
0.037557
0.046294
0.034048
0.034094
0.034779
0.034492
0.034607
0.045936
0.033311
0.059097
0.055511
0.053279
0.049414
0.050231
0.040175
0.077059
0.031462
0.076395
0.074604
0.073269
0.073229
0.071942
0.052352
0.071512
0.050861
0.049694
0.068881
0.067862
0.037714
0.067645
0.068337
0.068359
0.068927
0.03851
0.035609
0.046804
0.034565
0.034556
0.035578
0.034421
0.033862
0.033321
0.06209
0.058325
0.055029
0.050964
0.040112
0.040706
0.077736
0.06245
0.031905
0.03151
0.072923
0.072481
0.058788
0.058929
0.071072
0.070929
0.068851
0.06893
0.068458
0.037913
0.038795
0.068455
0.038647
0.069201
0.069132
0.038305
0.047131
0.034901
0.035152
0.034763
0.034238
0.033371
0.034059
0.05643
0.0588
0.055959
0.052017
0.050421
0.047993
0.039518
0.040167
0.040191
0.039735
0.073408
0.072669
0.048834
0.070754
0.07116
0.070847
0.07118
0.071397
0.068919
0.068429
0.049698
0.068406
0.049734
0.038035
0.047879
0.03622
0.04649
0.034588
0.035526
0.034553
0.034252
0.034279
0.034282
0.059746
0.06727
0.056951
0.054427
0.051317
0.047239
0.04576
0.048738
0.048244
0.038717
0.038772
0.038634
0.070805
0.071342
0.038518
0.039547
0.070887
0.070563
0.069655
0.070489
0.051076
0.049616
0.065887
0.037583
0.046596
0.035
0.034009
0.033748
0.034697
0.034905
0.034964
0.03357
0.033827
0.07161
0.073771
0.061611
0.053696
0.051547
0.047055
0.044756
0.042857
0.048015
0.047754
0.047977
0.047473
0.049043
0.03953
0.069829
0.03827
0.038249
0.068115
0.04929
0.05031
0.049758
0.0377
0.037631
0.068024
0.046439
0.034604
0.034592
0.034175
0.034628
0.034025
0.034031
0.033461
0.032859
0.079007
0.068247
0.067642
0.055429
0.05147
0.047925
0.045847
0.046195
0.040343
0.047559
0.047674
0.047699
0.04756
0.04908
0.048799
0.038282
0.038191
0.069057
0.049757
0.068001
0.06853
0.068118
0.069265
0.06832
0.046577
0.046808
0.045945
0.034138
0.034025
0.033728
0.033662
0.033069
0.033415
0.094037
0.063862
0.055822
0.062242
0.053393
0.049967
0.046804
0.04333
0.048149
0.038632
0.036546
0.03492
0.046157
0.046816
0.04801
0.037767
0.038248
0.068766
0.068925
0.068515
0.0679
0.069066
0.037487
0.037724
0.037636
0.036837
0.046008
0.044279
0.033225
0.034053
0.034063
0.032792
0.032727
0.12865
0.083973
0.068702
0.052695
0.055408
0.052456
0.054505
0.044256
0.04172
0.039529
0.038193
0.035513
0.045545
0.042409
0.046831
0.04736
0.069834
0.038255
0.037543
0.068986
0.037852
0.047363
0.038149
0.047055
0.037159
0.036423
0.036059
0.035712
0.032873
0.032824
0.032682
0.038803
0.03263
0.17373
0.10462
0.075869
0.064464
0.056794
0.053889
0.049115
0.045198
0.042842
0.041567
0.038305
0.037046
0.034723
0.04535
0.036421
0.036975
0.047707
0.046997
0.047413
0.047911
0.038251
0.034917
0.046879
0.036052
0.036202
0.035781
0.065059
0.04086
0.044411
0.051327
0.032689
0.032422
0.032744
0.18294
0.15225
0.077294
0.069308
0.058719
0.054636
0.050436
0.047582
0.043989
0.042365
0.040423
0.037585
0.046193
0.046355
0.042406
0.045717
0.033772
0.046604
0.046898
0.047851
0.038616
0.047234
0.046843
0.035952
0.045304
0.041012
0.040964
0.051207
0.03288
0.032898
0.038295
0.03255
0.032762
0.18032
0.18139
0.12117
0.078275
0.063705
0.056696
0.054018
0.051559
0.04865
0.045204
0.041864
0.039072
0.036122
0.046473
0.053226
0.047113
0.046944
0.041806
0.036327
0.037038
0.047112
0.074693
0.04162
0.041483
0.040902
0.041092
0.073176
0.040695
0.05083
0.038971
0.039079
0.038886
0.038811
0.17954
0.1793
0.16709
0.094368
0.069995
0.060743
0.054986
0.051581
0.048697
0.047045
0.043381
0.040063
0.036289
0.035369
0.046492
0.053499
0.042188
0.041772
0.07529
0.037063
0.03701
0.045379
0.042026
0.073707
0.074884
0.041141
0.040775
0.040001
0.051018
0.051127
0.038474
0.038125
0.037949
0.18199
0.18396
0.18451
0.13549
0.080113
0.063775
0.057025
0.052977
0.049979
0.048357
0.044883
0.041557
0.038712
0.035419
0.047077
0.046464
0.046491
0.041521
0.036448
0.046971
0.036303
0.045546
0.073879
0.05417
0.075239
0.040618
0.051521
0.050883
0.038335
0.038497
0.03748
0.037367
0.03799
0.17956
0.18495
0.18534
0.17523
0.087563
0.072346
0.062255
0.055524
0.051886
0.048956
0.044878
0.042726
0.040272
0.035988
0.047904
0.04261
0.036367
0.036556
0.042226
0.03638
0.046061
0.041753
0.065201
0.075024
0.073819
0.040905
0.050241
0.037063
0.036951
0.037613
0.038226
0.037597
0.037912
0.17801
0.17987
0.18503
0.18609
0.12758
0.072306
0.066555
0.056855
0.053287
0.050542
0.045608
0.041919
0.040368
0.038195
0.047199
0.04869
0.036807
0.046214
0.04623
0.03631
0.036017
0.036102
0.074873
0.073877
0.073334
0.040353
0.039033
0.036891
0.037141
0.037589
0.037456
0.037375
0.037955
0.18242
0.18061
0.16463
0.16412
0.15909
0.10509
0.072428
0.061397
0.054563
0.051187
0.046137
0.043891
0.040497
0.039385
0.036642
0.048737
0.036957
0.036539
0.036528
0.04668
0.034334
0.036506
0.036169
0.041361
0.040151
0.040281
0.049401
0.049296
0.037437
0.037622
0.037501
0.037019
0.03727
0.18244
0.18423
0.16581
0.17057
0.16412
0.15107
0.084402
0.065935
0.057154
0.052286
0.047853
0.04472
0.041641
0.045928
0.047209
0.035823
0.047892
0.047369
0.034771
0.034704
0.034875
0.046541
0.042076
0.073875
0.041333
0.050314
0.049951
0.037294
0.038436
0.038469
0.037528
0.037013
0.03677
0.18061
0.18503
0.16384
0.16784
0.16526
0.15888
0.11115
0.072519
0.059614
0.053674
0.049247
0.046138
0.044144
0.046207
0.038998
0.036934
0.035215
0.046794
0.047772
0.035353
0.035114
0.033499
0.041506
0.045908
0.038739
0.050583
0.051092
0.037071
0.037741
0.037719
0.037139
0.037664
0.03725
0.18681
0.16346
0.18566
0.16361
0.16676
0.18477
0.15895
0.084431
0.06501
0.055473
0.052272
0.048831
0.046105
0.043013
0.040377
0.03792
0.04741
0.04675
0.0483
0.047086
0.034918
0.034203
0.033789
0.033148
0.038987
0.037919
0.050735
0.037539
0.037211
0.037458
0.037403
0.038212
0.037087
0.1851
0.18595
0.16304
0.16605
0.16559
0.18616
0.17986
0.12226
0.074949
0.060544
0.055467
0.05119
0.046606
0.044848
0.040681
0.03949
0.036294
0.047227
0.037396
0.047266
0.046415
0.033649
0.033554
0.033509
0.038823
0.050097
0.039503
0.049797
0.037473
0.037202
0.037673
0.037725
0.036668
0.18465
0.16328
0.16316
0.16565
0.1844
0.18499
0.18201
0.17324
0.099045
0.068813
0.057855
0.053326
0.050408
0.047974
0.044412
0.040477
0.03792
0.035347
0.034545
0.04705
0.033762
0.033539
0.038573
0.038591
0.037673
0.036961
0.039765
0.039119
0.048863
0.037251
0.038465
0.037073
0.036818
0.18558
0.18575
0.16434
0.16369
0.16481
0.16397
0.18451
0.18304
0.15037
0.083873
0.065166
0.056089
0.053126
0.049548
0.048763
0.048093
0.04671
0.047235
0.05336
0.046682
0.053508
0.052572
0.038678
0.050669
0.036782
0.049115
0.037588
0.03678
0.048261
0.037579
0.038164
0.037467
0.036617
0.18563
0.16503
0.18773
0.16755
0.18724
0.18668
0.16448
0.18489
0.18403
0.13113
0.076548
0.062568
0.056313
0.052496
0.047448
0.047487
0.054451
0.046558
0.054538
0.052964
0.039056
0.038515
0.038861
0.038285
0.037123
0.037038
0.03733
0.036913
0.03715
0.037908
0.037549
0.037361
0.037101
0.18256
0.18648
0.185
0.18771
0.1631
0.187
0.16471
0.16247
0.16371
0.17886
0.10807
0.070617
0.059898
0.053844
0.049665
0.044667
0.042179
0.054007
0.041699
0.041086
0.052
0.03882
0.039356
0.039298
0.038174
0.037834
0.037549
0.036954
0.037383
0.038109
0.03786
0.037986
0.037357
0.060697
0.060563
0.0532
0.052468
0.059596
0.051423
0.058972
0.057712
0.056475
0.055977
0.054903
0.074749
0.073821
0.04104
0.072602
0.072909
0.072882
0.073062
0.073556
0.071952
0.073784
0.050885
0.073003
0.040072
0.037178
0.037197
0.037041
0.037255
0.037994
0.03702
0.037406
0.037441
0.037241
0.060593
0.053536
0.052735
0.059845
0.052116
0.058953
0.057796
0.057561
0.0558
0.055991
0.054136
0.041302
0.073716
0.072819
0.040631
0.072907
0.073636
0.072717
0.071853
0.071612
0.072473
0.040698
0.040615
0.040602
0.037625
0.037567
0.037271
0.037218
0.037084
0.037002
0.036782
0.036776
0.036853
0.073514
0.073259
0.053726
0.052639
0.081855
0.080327
0.078697
0.07819
0.076439
0.075727
0.075855
0.075508
0.054248
0.072951
0.040172
0.040497
0.072728
0.072655
0.071781
0.074973
0.065441
0.074877
0.035644
0.051225
0.037795
0.037047
0.036926
0.036949
0.036362
0.03586
0.036132
0.036298
0.036344
0.073781
0.075336
0.054109
0.072616
0.08202
0.081196
0.042143
0.041949
0.042069
0.07692
0.07571
0.074594
0.074997
0.040653
0.040153
0.051401
0.041182
0.040919
0.073636
0.041305
0.035877
0.066825
0.073451
0.050215
0.037194
0.048758
0.036322
0.035883
0.035798
0.036278
0.036239
0.036207
0.035763
0.077093
0.074684
0.074443
0.073801
0.081683
0.042687
0.042406
0.042033
0.054034
0.07628
0.075831
0.074379
0.040484
0.051877
0.040794
0.052809
0.042224
0.045718
0.036063
0.035605
0.075004
0.041062
0.050277
0.037314
0.037246
0.036601
0.036136
0.035859
0.035797
0.035442
0.035435
0.035286
0.035229
0.077032
0.055311
0.075995
0.073633
0.071527
0.080457
0.036863
0.054918
0.042415
0.041988
0.041472
0.040228
0.03901
0.039215
0.041268
0.041472
0.046234
0.046345
0.045747
0.041192
0.040876
0.050764
0.050604
0.037191
0.036804
0.036834
0.035755
0.03584
0.03557
0.035756
0.035087
0.054029
0.046551
0.056215
0.0771
0.055049
0.074544
0.074252
0.03722
0.037159
0.047858
0.047086
0.03636
0.041769
0.04037
0.03862
0.052667
0.052632
0.053083
0.053788
0.03342
0.033636
0.041706
0.040218
0.049932
0.049116
0.048458
0.036167
0.035899
0.036126
0.035519
0.035097
0.035738
0.035221
0.034863
0.046852
0.077119
0.077639
0.077023
0.076456
0.074047
0.072355
0.072644
0.038117
0.046968
0.046587
0.051775
0.052865
0.052703
0.039128
0.053012
0.052393
0.045973
0.036534
0.041772
0.072886
0.072271
0.049983
0.049192
0.036886
0.048253
0.035906
0.036191
0.035686
0.046608
0.036243
0.035935
0.035793
0.047713
0.043121
0.079232
0.077242
0.075352
0.038191
0.037632
0.046953
0.036792
0.048398
0.046447
0.046174
0.039422
0.039335
0.039025
0.038745
0.051654
0.03346
0.041185
0.074083
0.073385
0.039753
0.039472
0.037445
0.037062
0.036495
0.036474
0.036378
0.03571
0.036226
0.036401
0.03614
0.036795
0.036806
0.04285
0.077281
0.076214
0.073758
0.039437
0.038638
0.038758
0.036884
0.03472
0.034029
0.053455
0.039455
0.038901
0.052655
0.0413
0.072495
0.050357
0.040396
0.074081
0.07358
0.040102
0.048998
0.037432
0.037969
0.037115
0.037348
0.036459
0.03588
0.035914
0.035697
0.036557
0.037153
0.03785
0.042689
0.041279
0.075845
0.073075
0.073598
0.074446
0.074167
0.048247
0.034003
0.039625
0.053978
0.053292
0.040922
0.052169
0.041581
0.040292
0.050685
0.051849
0.041116
0.040738
0.040535
0.039379
0.03774
0.03729
0.037247
0.037427
0.036756
0.037342
0.036741
0.0365
0.036482
0.037617
0.037275
0.054588
0.040302
0.037555
0.074805
0.073554
0.053008
0.073095
0.046634
0.040228
0.052867
0.033517
0.033699
0.039109
0.040244
0.050785
0.050948
0.051289
0.041099
0.051012
0.040382
0.039857
0.040015
0.037669
0.038348
0.038142
0.037175
0.037096
0.037197
0.037815
0.037747
0.036559
0.037855
0.037414
0.053346
0.040096
0.072942
0.060075
0.071788
0.07352
0.037562
0.036552
0.033949
0.052289
0.03907
0.052941
0.038487
0.050759
0.050236
0.050548
0.051395
0.038934
0.039335
0.05179
0.050805
0.049579
0.048755
0.037562
0.038954
0.037506
0.037926
0.037822
0.038168
0.038172
0.037317
0.038129
0.037807
0.048704
0.082308
0.08088
0.059598
0.081387
0.042867
0.036907
0.053187
0.053587
0.052916
0.052311
0.052686
0.052835
0.051671
0.037989
0.05134
0.052134
0.051423
0.051387
0.051896
0.051006
0.0498
0.036442
0.037104
0.037228
0.037159
0.037049
0.037338
0.037989
0.038016
0.037924
0.037851
0.037391
0.049059
0.044643
0.08074
0.081295
0.081255
0.042383
0.041972
0.052777
0.040402
0.051542
0.051135
0.05187
0.050951
0.037924
0.038255
0.051004
0.038714
0.050961
0.037479
0.050826
0.049926
0.04959
0.036578
0.036851
0.036754
0.036161
0.036397
0.036611
0.03717
0.037828
0.037334
0.037737
0.037312
0.051301
0.046512
0.08197
0.080448
0.041385
0.079758
0.041789
0.0527
0.053002
0.052098
0.05125
0.038086
0.050816
0.050493
0.050313
0.050162
0.050816
0.0397
0.040299
0.039682
0.071613
0.049541
0.036843
0.03654
0.03676
0.036704
0.036798
0.037103
0.038081
0.037781
0.03791
0.037864
0.037841
0.066889
0.058621
0.042676
0.041233
0.041026
0.078443
0.04189
0.052441
0.041622
0.041617
0.041313
0.050898
0.040366
0.050359
0.050135
0.050792
0.040205
0.050178
0.050798
0.071647
0.039032
0.03931
0.049267
0.036454
0.036133
0.036427
0.036372
0.036801
0.037288
0.037404
0.038285
0.037901
0.037848
0.068844
0.057844
0.05591
0.050885
0.04073
0.040703
0.041215
0.041551
0.051693
0.051824
0.051186
0.040874
0.036967
0.037324
0.050145
0.050113
0.040066
0.039884
0.050381
0.039607
0.039644
0.039227
0.038897
0.036303
0.036827
0.036853
0.03692
0.037013
0.038
0.037839
0.03259
0.032283
0.037944
0.071467
0.06077
0.055683
0.053088
0.051159
0.048314
0.045774
0.050939
0.051632
0.039221
0.050796
0.037912
0.037449
0.037631
0.037234
0.037875
0.049806
0.050337
0.038781
0.039508
0.049099
0.049287
0.036716
0.048841
0.036966
0.037087
0.037484
0.037971
0.038058
0.032728
0.038004
0.032472
0.037238
0.064994
0.059837
0.056547
0.054512
0.052398
0.049796
0.047283
0.044181
0.04172
0.050844
0.038619
0.049642
0.03796
0.037705
0.037892
0.049863
0.039294
0.069267
0.069805
0.039528
0.048403
0.049336
0.036068
0.036834
0.036945
0.037278
0.038033
0.038339
0.038071
0.038025
0.038051
0.037168
0.037385
0.0822
0.068755
0.057631
0.056313
0.053249
0.050051
0.047304
0.044369
0.049558
0.03892
0.050197
0.039799
0.037873
0.038188
0.050065
0.050097
0.039241
0.070329
0.070016
0.039674
0.050541
0.037097
0.037027
0.036696
0.036477
0.037041
0.037739
0.037866
0.037469
0.037948
0.03783
0.037581
0.050597
0.072813
0.073099
0.061708
0.0557
0.053691
0.050809
0.048161
0.045629
0.050029
0.050153
0.037334
0.049099
0.05009
0.040178
0.040469
0.072085
0.071273
0.069848
0.071001
0.071623
0.039616
0.037166
0.03703
0.03667
0.036588
0.03655
0.036442
0.036979
0.037005
0.037053
0.037832
0.038252
0.051694
0.07962
0.069491
0.066932
0.057319
0.053509
0.051589
0.049969
0.046464
0.043368
0.040785
0.037386
0.048786
0.049889
0.049532
0.050814
0.039548
0.070683
0.071085
0.070959
0.039239
0.050694
0.038752
0.050425
0.051334
0.037546
0.03709
0.036801
0.036959
0.037159
0.037528
0.037307
0.03705
0.051264
0.087751
0.071809
0.063751
0.060483
0.043873
0.05244
0.050297
0.050867
0.044341
0.048653
0.04866
0.048065
0.049281
0.040079
0.050401
0.049919
0.071836
0.071374
0.070721
0.039261
0.038366
0.038605
0.03896
0.050811
0.039587
0.050569
0.050738
0.037546
0.036614
0.037087
0.037132
0.038261
0.03753
0.10532
0.078412
0.064635
0.053803
0.05758
0.042036
0.040823
0.040734
0.050582
0.04909
0.049227
0.039192
0.038934
0.039886
0.040264
0.050628
0.072291
0.038858
0.038362
0.070092
0.069957
0.039196
0.03956
0.039462
0.03841
0.050084
0.050132
0.038008
0.037196
0.03708
0.050377
0.037627
0.03706
0.1496
0.090918
0.091253
0.058516
0.048546
0.04383
0.041053
0.051543
0.050006
0.050972
0.050814
0.050738
0.040436
0.050201
0.039182
0.050893
0.05144
0.049898
0.039006
0.039313
0.071442
0.039553
0.051132
0.039158
0.038947
0.050399
0.050486
0.037994
0.038136
0.038132
0.037863
0.037455
0.037339
0.13347
0.12087
0.10607
0.082186
0.052988
0.056749
0.041313
0.049671
0.049689
0.050719
0.051086
0.051078
0.051032
0.050963
0.05119
0.038422
0.038353
0.050723
0.050652
0.039337
0.038934
0.050583
0.039468
0.038532
0.038263
0.049556
0.038811
0.050652
0.050828
0.037281
0.037143
0.037634
0.037232
0.1382
0.15151
0.10079
0.077105
0.06043
0.048126
0.042591
0.040537
0.048108
0.050131
0.050716
0.041062
0.050834
0.051803
0.051835
0.052821
0.051128
0.051109
0.039483
0.05114
0.039705
0.070849
0.072059
0.038284
0.038445
0.070007
0.070318
0.071481
0.037042
0.037059
0.036807
0.038097
0.03793
0.17877
0.17473
0.12712
0.11032
0.066103
0.052198
0.044469
0.041276
0.04991
0.049315
0.040044
0.05111
0.050918
0.040574
0.051544
0.051596
0.037779
0.036767
0.050694
0.040064
0.052244
0.052389
0.039611
0.038647
0.038511
0.038397
0.050833
0.050978
0.036775
0.036446
0.036666
0.037566
0.036726
0.13898
0.11125
0.15261
0.1269
0.094421
0.072617
0.046937
0.053511
0.050543
0.049506
0.045339
0.051575
0.041528
0.040563
0.051204
0.05102
0.051207
0.037645
0.039451
0.051208
0.05269
0.051315
0.039544
0.039111
0.050949
0.050024
0.036071
0.036585
0.036503
0.037105
0.037413
0.036846
0.036558
0.13444
0.15107
0.15019
0.11616
0.10996
0.066934
0.082405
0.044575
0.040508
0.050604
0.05113
0.052018
0.051688
0.039911
0.039672
0.039753
0.039127
0.050301
0.05151
0.037946
0.051471
0.051599
0.05017
0.051413
0.050986
0.036727
0.038681
0.038359
0.050904
0.036482
0.037243
0.037304
0.036388
0.13625
0.13433
0.14936
0.14878
0.10592
0.09569
0.058973
0.047463
0.042475
0.040216
0.051557
0.05127
0.040361
0.03996
0.050839
0.050003
0.049421
0.036925
0.038061
0.038432
0.038273
0.037616
0.051632
0.052107
0.050463
0.050845
0.038362
0.05129
0.050036
0.036202
0.036785
0.037845
0.036445
0.17685
0.17522
0.17476
0.1488
0.095156
0.094839
0.09447
0.053108
0.045385
0.041664
0.040883
0.040259
0.04039
0.075723
0.040004
0.040012
0.051729
0.037922
0.038459
0.038286
0.037922
0.037616
0.037321
0.037039
0.051057
0.050472
0.050688
0.050508
0.038856
0.051325
0.051921
0.037049
0.037458
0.18016
0.17638
0.1344
0.12144
0.095749
0.10552
0.079575
0.089936
0.081867
0.08074
0.041057
0.041276
0.040423
0.07612
0.054685
0.039868
0.051429
0.038086
0.038393
0.038513
0.038977
0.03756
0.051707
0.037483
0.051738
0.03973
0.050548
0.039265
0.05063
0.03725
0.037127
0.036961
0.037025
0.17249
0.17631
0.12415
0.1219
0.096583
0.11756
0.092916
0.069581
0.05308
0.079718
0.04072
0.078025
0.04009
0.076462
0.075659
0.040671
0.04067
0.038215
0.038457
0.037922
0.038466
0.039111
0.039063
0.052332
0.052595
0.051079
0.05184
0.051083
0.051476
0.03706
0.037089
0.036898
0.036432
0.15254
0.12569
0.12603
0.09666
0.096492
0.09526
0.13214
0.096101
0.067004
0.080189
0.079047
0.078352
0.040177
0.040006
0.040957
0.041088
0.041801
0.053235
0.039046
0.03912
0.039037
0.038408
0.03888
0.052713
0.038386
0.051239
0.051675
0.05166
0.051932
0.052364
0.036904
0.037224
0.036922
0.15432
0.15033
0.12342
0.12268
0.095687
0.11923
0.12084
0.096175
0.069904
0.061768
0.080394
0.040923
0.079302
0.05269
0.04051
0.078828
0.077793
0.041967
0.039239
0.033638
0.039073
0.03929
0.054547
0.053851
0.052661
0.051621
0.052173
0.039735
0.05216
0.051206
0.036633
0.039856
0.039122
0.17319
0.15393
0.19623
0.15193
0.12317
0.12064
0.097398
0.098355
0.071711
0.068275
0.060382
0.081274
0.079992
0.080595
0.079406
0.077894
0.078464
0.042558
0.039437
0.041793
0.053633
0.053866
0.054424
0.05298
0.039165
0.052139
0.040004
0.04021
0.03757
0.037149
0.037085
0.051913
0.036714
0.13537
0.13762
0.1247
0.15139
0.12316
0.09678
0.09827
0.086674
0.070431
0.070638
0.065483
0.083468
0.082715
0.081942
0.080347
0.079833
0.078052
0.078513
0.052675
0.041049
0.041469
0.041951
0.036395
0.037053
0.04591
0.038596
0.041289
0.051508
0.050807
0.03776
0.038456
0.037648
0.037739
0.11353
0.11322
0.11128
0.088269
0.098668
0.098345
0.098825
0.099209
0.072005
0.071628
0.070095
0.063942
0.08252
0.074353
0.08158
0.080765
0.041746
0.078523
0.041627
0.04188
0.041734
0.036366
0.03627
0.047886
0.047165
0.053138
0.041443
0.040894
0.072693
0.052646
0.052103
0.038069
0.037281
0.13958
0.088984
0.089892
0.091698
0.08775
0.064548
0.08881
0.11128
0.1104
0.073427
0.07229
0.068995
0.085889
0.074242
0.061242
0.059283
0.05862
0.058124
0.078136
0.041929
0.045963
0.046182
0.047905
0.037134
0.035948
0.036245
0.074426
0.041055
0.0737
0.052499
0.051731
0.050968
0.037749
0.11504
0.11341
0.090274
0.11461
0.089467
0.065938
0.08949
0.089352
0.09101
0.065562
0.065471
0.086949
0.05979
0.054976
0.053288
0.052468
0.059447
0.059411
0.057657
0.0778
0.046475
0.042549
0.037246
0.036403
0.041658
0.052827
0.041458
0.041296
0.052583
0.051744
0.051255
0.037496
0.036964
0.022444
0.02256
0.022425
0.022074
0.057986
0.02036
0.056159
0.0555
0.055404
0.055847
0.054875
0.075537
0.074669
0.074855
0.074788
0.066012
0.037517
0.07046
0.03895
0.048517
0.047179
0.039349
0.039129
0.038316
0.051247
0.051789
0.037575
0.051381
0.037474
0.038097
0.032507
0.046836
0.051498
0.022431
0.022559
0.022615
0.059494
0.058884
0.020327
0.019211
0.055966
0.05577
0.055896
0.074981
0.066559
0.073734
0.040707
0.041242
0.041974
0.036108
0.037118
0.048093
0.034751
0.034362
0.03321
0.038741
0.03832
0.052005
0.037641
0.037613
0.037519
0.038398
0.032714
0.032532
0.032665
0.051107
0.022747
0.023016
0.0226
0.022536
0.059226
0.020483
0.019458
0.055579
0.055327
0.055097
0.075107
0.075046
0.074343
0.040674
0.052481
0.053567
0.033536
0.045969
0.045976
0.034271
0.03316
0.038729
0.037674
0.03841
0.037786
0.053279
0.053001
0.038533
0.037966
0.038356
0.032832
0.04038
0.05198
0.023317
0.022461
0.02256
0.022592
0.058982
0.056751
0.055472
0.055003
0.054516
0.074115
0.074994
0.040714
0.073568
0.040863
0.042257
0.036293
0.041529
0.035931
0.047507
0.033499
0.033005
0.038711
0.038446
0.038426
0.038582
0.053454
0.052557
0.038439
0.038806
0.03343
0.048093
0.045739
0.037828
0.023015
0.02226
0.022158
0.022014
0.021927
0.057482
0.056958
0.05541
0.055018
0.054442
0.053257
0.0728
0.072326
0.040675
0.045218
0.041069
0.041565
0.053754
0.047079
0.033584
0.033042
0.038746
0.052186
0.038335
0.037559
0.053153
0.038982
0.032573
0.046251
0.04691
0.047686
0.047005
0.04547
0.023293
0.02263
0.022736
0.022273
0.022145
0.020771
0.019545
0.019287
0.056141
0.055261
0.053605
0.071386
0.072528
0.072511
0.040559
0.051403
0.052285
0.040765
0.041927
0.04785
0.040884
0.038973
0.037794
0.038601
0.038411
0.038484
0.038945
0.032563
0.046222
0.047347
0.047436
0.047398
0.032994
0.040332
0.02268
0.059041
0.059504
0.021843
0.057652
0.057655
0.057049
0.056885
0.018792
0.054386
0.072753
0.071837
0.071846
0.072024
0.040485
0.040589
0.074346
0.035845
0.035668
0.041112
0.041027
0.053178
0.032823
0.038458
0.038206
0.039088
0.046899
0.03621
0.047831
0.047158
0.035241
0.041042
0.041648
0.061573
0.060314
0.022949
0.058128
0.057175
0.057075
0.019835
0.019133
0.01833
0.053125
0.071404
0.052522
0.0525
0.072301
0.040998
0.074175
0.073649
0.074102
0.065063
0.036131
0.040786
0.040946
0.052522
0.038157
0.038382
0.038384
0.039035
0.054089
0.048278
0.046311
0.040482
0.035272
0.041183
0.040369
0.05319
0.060583
0.059818
0.058318
0.019632
0.019128
0.019091
0.018502
0.053745
0.052912
0.052087
0.05256
0.072421
0.053116
0.073699
0.054142
0.053833
0.073866
0.073462
0.073371
0.04048
0.052222
0.037697
0.037337
0.036857
0.038237
0.032725
0.033939
0.035033
0.063956
0.040904
0.041204
0.040377
0.053278
0.052541
0.060164
0.057659
0.056825
0.018797
0.018668
0.018539
0.053334
0.053165
0.053488
0.054272
0.053033
0.053389
0.053895
0.054089
0.074206
0.064891
0.073706
0.064982
0.073282
0.051119
0.038228
0.038511
0.038341
0.053641
0.032431
0.048045
0.035665
0.035872
0.035264
0.040423
0.023592
0.05329
0.06057
0.058753
0.020799
0.019432
0.019225
0.019092
0.054942
0.054177
0.054198
0.054324
0.053275
0.052627
0.053215
0.053494
0.047248
0.047628
0.065978
0.047766
0.047606
0.035728
0.040933
0.032877
0.033026
0.033145
0.053646
0.04772
0.036898
0.048751
0.047938
0.047093
0.040036
0.0403
0.023314
0.052981
0.059161
0.021007
0.019594
0.020026
0.01954
0.055054
0.018313
0.054449
0.053587
0.053496
0.054003
0.05379
0.053996
0.054956
0.047585
0.047516
0.068006
0.068147
0.036839
0.052488
0.04647
0.034144
0.047947
0.047703
0.048415
0.04899
0.048662
0.033477
0.047701
0.040433
0.053768
0.053139
0.052818
0.022677
0.021794
0.020517
0.019587
0.019306
0.055734
0.018677
0.018346
0.053844
0.054086
0.054481
0.053378
0.054384
0.055167
0.047662
0.048731
0.048635
0.067223
0.066418
0.041613
0.046966
0.033626
0.033722
0.048011
0.048439
0.036973
0.047944
0.047892
0.047217
0.040409
0.053825
0.05382
0.060204
0.059845
0.02219
0.020783
0.019616
0.019359
0.056044
0.05631
0.054042
0.053972
0.054334
0.054224
0.053573
0.055155
0.047525
0.054806
0.047067
0.048454
0.047815
0.047063
0.064878
0.066221
0.040826
0.041275
0.065771
0.036721
0.065767
0.036751
0.036742
0.036453
0.040031
0.040219
0.0533
0.052932
0.052641
0.058639
0.05812
0.057923
0.057046
0.056809
0.049731
0.056598
0.054659
0.054663
0.054053
0.054086
0.048748
0.049222
0.032644
0.054591
0.047369
0.048239
0.047279
0.047011
0.047542
0.073458
0.073349
0.06472
0.048192
0.065064
0.065802
0.067491
0.037004
0.040034
0.040199
0.053435
0.060286
0.060368
0.02232
0.058525
0.05879
0.05857
0.058135
0.049705
0.054657
0.053913
0.054323
0.054309
0.047562
0.047924
0.033607
0.047954
0.047399
0.048397
0.047441
0.05345
0.053357
0.046942
0.053613
0.053447
0.053282
0.046859
0.046602
0.046971
0.06734
0.037425
0.04105
0.040837
0.040214
0.054441
0.053875
0.058872
0.05833
0.059253
0.050752
0.057214
0.056177
0.055125
0.054187
0.053568
0.054002
0.055364
0.053279
0.018243
0.053709
0.054088
0.054197
0.054316
0.047246
0.047057
0.048426
0.048082
0.047449
0.046981
0.046917
0.048083
0.048729
0.0678
0.068291
0.041426
0.04178
0.040703
0.05322
0.059637
0.057589
0.057802
0.057991
0.057471
0.057448
0.056212
0.055768
0.055347
0.055035
0.054592
0.054574
0.054471
0.017624
0.053992
0.054053
0.047409
0.053974
0.053874
0.054466
0.046958
0.048604
0.048927
0.048061
0.048392
0.049061
0.048869
0.049024
0.069594
0.041861
0.041508
0.040379
0.061583
0.059415
0.05794
0.057852
0.057268
0.056911
0.05026
0.057461
0.056448
0.055795
0.05563
0.053987
0.054952
0.053373
0.052712
0.053023
0.073091
0.054027
0.053999
0.05347
0.073491
0.053573
0.047074
0.047959
0.0474
0.047503
0.047431
0.047634
0.048881
0.040192
0.06215
0.057205
0.055597
0.053845
0.052701
0.059838
0.05775
0.057333
0.057099
0.050354
0.056912
0.076932
0.055941
0.054979
0.054778
0.055454
0.054466
0.054696
0.047517
0.05357
0.074475
0.054015
0.053556
0.053812
0.04758
0.047086
0.047479
0.047917
0.047925
0.047781
0.049037
0.04831
0.050148
0.064876
0.042258
0.054601
0.05368
0.060707
0.059424
0.058837
0.058409
0.057123
0.056803
0.056782
0.054574
0.054792
0.055134
0.054875
0.055253
0.054428
0.054508
0.054348
0.053479
0.054083
0.052406
0.05383
0.054552
0.047332
0.054259
0.047127
0.04697
0.065993
0.065496
0.067231
0.048885
0.068825
0.066803
0.062487
0.05585
0.053987
0.053276
0.059814
0.058642
0.058347
0.02031
0.056745
0.056161
0.05503
0.055129
0.05453
0.048297
0.054719
0.054094
0.054757
0.055201
0.048122
0.053965
0.053008
0.053632
0.048702
0.048796
0.047233
0.047677
0.066126
0.036644
0.036234
0.066364
0.066639
0.066456
0.067904
0.065879
0.058004
0.05638
0.054394
0.04011
0.022419
0.022228
0.021121
0.057686
0.057163
0.057085
0.057161
0.055762
0.055139
0.054531
0.047794
0.066062
0.065888
0.066427
0.065455
0.065534
0.06756
0.049004
0.048639
0.047994
0.066259
0.037304
0.048122
0.03675
0.036614
0.067558
0.066723
0.043706
0.068074
0.064579
0.057556
0.054831
0.040248
0.02306
0.060294
0.051534
0.05897
0.057854
0.050011
0.049386
0.056241
0.066902
0.054926
0.068326
0.068178
0.068169
0.068761
0.068362
0.068321
0.068869
0.049668
0.068206
0.069114
0.037796
0.037327
0.04854
0.036164
0.036225
0.037579
0.037777
0.055901
0.069458
0.06821
0.060913
0.042537
0.040597
0.053115
0.052917
0.052693
0.051444
0.051051
0.052978
0.051432
0.070377
0.036634
0.069294
0.070989
0.070806
0.071308
0.039763
0.038847
0.037596
0.068161
0.070161
0.038693
0.069919
0.038603
0.037522
0.037896
0.037067
0.048974
0.048903
0.048373
0.070042
0.069189
0.055865
0.043555
0.057316
0.041746
0.053352
0.05463
0.053973
0.072683
0.051766
0.073028
0.07236
0.072807
0.038481
0.039549
0.071642
0.071827
0.039799
0.045123
0.053138
0.039066
0.070119
0.038881
0.044492
0.052498
0.039286
0.036954
0.047993
0.048658
0.047872
0.048776
0.034439
0.069519
0.069282
0.055747
0.068879
0.06079
0.042005
0.04213
0.055212
0.055254
0.074982
0.072353
0.053455
0.073551
0.071849
0.071332
0.038609
0.039382
0.031529
0.04703
0.047637
0.044833
0.031203
0.052797
0.04409
0.044455
0.030794
0.039351
0.03848
0.035405
0.048586
0.034397
0.034283
0.03538
0.035107
0.055914
0.056945
0.056923
0.042717
0.041615
0.056117
0.055996
0.077361
0.076064
0.075422
0.075433
0.07576
0.073061
0.073081
0.038458
0.039619
0.031324
0.032608
0.032461
0.03302
0.032962
0.044543
0.044383
0.044983
0.043954
0.057372
0.057738
0.039007
0.038522
0.048878
0.0345
0.034798
0.069596
0.057554
0.056594
0.056535
0.043634
0.05947
0.056896
0.058371
0.078041
0.076402
0.076338
0.076687
0.076076
0.074532
0.073468
0.039528
0.032551
0.047947
0.046812
0.033481
0.033196
0.033131
0.044752
0.031595
0.030805
0.043921
0.031341
0.031738
0.031147
0.041618
0.030894
0.035575
0.050291
0.044609
0.055929
0.057536
0.055936
0.067379
0.064445
0.058313
0.058551
0.057877
0.077354
0.077991
0.062585
0.054911
0.074945
0.074634
0.073988
0.045504
0.046597
0.04645
0.033291
0.033221
0.045013
0.053258
0.039444
0.070237
0.038886
0.039092
0.030973
0.042551
0.030903
0.041957
0.03578
0.035553
0.069603
0.055993
0.057048
0.044533
0.068112
0.068211
0.060854
0.058275
0.057368
0.076912
0.064323
0.063382
0.075953
0.075815
0.060544
0.05935
0.046255
0.046471
0.032891
0.03334
0.033315
0.032496
0.044153
0.038884
0.039598
0.031544
0.043761
0.031169
0.030631
0.050646
0.03567
0.035834
0.035851
0.069257
0.056006
0.068856
0.068987
0.068433
0.067549
0.06525
0.058999
0.057815
0.057207
0.063463
0.06311
0.062346
0.040066
0.039788
0.0541
0.03139
0.054057
0.031264
0.033188
0.033237
0.044482
0.03927
0.052571
0.044634
0.043864
0.030981
0.03102
0.036051
0.0353
0.035596
0.03624
0.035639
0.068654
0.056787
0.069146
0.069026
0.068805
0.068157
0.06803
0.061221
0.046761
0.064346
0.078555
0.031868
0.031974
0.031747
0.052374
0.037067
0.031767
0.037276
0.053836
0.031193
0.031118
0.039195
0.039255
0.038991
0.039295
0.052398
0.043464
0.030623
0.036264
0.035218
0.03514
0.035151
0.035691
0.069868
0.056788
0.070221
0.070288
0.070157
0.056885
0.056981
0.052969
0.046866
0.046501
0.064272
0.063704
0.032006
0.040519
0.040003
0.046304
0.04709
0.031443
0.053979
0.052922
0.052967
0.052469
0.039336
0.03846
0.038891
0.043666
0.030908
0.051684
0.030706
0.035798
0.036352
0.035978
0.036313
0.057076
0.07055
0.069475
0.068975
0.068994
0.056602
0.057232
0.055155
0.050193
0.056787
0.05699
0.077874
0.063828
0.039959
0.061182
0.031236
0.046509
0.031343
0.046193
0.04534
0.039648
0.052434
0.039181
0.052295
0.052603
0.031298
0.031107
0.031017
0.036564
0.035825
0.03526
0.035621
0.034664
0.068765
0.069228
0.069175
0.07024
0.069125
0.044031
0.056329
0.055608
0.054275
0.057924
0.056015
0.056391
0.062823
0.062257
0.040112
0.054123
0.037081
0.031748
0.031347
0.039618
0.053447
0.053073
0.045059
0.046654
0.031988
0.031082
0.036632
0.036633
0.036537
0.036142
0.03599
0.035335
0.035278
0.069447
0.069313
0.068054
0.069096
0.069026
0.056361
0.069906
0.056514
0.055486
0.062414
0.057833
0.063776
0.077695
0.062338
0.076023
0.040146
0.053141
0.052208
0.052404
0.038973
0.053615
0.053022
0.031549
0.031315
0.032109
0.031422
0.031625
0.030829
0.031158
0.035994
0.035169
0.035359
0.034768
0.067975
0.068107
0.068648
0.067911
0.069186
0.06972
0.055849
0.056596
0.057907
0.054365
0.05937
0.057733
0.077653
0.078114
0.07752
0.038952
0.05356
0.052174
0.053462
0.039345
0.039341
0.053239
0.036324
0.053377
0.044839
0.053111
0.052585
0.044745
0.036592
0.035503
0.035772
0.035055
0.034781
0.068047
0.067966
0.068521
0.069403
0.06905
0.06841
0.034819
0.056919
0.069122
0.069904
0.065131
0.059203
0.079255
0.079065
0.040145
0.046231
0.039301
0.053221
0.036936
0.03163
0.037011
0.045893
0.031713
0.031593
0.05349
0.052883
0.030953
0.044536
0.035964
0.034919
0.035523
0.035275
0.034837
0.067791
0.067582
0.066937
0.067542
0.06746
0.066665
0.068329
0.056455
0.069544
0.0699
0.068087
0.06118
0.058042
0.040772
0.047912
0.046035
0.045662
0.054449
0.053652
0.03191
0.031318
0.054298
0.03148
0.04554
0.052898
0.032072
0.032976
0.053179
0.05036
0.034955
0.034986
0.034646
0.034284
0.067715
0.066998
0.067105
0.0675
0.042353
0.066632
0.042762
0.05599
0.070188
0.069994
0.07666
0.091501
0.059809
0.065455
0.040744
0.032171
0.054135
0.0544
0.037272
0.053709
0.036813
0.054082
0.031381
0.036538
0.045284
0.031488
0.031633
0.03121
0.03631
0.035585
0.034863
0.033542
0.033373
0.067876
0.067075
0.067359
0.06766
0.067761
0.067954
0.069292
0.056474
0.056729
0.056434
0.069455
0.078257
0.073097
0.065728
0.065163
0.032223
0.054952
0.040489
0.053474
0.031438
0.053994
0.054888
0.053706
0.036386
0.037001
0.031172
0.03135
0.031355
0.036227
0.03531
0.035067
0.034006
0.033218
0.047839
0.047913
0.048693
0.049397
0.048303
0.037664
0.047532
0.048549
0.034825
0.047461
0.034408
0.047999
0.034637
0.034651
0.035263
0.03469
0.034524
0.033753
0.033301
0.034257
0.033971
0.033281
0.035064
0.034926
0.03423
0.055877
0.03515
0.055339
0.0595
0.040791
0.041218
0.048041
0.051454
0.053829
0.050388
0.048657
0.038299
0.039535
0.074488
0.038212
0.048167
0.034152
0.034035
0.033856
0.033695
0.034804
0.035608
0.03484
0.035447
0.034997
0.033236
0.034181
0.033961
0.034855
0.034628
0.05639
0.034754
0.034316
0.035461
0.034694
0.055299
0.058145
0.048179
0.067949
0.051516
0.048323
0.075318
0.050322
0.038961
0.049831
0.049741
0.049411
0.038759
0.039254
0.048415
0.033886
0.034064
0.034782
0.035167
0.035857
0.035106
0.03474
0.034723
0.034112
0.034288
0.034311
0.03393
0.034914
0.034668
0.034425
0.034172
0.034602
0.03367
0.033108
0.034037
0.059166
0.050857
0.048809
0.04965
0.077133
0.040384
0.038932
0.039292
0.050627
0.049952
0.076175
0.039807
0.047941
0.03477
0.036013
0.036012
0.036329
0.036542
0.035219
0.034999
0.034693
0.033828
0.033846
0.034397
0.034286
0.034773
0.034516
0.05563
0.055359
0.034745
0.034294
0.0344
0.055699
0.06199
0.062203
0.060118
0.066027
0.077279
0.076248
0.07625
0.075479
0.074124
0.075606
0.076928
0.03138
0.035829
0.034723
0.035093
0.035627
0.030465
0.030694
0.034707
0.034608
0.034748
0.034166
0.034116
0.034258
0.034127
0.034209
0.035604
0.055333
0.034632
0.034722
0.060285
0.059509
0.059474
0.05577
0.055058
0.059195
0.057616
0.076311
0.076872
0.077164
0.075794
0.075318
0.074128
0.074665
0.075007
0.060306
0.049805
0.049968
0.035434
0.035993
0.049539
0.047641
0.034564
0.034643
0.033674
0.033906
0.034138
0.032845
0.033394
0.034736
0.033865
0.055541
0.05962
0.058983
0.055799
0.060291
0.061069
0.040937
0.041058
0.058479
0.05651
0.076402
0.075611
0.076195
0.055839
0.07437
0.073472
0.074214
0.039786
0.039185
0.049075
0.035846
0.035932
0.048115
0.038223
0.048261
0.03458
0.033806
0.034335
0.034053
0.03292
0.03304
0.034197
0.034646
0.05882
0.058824
0.032817
0.033181
0.033905
0.059258
0.057772
0.058741
0.05351
0.076433
0.075911
0.075413
0.055397
0.075197
0.054334
0.053963
0.07316
0.072507
0.039455
0.037958
0.048741
0.049499
0.035212
0.035329
0.034862
0.034706
0.033896
0.034301
0.033806
0.033783
0.033988
0.033904
0.034745
0.06058
0.03475
0.033719
0.033531
0.054655
0.055168
0.055125
0.033516
0.033795
0.077791
0.078073
0.07611
0.076097
0.055143
0.054441
0.073738
0.072944
0.071912
0.047316
0.037725
0.038198
0.038069
0.034718
0.034903
0.034953
0.035045
0.033923
0.034419
0.033733
0.033858
0.034195
0.055197
0.034537
0.034723
0.034138
0.03411
0.055128
0.057647
0.03389
0.034395
0.055678
0.033816
0.078153
0.078815
0.056607
0.0559
0.076313
0.054469
0.074902
0.07339
0.071134
0.070286
0.070242
0.038238
0.048816
0.048389
0.035073
0.034559
0.035243
0.034189
0.033895
0.033308
0.034449
0.034846
0.036152
0.034614
0.034716
0.034788
0.034888
0.055436
0.034287
0.05488
0.034431
0.055332
0.03431
0.077496
0.078652
0.055775
0.056077
0.055792
0.054488
0.075791
0.053332
0.051016
0.052373
0.051889
0.0397
0.049003
0.047958
0.047508
0.033284
0.033723
0.033901
0.034389
0.034472
0.034724
0.034574
0.034469
0.034725
0.035026
0.034845
0.034419
0.035516
0.056305
0.059704
0.035273
0.034366
0.035588
0.077802
0.077821
0.055827
0.054652
0.05433
0.054292
0.054443
0.052816
0.051707
0.052496
0.071645
0.038744
0.04836
0.047361
0.048386
0.034752
0.033345
0.032885
0.033133
0.034306
0.034811
0.034787
0.034839
0.034385
0.034715
0.034783
0.034816
0.035005
0.059988
0.05697
0.05796
0.035644
0.057464
0.05657
0.05482
0.055756
0.054812
0.054939
0.054686
0.053974
0.05358
0.052929
0.072072
0.038801
0.049693
0.049338
0.048434
0.048084
0.034231
0.034273
0.032895
0.038466
0.034331
0.03482
0.034812
0.034697
0.034674
0.035316
0.035269
0.035469
0.035133
0.03564
0.035445
0.030138
0.035982
0.035817
0.077309
0.076712
0.055233
0.05527
0.075695
0.055395
0.054072
0.054532
0.075879
0.040307
0.03947
0.039437
0.048921
0.048383
0.047675
0.046414
0.033749
0.045067
0.033877
0.034078
0.034658
0.034146
0.034835
0.035551
0.034728
0.034938
0.03446
0.034479
0.057344
0.057293
0.035557
0.030472
0.055573
0.057149
0.056714
0.057118
0.055948
0.055219
0.055438
0.054738
0.054141
0.074066
0.075247
0.038559
0.039121
0.048673
0.037715
0.036352
0.037167
0.046651
0.046881
0.033517
0.033195
0.033853
0.034812
0.034626
0.034493
0.034853
0.035532
0.035144
0.035027
0.034539
0.056864
0.056644
0.056635
0.056108
0.057361
0.055209
0.055131
0.055712
0.056035
0.077625
0.054426
0.075535
0.074874
0.074858
0.072819
0.071046
0.069824
0.069078
0.036427
0.038393
0.037757
0.034759
0.034349
0.034159
0.034408
0.034378
0.035165
0.034606
0.03472
0.035724
0.035954
0.035686
0.035677
0.034676
0.034288
0.056334
0.035302
0.058603
0.041817
0.055183
0.055792
0.0567
0.077027
0.05591
0.062066
0.061052
0.074466
0.073643
0.051526
0.051029
0.068727
0.047618
0.037915
0.046841
0.046771
0.034185
0.034833
0.034876
0.035034
0.034711
0.034753
0.034513
0.036321
0.030795
0.035849
0.034724
0.03428
0.034592
0.030247
0.051485
0.060965
0.055835
0.05556
0.055894
0.056702
0.056896
0.056035
0.06165
0.076449
0.072867
0.051822
0.051806
0.072223
0.069688
0.069755
0.038428
0.047239
0.038868
0.034657
0.034797
0.034921
0.034626
0.03398
0.033179
0.033984
0.035043
0.048694
0.035375
0.035796
0.0346
0.035015
0.030577
0.035666
0.062048
0.041767
0.056377
0.057331
0.057048
0.057087
0.056772
0.061844
0.054501
0.074708
0.052875
0.052121
0.072811
0.070665
0.070926
0.069928
0.069038
0.047994
0.047129
0.034913
0.035055
0.034741
0.033365
0.033106
0.034211
0.03432
0.061475
0.035769
0.035589
0.035775
0.035402
0.055802
0.034668
0.041854
0.058471
0.056592
0.056209
0.05767
0.055993
0.057141
0.075635
0.073752
0.073751
0.074063
0.052219
0.051687
0.070644
0.070973
0.070049
0.038679
0.03821
0.047274
0.034692
0.034434
0.03491
0.033807
0.033816
0.033591
0.034292
0.061091
0.056097
0.055277
0.035067
0.05565
0.056321
0.056323
0.041847
0.061441
0.057009
0.057136
0.057917
0.05733
0.057192
0.056949
0.075771
0.075397
0.074375
0.052586
0.052553
0.071206
0.069628
0.069318
0.070196
0.038516
0.035683
0.034204
0.034025
0.034001
0.033531
0.039192
0.033004
0.033856
0.055051
0.034721
0.060297
0.034554
0.034392
0.034847
0.035218
0.06624
0.042374
0.059138
0.056821
0.056823
0.057052
0.057024
0.055314
0.074486
0.053961
0.073394
0.073139
0.071291
0.070594
0.069742
0.07019
0.04892
0.069926
0.046494
0.03449
0.034275
0.045332
0.033082
0.038309
0.033284
0.033316
0.034162
0.034083
0.032812
0.033164
0.032804
0.034313
0.034442
0.067188
0.042864
0.042629
0.057198
0.055898
0.054769
0.055621
0.055058
0.054047
0.053579
0.072131
0.072419
0.07189
0.070879
0.070027
0.038138
0.039226
0.069022
0.046699
0.04715
0.033154
0.034214
0.032886
0.038023
0.038503
0.033023
0.032899
0.032909
0.034258
0.034352
0.033021
0.033935
0.034358
0.0671
0.042766
0.064981
0.057282
0.054048
0.06104
0.05401
0.055332
0.055326
0.054069
0.053121
0.071699
0.051625
0.051071
0.070212
0.038378
0.038294
0.04729
0.047464
0.046449
0.034422
0.046391
0.032871
0.038016
0.038157
0.038881
0.032801
0.033291
0.033607
0.034555
0.033943
0.032629
0.033963
0.066149
0.068842
0.066133
0.059146
0.054804
0.054798
0.054403
0.054453
0.053257
0.052743
0.052674
0.072646
0.053318
0.051765
0.070728
0.070092
0.068361
0.048035
0.047606
0.038394
0.046284
0.044707
0.033091
0.038495
0.03859
0.038593
0.038547
0.032838
0.034118
0.034068
0.032666
0.032756
0.034415
0.065071
0.067608
0.067191
0.063969
0.023767
0.055001
0.055691
0.076921
0.054806
0.053506
0.052423
0.052934
0.052948
0.051501
0.051743
0.071139
0.038303
0.047417
0.03507
0.046096
0.046405
0.044906
0.03374
0.033338
0.03912
0.032978
0.033126
0.033017
0.033537
0.032923
0.0335
0.033641
0.034354
0.041427
0.067296
0.04227
0.065771
0.058556
0.057024
0.057796
0.055648
0.05481
0.053815
0.053179
0.053466
0.052698
0.051228
0.051792
0.069035
0.067952
0.047068
0.04668
0.03308
0.033595
0.033783
0.033994
0.039331
0.050838
0.039099
0.038494
0.032915
0.033591
0.034347
0.034621
0.034525
0.03521
0.042086
0.041895
0.041361
0.06615
0.063342
0.05755
0.055992
0.054549
0.053842
0.054389
0.076009
0.073715
0.072307
0.051877
0.051484
0.050691
0.067907
0.045165
0.04496
0.033331
0.032952
0.033646
0.046926
0.046127
0.044729
0.032623
0.032863
0.033841
0.03448
0.034694
0.034598
0.035096
0.034671
0.041895
0.042277
0.041405
0.066303
0.065398
0.060203
0.057889
0.056027
0.055645
0.054847
0.053328
0.073587
0.073656
0.071347
0.071598
0.069904
0.069163
0.045657
0.051592
0.032795
0.033526
0.047778
0.035373
0.045644
0.033787
0.033556
0.044208
0.034465
0.035251
0.035189
0.03401
0.03478
0.034441
0.042532
0.042716
0.041396
0.065472
0.073543
0.063264
0.058754
0.05631
0.05655
0.054952
0.05457
0.075888
0.07542
0.05322
0.071852
0.071317
0.037879
0.03728
0.045105
0.033437
0.034307
0.035201
0.047321
0.047097
0.046223
0.032947
0.033686
0.034444
0.030163
0.035998
0.034579
0.03464
0.034436
0.067582
0.06663
0.041994
0.065514
0.065961
0.041872
0.043092
0.057479
0.056295
0.055525
0.076644
0.0769
0.076094
0.075704
0.073262
0.072141
0.038228
0.068689
0.047162
0.034412
0.034921
0.035558
0.04873
0.048227
0.035208
0.034777
0.034629
0.034544
0.034801
0.03543
0.03469
0.033993
0.032905
0.066245
0.041031
0.041983
0.042075
0.067183
0.067066
0.065772
0.059713
0.05759
0.056048
0.077808
0.077449
0.07631
0.075741
0.074388
0.073396
0.070864
0.037905
0.03984
0.047948
0.030574
0.030019
0.030198
0.035286
0.034915
0.034873
0.035006
0.034928
0.035481
0.034111
0.034232
0.033636
0.033813
0.06457
0.041594
0.041539
0.042656
0.068839
0.042438
0.042707
0.061517
0.058083
0.056018
0.057669
0.057231
0.055754
0.044312
0.054673
0.073704
0.052023
0.051291
0.071283
0.039644
0.039722
0.030401
0.04873
0.036194
0.036195
0.035943
0.035551
0.034423
0.033678
0.03421
0.038487
0.039153
0.032886
0.066723
0.065599
0.066193
0.066722
0.068996
0.068218
0.043183
0.053531
0.047293
0.046503
0.057604
0.056589
0.055935
0.055526
0.044024
0.054042
0.052344
0.051563
0.071972
0.058379
0.032654
0.032386
0.038875
0.029578
0.030061
0.036136
0.035237
0.034279
0.033075
0.033104
0.050559
0.038252
0.038447
0.067518
0.065906
0.066564
0.067135
0.068939
0.069486
0.069149
0.068816
0.062306
0.047218
0.047181
0.046385
0.057182
0.045236
0.076072
0.074898
0.053827
0.051774
0.053288
0.05799
0.058285
0.059189
0.038969
0.048496
0.03581
0.036537
0.03545
0.034321
0.051267
0.050672
0.042365
0.049319
0.032674
0.067032
0.066116
0.066716
0.06708
0.067391
0.067776
0.06702
0.067219
0.067191
0.059853
0.047416
0.046655
0.046485
0.062212
0.032243
0.060895
0.043391
0.052552
0.059509
0.04157
0.058029
0.058972
0.039153
0.031372
0.049219
0.039748
0.035842
0.046888
0.050539
0.044147
0.044149
0.05068
0.051291
0.067509
0.066968
0.067316
0.067213
0.066812
0.067462
0.067192
0.067949
0.068217
0.063376
0.047954
0.046608
0.046368
0.045348
0.077441
0.061422
0.043632
0.059829
0.059824
0.052283
0.051759
0.070762
0.057539
0.071516
0.031932
0.048547
0.030934
0.046764
0.050636
0.042116
0.041906
0.051284
0.038508
0.089903
0.066982
0.067116
0.06727
0.067293
0.092045
0.068092
0.093304
0.069136
0.054526
0.048607
0.058673
0.046339
0.046029
0.077837
0.077
0.054782
0.055021
0.0732
0.052726
0.051294
0.050419
0.071246
0.069735
0.049307
0.038948
0.07042
0.038545
0.046151
0.044781
0.036512
0.036779
0.04459
0.065554
0.066914
0.067246
0.065128
0.067305
0.093861
0.094428
0.094463
0.077346
0.068837
0.064764
0.057803
0.057094
0.05687
0.077238
0.055754
0.055099
0.074598
0.053546
0.053008
0.070506
0.070999
0.069265
0.071869
0.031508
0.07093
0.070428
0.039698
0.068921
0.046093
0.045707
0.036981
0.045356
0.065124
0.064827
0.06712
0.067401
0.09052
0.092846
0.068388
0.070206
0.077429
0.069289
0.06937
0.062923
0.057766
0.055931
0.05556
0.05614
0.055935
0.055074
0.05469
0.053433
0.072158
0.070968
0.071003
0.07135
0.071013
0.05736
0.070654
0.070286
0.069252
0.037819
0.037696
0.046074
0.034505
0.066339
0.067774
0.067803
0.068707
0.093195
0.070548
0.069406
0.069685
0.069554
0.056344
0.069896
0.067002
0.058345
0.057185
0.055996
0.07768
0.056821
0.054007
0.075265
0.074796
0.040419
0.072235
0.071722
0.072011
0.057309
0.0502
0.050118
0.05029
0.050179
0.068296
0.065556
0.045343
0.03463
0.065468
0.067442
0.069065
0.095308
0.094289
0.077931
0.077803
0.07029
0.056366
0.069334
0.068941
0.068822
0.065305
0.057777
0.056884
0.056836
0.056494
0.054651
0.075108
0.040187
0.039363
0.04046
0.069846
0.070088
0.039615
0.051786
0.051552
0.051625
0.051256
0.067609
0.037662
0.037963
0.046708
0.056409
0.053345
0.049526
0.047166
0.045773
0.043701
0.041605
0.038708
0.035757
0.035644
0.035069
0.034546
0.034478
0.038915
0.038798
0.038836
0.03887
0.038183
0.054739
0.045348
0.037814
0.054703
0.041705
0.051159
0.050285
0.049044
0.059438
0.049759
0.051451
0.050398
0.048851
0.041537
0.051201
0.056805
0.054386
0.044113
0.048521
0.046257
0.04421
0.041581
0.039078
0.036857
0.035737
0.035547
0.033858
0.033648
0.039079
0.038762
0.03891
0.039083
0.038281
0.038587
0.04339
0.059509
0.042336
0.043833
0.043458
0.022746
0.060257
0.060213
0.041008
0.049591
0.049859
0.043285
0.043368
0.041196
0.050409
0.04775
0.045875
0.04234
0.039946
0.039067
0.035798
0.039216
0.036837
0.035865
0.035673
0.034529
0.039648
0.033561
0.039265
0.039272
0.038647
0.0331
0.060699
0.06102
0.056097
0.05418
0.042347
0.049727
0.051308
0.051033
0.041928
0.056919
0.049927
0.041842
0.041822
0.058197
0.03535
0.050395
0.049061
0.046897
0.044216
0.040494
0.039021
0.036057
0.03922
0.03673
0.03568
0.035573
0.03503
0.034404
0.039377
0.033293
0.038808
0.038378
0.037935
0.037806
0.038402
0.037469
0.044247
0.04267
0.043214
0.04201
0.041634
0.056815
0.048704
0.02243
0.059761
0.022691
0.043437
0.05309
0.050452
0.047627
0.045551
0.043287
0.040742
0.038357
0.041449
0.039088
0.036827
0.035492
0.034744
0.034989
0.034587
0.034551
0.033589
0.039141
0.038764
0.03834
0.037685
0.037948
0.037533
0.059799
0.041687
0.049798
0.042189
0.035199
0.051985
0.022514
0.037364
0.041376
0.04184
0.02353
0.04138
0.048809
0.048518
0.045436
0.044439
0.041562
0.039843
0.042051
0.038559
0.036129
0.034794
0.034743
0.034815
0.035522
0.034799
0.034325
0.039011
0.038154
0.038972
0.037956
0.037511
0.038386
0.038336
0.04162
0.051397
0.053447
0.040467
0.040174
0.041043
0.022809
0.042041
0.042695
0.039477
0.051711
0.052555
0.049825
0.047254
0.044741
0.040429
0.043721
0.042117
0.039166
0.036673
0.035704
0.035081
0.033421
0.034863
0.034158
0.033497
0.037904
0.038073
0.039191
0.0381
0.038859
0.038371
0.037477
0.058797
0.041331
0.05088
0.040562
0.040501
0.050959
0.051942
0.022775
0.039043
0.061634
0.039633
0.049078
0.048482
0.046341
0.043817
0.041131
0.04394
0.041497
0.038605
0.037187
0.035661
0.034589
0.034523
0.033644
0.033653
0.039732
0.039174
0.037975
0.03913
0.033247
0.039246
0.038493
0.037038
0.036691
0.058676
0.043696
0.052146
0.052766
0.041891
0.023547
0.023029
0.038896
0.022565
0.041962
0.04895
0.049051
0.047236
0.043747
0.04672
0.044236
0.040818
0.03825
0.036558
0.036264
0.034599
0.035029
0.033848
0.039954
0.039247
0.039438
0.033514
0.033252
0.033294
0.038801
0.038434
0.037646
0.041771
0.041393
0.041
0.050254
0.053664
0.059396
0.061347
0.02276
0.061168
0.04121
0.038092
0.050263
0.048623
0.047246
0.049871
0.046296
0.044757
0.042046
0.039399
0.036154
0.035741
0.03542
0.034539
0.034707
0.039856
0.039198
0.039224
0.039094
0.033058
0.033595
0.033247
0.038395
0.037721
0.059972
0.041772
0.041821
0.05266
0.05867
0.041181
0.061315
0.060547
0.059212
0.038159
0.040882
0.050885
0.048071
0.04541
0.049978
0.040326
0.0449
0.042083
0.039486
0.036426
0.035908
0.035632
0.036134
0.035087
0.033634
0.039938
0.03972
0.033415
0.033717
0.034053
0.033314
0.038508
0.037787
0.037932
0.036955
0.059787
0.053586
0.041485
0.040736
0.040852
0.050112
0.050762
0.022727
0.022156
0.057281
0.055249
0.052218
0.049291
0.047648
0.038586
0.036858
0.038935
0.037497
0.036045
0.035116
0.035576
0.035509
0.034408
0.033596
0.033589
0.034354
0.034425
0.033499
0.033252
0.038798
0.03867
0.038376
0.036949
0.060275
0.053374
0.058879
0.041488
0.049275
0.04947
0.022358
0.061329
0.022883
0.056826
0.047427
0.052194
0.049811
0.04761
0.044066
0.043223
0.040951
0.037755
0.035642
0.035932
0.035508
0.035513
0.034943
0.034355
0.03525
0.034748
0.034968
0.034336
0.033305
0.039482
0.038781
0.038593
0.038109
0.061723
0.059559
0.053144
0.041728
0.059564
0.048924
0.06118
0.022992
0.048981
0.057318
0.055331
0.052049
0.049102
0.046572
0.058415
0.041678
0.040532
0.036847
0.035517
0.035586
0.036075
0.036264
0.035204
0.034822
0.034897
0.035192
0.035006
0.034074
0.033375
0.033448
0.038735
0.038196
0.037729
0.038288
0.054918
0.052626
0.048343
0.042516
0.050664
0.050807
0.023427
0.061062
0.059498
0.055634
0.05322
0.050113
0.046111
0.043487
0.041922
0.039864
0.037318
0.035834
0.03576
0.034892
0.035529
0.033696
0.033701
0.034864
0.036473
0.035736
0.034908
0.033626
0.033209
0.038267
0.038528
0.038317
0.038919
0.061214
0.036536
0.05323
0.052252
0.04139
0.049544
0.043577
0.043285
0.051671
0.055892
0.053349
0.050895
0.047306
0.057665
0.041887
0.040127
0.037861
0.036176
0.035184
0.03459
0.035036
0.034119
0.033717
0.03482
0.03628
0.036611
0.03536
0.034169
0.033169
0.033081
0.038211
0.032682
0.032965
0.056554
0.061124
0.036968
0.052928
0.042374
0.042248
0.04394
0.044468
0.052865
0.073178
0.063836
0.059191
0.04885
0.058523
0.042895
0.040672
0.038922
0.035976
0.035311
0.034999
0.034939
0.034467
0.035375
0.035988
0.036613
0.036332
0.035368
0.034929
0.033971
0.033236
0.033436
0.034102
0.055887
0.032711
0.061052
0.037457
0.037899
0.061102
0.045234
0.05106
0.051366
0.077276
0.057481
0.063903
0.045152
0.043266
0.047879
0.044479
0.042538
0.039614
0.036343
0.034628
0.034806
0.035081
0.035055
0.035282
0.036663
0.036577
0.036436
0.035107
0.034963
0.033255
0.033495
0.03351
0.033757
0.055762
0.053724
0.038786
0.038389
0.061048
0.060909
0.055071
0.045131
0.044768
0.064495
0.079937
0.048449
0.046742
0.045503
0.043808
0.039883
0.037068
0.041077
0.036806
0.035233
0.035632
0.035419
0.057087
0.035628
0.059095
0.059111
0.058254
0.035084
0.035013
0.034006
0.033472
0.034348
0.034202
0.056239
0.03302
0.03295
0.032841
0.055949
0.045614
0.051448
0.063648
0.052794
0.057358
0.06021
0.049476
0.047705
0.045928
0.044166
0.04146
0.043724
0.041338
0.038671
0.036077
0.058024
0.035591
0.034955
0.057251
0.056995
0.035683
0.035922
0.034937
0.033689
0.033214
0.038836
0.058501
0.034054
0.034153
0.034377
0.055777
0.032743
0.04627
0.048007
0.046643
0.045107
0.045001
0.061103
0.054985
0.058264
0.047869
0.05369
0.053279
0.042272
0.03894
0.03612
0.034389
0.036848
0.059263
0.061575
0.035563
0.05636
0.061693
0.057026
0.060725
0.03526
0.039699
0.033197
0.055948
0.034966
0.05494
0.033036
0.033067
0.054122
0.057507
0.057207
0.048265
0.045267
0.0481
0.053229
0.065846
0.057923
0.051154
0.048825
0.04831
0.045974
0.042085
0.052031
0.036844
0.059702
0.061559
0.04363
0.056511
0.058085
0.060697
0.061299
0.041837
0.060015
0.034201
0.033277
0.033208
0.034113
0.034337
0.054402
0.034296
0.055455
0.055083
0.033619
0.056891
0.045062
0.045067
0.051484
0.050281
0.080991
0.068751
0.054665
0.049952
0.050087
0.048006
0.04354
0.040531
0.037793
0.040421
0.061597
0.061456
0.061546
0.048975
0.041711
0.048763
0.041492
0.059715
0.063149
0.03911
0.034262
0.055224
0.034446
0.033917
0.033143
0.058116
0.033695
0.0391
0.057033
0.057186
0.056997
0.047786
0.054907
0.094545
0.064588
0.056565
0.05207
0.050647
0.054126
0.051772
0.050542
0.059569
0.058055
0.057074
0.059354
0.043714
0.050057
0.049505
0.059642
0.051659
0.048198
0.057939
0.034081
0.03411
0.034594
0.033293
0.033231
0.033115
0.038672
0.03286
0.034065
0.058943
0.056751
0.057342
0.047959
0.046575
0.12767
0.082725
0.059786
0.053752
0.050831
0.05682
0.051154
0.059962
0.062386
0.060904
0.061331
0.045036
0.055242
0.050386
0.06076
0.058725
0.047967
0.048234
0.06014
0.059156
0.05669
0.033133
0.033192
0.033134
0.033863
0.033053
0.055304
0.034122
0.058469
0.058272
0.042195
0.046427
0.046312
0.17338
0.10337
0.075276
0.064666
0.051277
0.048764
0.062404
0.061167
0.058756
0.056532
0.056756
0.051683
0.051931
0.044804
0.060201
0.060838
0.048702
0.058698
0.050773
0.05969
0.060852
0.034233
0.057902
0.034233
0.033819
0.057025
0.05417
0.054147
0.058905
0.059097
0.046975
0.058736
0.050355
0.1632
0.13183
0.0881
0.070225
0.053972
0.048797
0.059582
0.061268
0.046331
0.05797
0.060758
0.05199
0.051408
0.055046
0.061068
0.060077
0.048267
0.026539
0.047988
0.060568
0.0483
0.049488
0.059122
0.034743
0.056382
0.034201
0.05849
0.058301
0.047702
0.058045
0.057692
0.048719
0.046752
0.16667
0.1636
0.10264
0.067733
0.057304
0.058483
0.054203
0.058732
0.062754
0.063083
0.057306
0.066018
0.051629
0.063051
0.038221
0.062426
0.041359
0.046214
0.040372
0.059205
0.059993
0.049536
0.050113
0.059667
0.060262
0.060393
0.047629
0.044675
0.059279
0.058955
0.05812
0.04666
0.058156
0.165
0.16443
0.14311
0.081587
0.062203
0.053579
0.048941
0.051059
0.050154
0.059419
0.045234
0.066615
0.064661
0.063159
0.038069
0.027687
0.052481
0.059587
0.047846
0.060796
0.058883
0.060605
0.059771
0.060061
0.061118
0.041629
0.059858
0.05297
0.052734
0.058754
0.05839
0.042773
0.05693
0.16577
0.16538
0.16295
0.11415
0.070265
0.065522
0.050955
0.054347
0.05985
0.042203
0.048774
0.057569
0.057507
0.063676
0.028072
0.02861
0.052318
0.052916
0.059937
0.061296
0.059188
0.06058
0.048364
0.049251
0.048166
0.047186
0.061029
0.041462
0.052253
0.045537
0.046947
0.046616
0.039978
0.1627
0.16215
0.16213
0.15235
0.08486
0.061898
0.053477
0.060851
0.052436
0.053062
0.041966
0.04839
0.067248
0.057037
0.063855
0.062319
0.052071
0.053497
0.042197
0.061368
0.042002
0.060607
0.051434
0.059875
0.027124
0.052301
0.059416
0.048236
0.060777
0.048381
0.041006
0.047503
0.056736
0.18663
0.18676
0.16332
0.16362
0.12067
0.070198
0.082738
0.079494
0.065243
0.050211
0.052792
0.047915
0.057071
0.056876
0.064484
0.062328
0.027839
0.053584
0.042793
0.052209
0.061835
0.060133
0.059638
0.040523
0.061866
0.062147
0.060423
0.047868
0.047656
0.040741
0.047477
0.043498
0.057631
0.18378
0.18384
0.18376
0.28825
0.15395
0.085599
0.095264
0.07251
0.060569
0.054062
0.063695
0.039739
0.058162
0.044652
0.065835
0.055067
0.052997
0.050655
0.043098
0.062617
0.061682
0.059231
0.059759
0.040808
0.061232
0.053156
0.052734
0.046698
0.048797
0.040333
0.058672
0.055576
0.057061
0.18329
0.18416
0.29716
0.30225
0.27513
0.16566
0.11349
0.088425
0.072339
0.045035
0.05487
0.055319
0.040307
0.054894
0.05389
0.063727
0.061718
0.059718
0.062741
0.057253
0.057428
0.057973
0.047127
0.059785
0.059895
0.059424
0.051882
0.047236
0.056887
0.033104
0.057937
0.057095
0.063032
0.18058
0.18413
0.32984
0.28781
0.30572
0.23528
0.13858
0.065378
0.080864
0.052025
0.043854
0.051957
0.054535
0.056291
0.053984
0.052769
0.050014
0.062182
0.06126
0.05945
0.059727
0.04823
0.04818
0.058408
0.03749
0.059621
0.027098
0.05044
0.057171
0.055252
0.057204
0.063776
0.056843
0.18563
0.1845
0.18573
0.18359
0.33104
0.26803
0.12895
0.073628
0.058112
0.072788
0.049665
0.052203
0.056674
0.055395
0.057873
0.066187
0.051802
0.042296
0.061641
0.047442
0.048181
0.049462
0.049137
0.049967
0.036253
0.04978
0.050869
0.049349
0.058703
0.056323
0.058035
0.056131
0.061497
0.18307
0.33933
0.18426
0.16232
0.3465
0.33121
0.18216
0.096582
0.10091
0.078259
0.043668
0.052389
0.047713
0.068753
0.05413
0.057534
0.056265
0.028977
0.062365
0.061685
0.051451
0.058707
0.048235
0.046577
0.050648
0.059939
0.058453
0.058739
0.048211
0.048165
0.038857
0.032903
0.038541
0.32578
0.18049
0.18049
0.32383
0.32162
0.29908
0.2786
0.18602
0.12438
0.10031
0.057869
0.057343
0.056779
0.056184
0.03014
0.054312
0.066702
0.04419
0.065134
0.039033
0.061956
0.050748
0.059594
0.04837
0.0558
0.048787
0.057547
0.048005
0.056678
0.057232
0.063649
0.038728
0.033766
0.1817
0.18272
0.31531
0.18035
0.35062
0.42251
0.3516
0.30586
0.16707
0.13182
0.058208
0.057761
0.057417
0.031389
0.045707
0.045253
0.040879
0.036038
0.050567
0.040278
0.062537
0.048796
0.041496
0.058827
0.057305
0.049914
0.058186
0.055956
0.045836
0.062125
0.053912
0.033114
0.047573
0.18483
0.18277
0.32207
0.31421
0.40014
0.45021
0.35048
0.35971
0.27185
0.14675
0.048983
0.058009
0.047176
0.052476
0.038742
0.051549
0.037353
0.034255
0.05046
0.029393
0.063514
0.062193
0.041708
0.050502
0.05724
0.041533
0.056358
0.045617
0.056146
0.06149
0.033268
0.055266
0.057382
0.28552
0.34388
0.30201
0.3294
0.33497
0.40246
0.36299
0.53029
0.45853
0.31486
0.082349
0.033966
0.047302
0.032651
0.032463
0.054637
0.038752
0.03502
0.033765
0.030362
0.053693
0.052385
0.052131
0.058282
0.057515
0.057057
0.048303
0.056166
0.057549
0.057467
0.033426
0.055008
0.033869
0.31421
0.29998
0.36626
0.31917
0.34633
0.53006
0.44107
0.52266
0.52696
0.50917
0.072952
0.04916
0.058203
0.05796
0.051814
0.032608
0.058535
0.056411
0.042039
0.048655
0.055211
0.043363
0.053211
0.042283
0.057375
0.062715
0.04557
0.062718
0.057171
0.057324
0.033094
0.063252
0.03306
0.058322
0.05572
0.05092
0.05103
0.040502
0.04066
0.040762
0.076534
0.076211
0.040953
0.051859
0.041359
0.04147
0.037659
0.068218
0.068187
0.067204
0.03622
0.036166
0.046331
0.034739
0.033283
0.050479
0.049207
0.037659
0.038338
0.039137
0.03341
0.03364
0.033452
0.032617
0.037377
0.038079
0.058616
0.054062
0.051547
0.050641
0.049845
0.049584
0.040589
0.076809
0.04103
0.051628
0.051436
0.050253
0.051086
0.03674
0.067365
0.037361
0.06724
0.075636
0.044646
0.041813
0.050855
0.033043
0.038689
0.038252
0.038063
0.03299
0.038546
0.032983
0.03288
0.033128
0.033043
0.032661
0.038138
0.058793
0.053763
0.051906
0.051104
0.050478
0.050238
0.050247
0.040821
0.041787
0.041979
0.051795
0.04189
0.041534
0.036225
0.036576
0.065875
0.041738
0.041653
0.05105
0.050681
0.050482
0.038507
0.037381
0.038554
0.0328
0.034105
0.032975
0.0326
0.038985
0.038946
0.032849
0.032816
0.037964
0.059881
0.049635
0.052341
0.051942
0.04843
0.045609
0.050414
0.04169
0.078488
0.0413
0.042074
0.042435
0.074812
0.036361
0.046829
0.042126
0.051248
0.036402
0.045953
0.044597
0.050829
0.0502
0.038426
0.038219
0.032881
0.044648
0.032807
0.032876
0.033073
0.032686
0.032654
0.032621
0.037346
0.052498
0.051534
0.055148
0.051925
0.047975
0.045881
0.043356
0.05011
0.077696
0.076075
0.077485
0.041411
0.051269
0.037172
0.046184
0.045128
0.03421
0.033427
0.03407
0.044582
0.050807
0.040984
0.038645
0.032999
0.033115
0.032633
0.033741
0.033583
0.034032
0.033513
0.032612
0.038261
0.037813
0.053825
0.05239
0.047553
0.052484
0.049319
0.046167
0.043264
0.050682
0.076794
0.075821
0.041287
0.041596
0.05062
0.033315
0.044734
0.046261
0.046443
0.034592
0.034365
0.033802
0.035615
0.044303
0.050385
0.040926
0.032821
0.032995
0.034422
0.034619
0.034122
0.032801
0.038596
0.037882
0.037965
0.053679
0.051831
0.048379
0.045834
0.049764
0.050765
0.050909
0.051157
0.041092
0.077471
0.041842
0.040807
0.040955
0.051451
0.051491
0.044869
0.034367
0.034911
0.034554
0.044763
0.041885
0.044415
0.044508
0.032797
0.040852
0.050551
0.045079
0.036263
0.035358
0.0328
0.032792
0.037488
0.037919
0.055247
0.052597
0.046698
0.042979
0.042064
0.050459
0.040937
0.041639
0.041066
0.040638
0.076188
0.040894
0.040453
0.04069
0.051493
0.045
0.044923
0.046718
0.046996
0.036626
0.036763
0.036192
0.045364
0.045379
0.035317
0.03565
0.036306
0.041103
0.040619
0.041256
0.03384
0.03263
0.03817
0.055414
0.052687
0.046445
0.046849
0.052259
0.041439
0.04116
0.041033
0.041815
0.076203
0.076901
0.041506
0.074798
0.036057
0.041642
0.04544
0.045794
0.034364
0.046217
0.047076
0.037184
0.046453
0.044853
0.045768
0.036553
0.036848
0.041474
0.040485
0.03528
0.044905
0.044857
0.033627
0.033333
0.058195
0.052633
0.046909
0.03706
0.042249
0.041995
0.079337
0.078867
0.078103
0.078734
0.048984
0.055302
0.066282
0.036002
0.041758
0.040923
0.041467
0.044792
0.034286
0.034537
0.046072
0.046456
0.035779
0.044317
0.036819
0.045149
0.04373
0.050291
0.035093
0.045994
0.045107
0.044808
0.044158
0.058682
0.051921
0.039013
0.036881
0.043041
0.081671
0.080513
0.058228
0.079423
0.057046
0.049342
0.055717
0.076003
0.042167
0.074781
0.041536
0.041367
0.051072
0.044847
0.045016
0.036786
0.06731
0.036516
0.045457
0.044276
0.033609
0.032795
0.038151
0.044114
0.036025
0.033375
0.032614
0.045661
0.047496
0.052117
0.038826
0.037556
0.036829
0.071466
0.071089
0.05875
0.079589
0.057234
0.077085
0.077519
0.066834
0.07483
0.065827
0.074602
0.051234
0.036087
0.044833
0.067682
0.036973
0.065378
0.036242
0.045746
0.045942
0.035886
0.04506
0.050275
0.043989
0.03542
0.033315
0.043704
0.043686
0.075238
0.041318
0.039105
0.036832
0.03703
0.074061
0.072047
0.072076
0.036872
0.06973
0.056475
0.076378
0.067433
0.047897
0.066232
0.036963
0.036977
0.037429
0.045708
0.036634
0.035759
0.035865
0.035713
0.045894
0.045198
0.036489
0.035485
0.050305
0.044813
0.035148
0.035246
0.043643
0.035234
0.076006
0.053733
0.073623
0.072756
0.042389
0.037717
0.038349
0.037756
0.078814
0.057125
0.068227
0.077549
0.06647
0.06618
0.037146
0.036537
0.036985
0.037487
0.03731
0.045622
0.041121
0.041094
0.050803
0.044273
0.035664
0.044355
0.035513
0.035078
0.036091
0.036132
0.035431
0.036158
0.064434
0.086974
0.084104
0.073559
0.037162
0.036932
0.046969
0.046705
0.04208
0.079065
0.07784
0.068491
0.07656
0.076886
0.075897
0.06637
0.066016
0.036266
0.046521
0.037296
0.036071
0.075154
0.07486
0.04105
0.040703
0.04399
0.043796
0.035481
0.036243
0.045634
0.036987
0.064873
0.045681
0.036993
0.088613
0.043741
0.045549
0.043449
0.037274
0.037279
0.037676
0.036829
0.078598
0.076823
0.077523
0.07685
0.076049
0.048123
0.065902
0.037506
0.036197
0.036238
0.067554
0.036072
0.065677
0.035966
0.041762
0.065193
0.041511
0.041426
0.035346
0.036349
0.035491
0.036724
0.03702
0.067193
0.036777
0.066586
0.083382
0.082838
0.082577
0.072662
0.081464
0.080291
0.040888
0.076239
0.076325
0.076529
0.055989
0.055364
0.054941
0.074856
0.074678
0.065957
0.036954
0.045768
0.035897
0.03613
0.065033
0.035553
0.073671
0.0731
0.065183
0.035613
0.033983
0.03713
0.066758
0.068146
0.067448
0.067535
0.068504
0.082399
0.046265
0.043528
0.036859
0.042451
0.041315
0.077726
0.040606
0.056279
0.056779
0.056879
0.055616
0.055083
0.076087
0.074987
0.065531
0.0489
0.036165
0.044576
0.036736
0.035797
0.073782
0.041633
0.073577
0.040822
0.045307
0.046155
0.046654
0.067569
0.068411
0.06916
0.068306
0.068829
0.083506
0.04652
0.042946
0.042208
0.041502
0.040945
0.076971
0.056243
0.056169
0.056843
0.05715
0.049003
0.048449
0.065878
0.055454
0.065972
0.07447
0.074381
0.035871
0.036053
0.073544
0.04147
0.074901
0.073111
0.073951
0.035612
0.067401
0.068073
0.067999
0.068076
0.067864
0.067838
0.070392
0.063597
0.082019
0.043877
0.041701
0.080062
0.05779
0.057002
0.056428
0.056152
0.057284
0.056773
0.056463
0.048813
0.048058
0.054058
0.054163
0.074394
0.065809
0.065561
0.066075
0.041147
0.040682
0.073406
0.072847
0.040869
0.073361
0.047026
0.037171
0.068178
0.038217
0.038487
0.036928
0.070412
0.067445
0.060485
0.059241
0.08084
0.058213
0.057587
0.056542
0.056178
0.055821
0.056726
0.056116
0.05699
0.049588
0.048315
0.054263
0.066166
0.075338
0.074904
0.066942
0.046231
0.044503
0.040758
0.072384
0.074287
0.065125
0.074503
0.0661
0.06689
0.037033
0.037961
0.03781
0.036334
0.070249
0.068719
0.061693
0.058954
0.058122
0.057917
0.057975
0.056929
0.056168
0.055293
0.056977
0.04981
0.049403
0.050275
0.048927
0.067386
0.067124
0.036262
0.035874
0.037439
0.034808
0.044735
0.041786
0.040939
0.074292
0.065454
0.03693
0.036879
0.036713
0.034244
0.046517
0.03393
0.032674
0.069723
0.068916
0.064474
0.058672
0.058009
0.057674
0.057486
0.056972
0.020179
0.019057
0.055962
0.057209
0.050246
0.050246
0.048654
0.04805
0.047816
0.066673
0.036912
0.037865
0.046373
0.044566
0.050905
0.073236
0.073672
0.064874
0.06579
0.047022
0.045599
0.034372
0.034472
0.033403
0.033851
0.022504
0.070253
0.067656
0.060473
0.057529
0.021682
0.021514
0.020919
0.020897
0.056233
0.056217
0.056033
0.057489
0.056234
0.056145
0.055875
0.048106
0.067414
0.066056
0.067972
0.03614
0.0417
0.041187
0.073552
0.073846
0.035692
0.065689
0.037217
0.046023
0.037227
0.046503
0.045718
0.044013
0.070509
0.070117
0.070244
0.022245
0.022102
0.057951
0.057469
0.021371
0.021311
0.020178
0.056167
0.055926
0.057354
0.056531
0.05547
0.055847
0.048895
0.049459
0.068117
0.065786
0.037039
0.036092
0.041242
0.065066
0.065195
0.036547
0.036474
0.07438
0.036495
0.046557
0.06741
0.045981
0.043932
0.070247
0.070647
0.070933
0.068851
0.021997
0.058409
0.057087
0.021462
0.021109
0.02065
0.019767
0.057889
0.050295
0.049643
0.049098
0.048663
0.049097
0.04807
0.067148
0.07439
0.036191
0.041941
0.065558
0.067372
0.036686
0.065558
0.065336
0.074138
0.065033
0.066094
0.046517
0.037344
0.036392
0.022764
0.022384
0.022055
0.069575
0.06443
0.05846
0.057984
0.057392
0.021824
0.02122
0.019998
0.020016
0.050396
0.069929
0.050428
0.049692
0.066583
0.065881
0.042036
0.073866
0.075312
0.035957
0.065218
0.067228
0.035951
0.035703
0.065588
0.035676
0.065754
0.066144
0.048601
0.067602
0.037318
0.022573
0.022532
0.021683
0.021198
0.067556
0.021923
0.058112
0.057703
0.05729
0.057357
0.020534
0.05821
0.057138
0.050244
0.049228
0.056363
0.048691
0.036462
0.06593
0.065551
0.065959
0.074303
0.065868
0.066762
0.067422
0.067597
0.036726
0.037335
0.068083
0.049073
0.067474
0.067395
0.068503
0.023079
0.022291
0.022017
0.021951
0.021967
0.064365
0.021912
0.05848
0.057981
0.057581
0.057579
0.058195
0.058031
0.050516
0.049691
0.056699
0.049096
0.067614
0.068683
0.047975
0.065872
0.05426
0.065686
0.036221
0.066969
0.066603
0.037
0.037631
0.030481
0.069601
0.068155
0.068821
0.068785
0.022668
0.022553
0.022222
0.02254
0.022885
0.068476
0.022277
0.059136
0.058597
0.058711
0.05925
0.059597
0.058048
0.057447
0.049902
0.05065
0.049843
0.05059
0.049877
0.050321
0.068265
0.047387
0.036865
0.065688
0.067257
0.066643
0.037456
0.038573
0.038139
0.037469
0.068028
0.067497
0.067673
0.022742
0.02281
0.022698
0.02243
0.023195
0.023176
0.022633
0.022915
0.022643
0.058829
0.0593
0.058013
0.057183
0.057052
0.049839
0.050289
0.051235
0.070529
0.070299
0.049969
0.049577
0.049413
0.054515
0.065917
0.048259
0.067524
0.06989
0.037417
0.046583
0.038466
0.037649
0.037319
0.046649
0.022881
0.022466
0.022552
0.022392
0.023194
0.023176
0.023054
0.022606
0.06062
0.05999
0.022594
0.059292
0.059367
0.058114
0.051558
0.050017
0.051021
0.071778
0.071773
0.069501
0.050018
0.050116
0.048205
0.066667
0.067636
0.068136
0.038298
0.038273
0.048488
0.048209
0.037451
0.037431
0.04623
0.023194
0.023243
0.022793
0.023236
0.023224
0.022705
0.022964
0.02355
0.060743
0.059576
0.022503
0.059208
0.051752
0.050981
0.051556
0.051795
0.051849
0.072228
0.070651
0.050982
0.049649
0.050038
0.049331
0.049299
0.069176
0.07088
0.038925
0.038819
0.048675
0.037561
0.045249
0.03791
0.047117
0.023667
0.023873
0.023996
0.02324
0.023135
0.022667
0.023034
0.023419
0.022962
0.023014
0.060064
0.060711
0.053033
0.051693
0.052258
0.050532
0.051768
0.052185
0.070055
0.049797
0.050279
0.050152
0.049732
0.050215
0.068638
0.051064
0.0702
0.038747
0.038281
0.068785
0.037546
0.038772
0.047767
0.040944
0.042003
0.040961
0.023762
0.022806
0.023148
0.023688
0.040397
0.023283
0.022961
0.023157
0.060063
0.059595
0.051701
0.052353
0.05177
0.0523
0.051703
0.068974
0.050398
0.050329
0.050295
0.051486
0.050038
0.049808
0.049853
0.069721
0.038034
0.037552
0.068366
0.037326
0.037638
0.037526
0.041822
0.042198
0.041663
0.042099
0.040279
0.023208
0.023392
0.040356
0.023292
0.022969
0.022563
0.023018
0.060459
0.052231
0.053769
0.053453
0.052599
0.051282
0.070804
0.050755
0.050442
0.051174
0.051458
0.050582
0.050263
0.057087
0.051435
0.069358
0.046513
0.066525
0.045978
0.03786
0.046736
0.042972
0.042782
0.042889
0.041454
0.014696
0.04096
0.04033
0.040435
0.02349
0.040312
0.04033
0.023553
0.052823
0.054599
0.053948
0.053742
0.073142
0.072945
0.0721
0.071867
0.050542
0.050165
0.050963
0.05079
0.051221
0.071644
0.070186
0.070163
0.038699
0.067458
0.037429
0.037043
0.037588
0.042821
0.042752
0.04323
0.042851
0.043327
0.043207
0.041933
0.041412
0.042279
0.041893
0.041208
0.041639
0.041702
0.054975
0.054775
0.053342
0.054603
0.053144
0.05374
0.052743
0.052472
0.051463
0.069545
0.050575
0.069723
0.038945
0.070763
0.070818
0.068617
0.068787
0.067415
0.066547
0.037002
0.043303
0.043598
0.044377
0.035038
0.044014
0.042823
0.042994
0.04203
0.042462
0.042572
0.041965
0.042348
0.042274
0.042225
0.055033
0.054031
0.054033
0.053299
0.053781
0.052373
0.051352
0.05276
0.070929
0.050565
0.068729
0.068929
0.037813
0.037794
0.067794
0.06975
0.069169
0.068158
0.037488
0.044326
0.043969
0.044276
0.044139
0.04342
0.04347
0.042796
0.04249
0.067248
0.044009
0.042466
0.043495
0.042354
0.042021
0.041207
0.04036
0.039366
0.037709
0.054635
0.052188
0.052009
0.052932
0.052464
0.050807
0.069014
0.066996
0.068522
0.037418
0.037759
0.038842
0.057059
0.038727
0.037625
0.045188
0.044361
0.043879
0.044618
0.044936
0.04392
0.044098
0.042449
0.069071
0.069059
0.043197
0.044477
0.043078
0.041615
0.040404
0.041295
0.040661
0.038616
0.053951
0.052474
0.051344
0.051345
0.051269
0.05114
0.069567
0.067454
0.037934
0.037472
0.04698
0.038218
0.048134
0.046158
0.045453
0.043525
0.044555
0.035593
0.035681
0.035376
0.035541
0.034997
0.044777
0.044209
0.044514
0.044112
0.044089
0.043632
0.042152
0.041435
0.041834
0.040831
0.03896
0.037585
0.052223
0.052148
0.051707
0.052148
0.051242
0.068347
0.066689
0.068723
0.037619
0.037741
0.046331
0.037215
0.036409
0.036409
0.04311
0.039712
0.038893
0.037118
0.035726
0.034149
0.033775
0.030762
0.027685
0.026926
0.027191
0.034598
0.028187
0.035036
0.027372
0.033781
0.045547
0.043626
0.057525
0.053534
0.038183
0.028574
0.028722
0.039154
0.054935
0.041805
0.052799
0.035866
0.034004
0.033623
0.034248
0.035472
0.034494
0.043537
0.043514
0.041687
0.039612
0.037986
0.036122
0.034145
0.032318
0.027657
0.027669
0.027905
0.027143
0.036052
0.02747
0.034895
0.027175
0.026772
0.035166
0.027301
0.04715
0.037909
0.039902
0.046206
0.0454
0.052864
0.056002
0.055286
0.036068
0.03499
0.034244
0.033461
0.034494
0.035495
0.046554
0.052063
0.0321
0.04061
0.039528
0.025904
0.04086
0.030893
0.028376
0.027805
0.028199
0.029942
0.028833
0.027802
0.027857
0.034957
0.02708
0.034888
0.034469
0.044326
0.044154
0.02817
0.042326
0.036593
0.038654
0.037859
0.042708
0.042428
0.027455
0.034623
0.033777
0.035322
0.035775
0.047318
0.035135
0.0339
0.032822
0.028478
0.037026
0.034492
0.031509
0.027684
0.028759
0.02969
0.031914
0.031192
0.036011
0.035861
0.035658
0.033448
0.034423
0.051777
0.051261
0.046779
0.047037
0.045115
0.045186
0.037782
0.053939
0.041667
0.041837
0.028405
0.035288
0.033846
0.034117
0.034045
0.045244
0.04263
0.035463
0.031157
0.029542
0.036997
0.032054
0.031692
0.027892
0.0305
0.028068
0.02961
0.029002
0.027663
0.027953
0.028718
0.028277
0.042803
0.040061
0.052082
0.054113
0.044207
0.036403
0.056426
0.040297
0.051461
0.065241
0.035681
0.043609
0.057282
0.042933
0.034256
0.033695
0.052135
0.042662
0.048815
0.035347
0.033532
0.027999
0.038198
0.032131
0.029266
0.028206
0.028466
0.03024
0.028015
0.0288
0.029657
0.027877
0.029016
0.030638
0.041253
0.035226
0.034653
0.042897
0.054584
0.043517
0.052265
0.035027
0.034775
0.034341
0.043972
0.031809
0.055936
0.043039
0.034713
0.057219
0.045313
0.043088
0.034135
0.032028
0.028605
0.035536
0.033464
0.031091
0.032149
0.031939
0.031132
0.028332
0.029728
0.030472
0.02864
0.028947
0.035489
0.028442
0.041285
0.054007
0.043634
0.042957
0.04292
0.042325
0.055912
0.040432
0.055572
0.044204
0.054665
0.044439
0.03511
0.051345
0.045747
0.044103
0.040016
0.041973
0.031152
0.039418
0.036229
0.032717
0.031858
0.025132
0.032487
0.031231
0.029835
0.030713
0.029275
0.02965
0.029836
0.03553
0.028237
0.03603
0.042289
0.042176
0.041199
0.028175
0.044188
0.026435
0.032757
0.057237
0.045271
0.044232
0.046415
0.02733
0.035461
0.044365
0.050819
0.039999
0.039276
0.03837
0.03814
0.036074
0.034081
0.030794
0.030651
0.030501
0.032431
0.03067
0.031931
0.029961
0.029144
0.028516
0.036005
0.027789
0.027696
0.028465
0.027725
0.029183
0.02868
0.04306
0.046656
0.033832
0.024441
0.047082
0.044064
0.03574
0.035474
0.052557
0.044777
0.042027
0.040138
0.038378
0.040509
0.038473
0.029309
0.032114
0.028778
0.028709
0.036685
0.029284
0.030694
0.029133
0.030649
0.029197
0.036564
0.036271
0.036138
0.027907
0.029701
0.030112
0.030308
0.028679
0.044111
0.045783
0.047544
0.056584
0.041045
0.035668
0.035525
0.049966
0.049165
0.045784
0.042665
0.042734
0.040126
0.038338
0.038724
0.034405
0.032263
0.037717
0.029771
0.029346
0.038633
0.030813
0.031571
0.030084
0.030667
0.029311
0.028833
0.030456
0.030301
0.044886
0.030428
0.02975
0.033474
0.024917
0.03185
0.029447
0.042929
0.027329
0.035143
0.035744
0.028339
0.035259
0.04655
0.050902
0.042031
0.042756
0.038233
0.038418
0.034121
0.03137
0.030758
0.028697
0.028697
0.029669
0.031034
0.031703
0.029647
0.029603
0.030506
0.031315
0.029981
0.031244
0.030826
0.030886
0.03148
0.032596
0.030277
0.029281
0.028875
0.02809
0.034793
0.034348
0.039369
0.03539
0.035625
0.047967
0.044099
0.044038
0.044774
0.042892
0.031213
0.0374
0.03332
0.031394
0.029398
0.028297
0.029718
0.035733
0.028289
0.028899
0.029062
0.030983
0.030715
0.029374
0.028811
0.029028
0.031711
0.030566
0.030588
0.028251
0.028771
0.028234
0.028316
0.028308
0.034428
0.034386
0.034345
0.034215
0.04677
0.043773
0.04289
0.042321
0.041319
0.038028
0.03847
0.036182
0.032736
0.029995
0.032466
0.032168
0.029673
0.029472
0.031645
0.031959
0.031093
0.031478
0.040111
0.031579
0.028039
0.028834
0.030214
0.029059
0.028886
0.028076
0.028729
0.028345
0.02746
0.034255
0.033922
0.033594
0.032619
0.058797
0.04552
0.045953
0.042187
0.04019
0.04076
0.039065
0.035037
0.033942
0.047019
0.030314
0.031374
0.030726
0.029725
0.03154
0.028274
0.037533
0.039021
0.031406
0.031262
0.035527
0.034807
0.035951
0.027884
0.028871
0.02998
0.035919
0.035084
0.03512
0.035374
0.034526
0.033624
0.03238
0.061058
0.045848
0.04265
0.052025
0.039814
0.039468
0.038768
0.034844
0.034816
0.031691
0.031226
0.028139
0.029242
0.030784
0.032048
0.02992
0.029153
0.039636
0.036952
0.030001
0.035915
0.044347
0.035288
0.036104
0.028275
0.027744
0.035191
0.035594
0.034148
0.035087
0.02707
0.033688
0.033258
0.050378
0.058014
0.054917
0.042263
0.046169
0.036903
0.036708
0.036256
0.041152
0.033564
0.029298
0.028389
0.0367
0.03178
0.029513
0.029738
0.036453
0.031765
0.03691
0.035294
0.036267
0.036083
0.027693
0.03591
0.027376
0.035995
0.027549
0.02856
0.034357
0.034805
0.034303
0.033618
0.041254
0.052196
0.046559
0.055646
0.042504
0.050737
0.037543
0.036428
0.036718
0.03815
0.037175
0.030931
0.045378
0.043754
0.035705
0.030136
0.035583
0.035451
0.03744
0.031249
0.053765
0.044658
0.028527
0.044914
0.027516
0.027406
0.027428
0.027628
0.028161
0.035535
0.033884
0.033749
0.040457
0.032695
0.074527
0.047459
0.053965
0.042514
0.041589
0.048747
0.046101
0.043398
0.036295
0.069769
0.036612
0.067552
0.045108
0.045646
0.038476
0.03678
0.04532
0.03638
0.028774
0.02876
0.036209
0.03619
0.035098
0.028296
0.030186
0.03003
0.029998
0.030299
0.027465
0.03516
0.034436
0.033544
0.032547
0.069095
0.048721
0.056897
0.043828
0.037519
0.038484
0.037141
0.036061
0.070525
0.066821
0.066815
0.067522
0.035943
0.029471
0.031798
0.037165
0.029178
0.031425
0.027901
0.035895
0.043952
0.035916
0.038299
0.029034
0.030702
0.03103
0.031342
0.03187
0.029836
0.027687
0.027479
0.034355
0.040598
0.072713
0.050519
0.046314
0.05552
0.041198
0.04452
0.07065
0.07023
0.068412
0.069612
0.069985
0.067262
0.035431
0.02907
0.030128
0.031631
0.036149
0.029209
0.066078
0.035616
0.029005
0.037941
0.032134
0.029076
0.028733
0.030933
0.028668
0.030818
0.028576
0.034686
0.034324
0.042536
0.041528
0.078327
0.058897
0.048704
0.042723
0.052572
0.043537
0.035587
0.035778
0.070505
0.071179
0.069644
0.055293
0.06613
0.067901
0.067347
0.036622
0.029147
0.036254
0.064792
0.064408
0.029097
0.031191
0.038675
0.036804
0.030606
0.029423
0.029012
0.036864
0.028218
0.034465
0.034872
0.033865
0.041163
0.07866
0.062352
0.053759
0.046768
0.042754
0.052178
0.044129
0.045329
0.044399
0.029262
0.070549
0.056304
0.066807
0.067567
0.035194
0.066339
0.029852
0.029473
0.065878
0.034642
0.02883
0.028852
0.038086
0.036829
0.030998
0.031879
0.028664
0.027787
0.043907
0.033714
0.043423
0.042664
0.041183
0.10032
0.067535
0.058197
0.050992
0.043922
0.053281
0.049573
0.043708
0.045135
0.028705
0.070558
0.05671
0.02837
0.066326
0.028436
0.029386
0.031177
0.055855
0.064344
0.064053
0.065609
0.027882
0.039356
0.025852
0.031618
0.031106
0.0284
0.035503
0.033405
0.033459
0.0424
0.034088
0.033193
0.14273
0.078818
0.058791
0.051132
0.046572
0.053386
0.049339
0.045908
0.035779
0.028527
0.037588
0.038104
0.037064
0.028513
0.031149
0.028288
0.066198
0.053016
0.064238
0.062908
0.062678
0.065159
0.031403
0.039359
0.036935
0.028954
0.042779
0.027598
0.035086
0.042851
0.0425
0.041737
0.033714
0.16591
0.12211
0.078788
0.066379
0.048459
0.043884
0.051353
0.047323
0.044006
0.045746
0.035896
0.037773
0.036667
0.029111
0.029925
0.029043
0.054622
0.066465
0.064749
0.063695
0.062716
0.063799
0.028464
0.029096
0.035373
0.042956
0.034606
0.042968
0.043366
0.034004
0.035465
0.034562
0.041834
0.16776
0.13913
0.077818
0.072446
0.049196
0.05562
0.053778
0.040039
0.037365
0.034976
0.033083
0.031769
0.029911
0.036879
0.037028
0.067191
0.066868
0.048014
0.065957
0.064935
0.052876
0.063592
0.029003
0.02946
0.034318
0.04372
0.042335
0.034058
0.04249
0.043651
0.03497
0.033289
0.033596
0.16449
0.14997
0.1126
0.082086
0.054739
0.059235
0.054832
0.041362
0.038358
0.045369
0.043471
0.032966
0.031075
0.035572
0.028967
0.053824
0.057782
0.054117
0.054419
0.054897
0.053331
0.052634
0.029028
0.052168
0.063214
0.033973
0.041835
0.042883
0.042957
0.035104
0.035063
0.043568
0.034289
0.15507
0.18332
0.17718
0.083237
0.071152
0.059464
0.054219
0.053375
0.040598
0.039494
0.035534
0.033807
0.030471
0.036597
0.068847
0.056432
0.056878
0.057568
0.056948
0.053468
0.066269
0.054064
0.054139
0.065598
0.063571
0.035119
0.035526
0.034479
0.033897
0.034452
0.063158
0.062989
0.033943
0.15342
0.1528
0.17835
0.14556
0.080254
0.062145
0.056353
0.052758
0.051417
0.038903
0.036563
0.042291
0.043828
0.045844
0.057072
0.055742
0.056878
0.054999
0.053083
0.04672
0.037501
0.052787
0.052199
0.06467
0.036064
0.035862
0.027697
0.063881
0.034387
0.061918
0.061063
0.06026
0.060741
0.15344
0.18293
0.1281
0.17103
0.10354
0.070343
0.059313
0.054417
0.041801
0.0402
0.03866
0.042364
0.044322
0.069137
0.055053
0.05914
0.058724
0.056057
0.066215
0.047738
0.04814
0.064043
0.052287
0.065533
0.065046
0.027735
0.035216
0.062167
0.033954
0.033749
0.033541
0.061422
0.032567
0.18586
0.12733
0.12769
0.12589
0.1439
0.081308
0.063783
0.056579
0.052819
0.050582
0.046675
0.044421
0.042206
0.036999
0.068791
0.029245
0.059438
0.057298
0.052865
0.063229
0.064083
0.066467
0.028657
0.029103
0.036503
0.03485
0.062708
0.032684
0.032896
0.033495
0.032731
0.059955
0.059771
0.10915
0.12747
0.12821
0.17668
0.17332
0.11098
0.065987
0.055874
0.051939
0.050534
0.047905
0.045317
0.035596
0.035637
0.068389
0.068785
0.056239
0.054886
0.066021
0.064538
0.065929
0.065428
0.028062
0.03564
0.035142
0.034309
0.062335
0.032822
0.059139
0.039687
0.032293
0.031467
0.058526
0.15095
0.18456
0.17842
0.17677
0.1755
0.14677
0.094081
0.056793
0.0439
0.045961
0.044155
0.046373
0.036527
0.035345
0.068278
0.068758
0.028986
0.067872
0.064537
0.066625
0.065136
0.054579
0.029162
0.035565
0.042677
0.033603
0.042059
0.032888
0.031833
0.032463
0.057041
0.057267
0.05768
0.10907
0.12975
0.17605
0.17265
0.17555
0.17495
0.11431
0.083963
0.05035
0.040809
0.03595
0.034045
0.071148
0.070782
0.068263
0.069619
0.06927
0.065124
0.064162
0.065245
0.028741
0.054375
0.052668
0.045143
0.034195
0.041283
0.040948
0.058654
0.05754
0.058304
0.057867
0.056995
0.070883
0.11179
0.11004
0.12717
0.1244
0.17541
0.17621
0.15589
0.083273
0.072935
0.044829
0.038438
0.069311
0.070092
0.069703
0.067344
0.066878
0.066142
0.065452
0.064487
0.063701
0.065926
0.06612
0.052589
0.063404
0.033245
0.032683
0.031645
0.05807
0.056817
0.051625
0.058368
0.040627
0.068524
0.090347
0.10828
0.10602
0.10322
0.12416
0.17464
0.10689
0.11794
0.069416
0.0526
0.041685
0.069452
0.069417
0.067008
0.06635
0.048809
0.066428
0.06308
0.033654
0.062506
0.061826
0.06299
0.06265
0.062772
0.060699
0.060156
0.060482
0.032817
0.058731
0.041239
0.04109
0.041035
0.068806
0.090931
0.084403
0.083376
0.084036
0.083272
0.12432
0.1255
0.083696
0.080873
0.079665
0.071137
0.068605
0.069129
0.067394
0.048023
0.047486
0.065246
0.063943
0.033592
0.03415
0.063599
0.06257
0.061227
0.059072
0.060232
0.060179
0.058275
0.060599
0.060356
0.041603
0.057537
0.057455
0.056461
0.089956
0.086519
0.085217
0.10604
0.083173
0.083051
0.082856
0.10199
0.078687
0.078497
0.056217
0.070371
0.068059
0.066829
0.047345
0.048547
0.065234
0.064611
0.063543
0.064201
0.064682
0.062477
0.043067
0.04158
0.043864
0.059419
0.058317
0.042956
0.060839
0.043566
0.041382
0.07015
0.069646
0.086566
0.085812
0.084421
0.084173
0.083873
0.060766
0.083188
0.080893
0.077644
0.079523
0.059094
0.055018
0.048583
0.049052
0.047486
0.047077
0.045734
0.064085
0.046665
0.063141
0.044082
0.06156
0.059787
0.059136
0.042502
0.043724
0.041979
0.041949
0.041966
0.058101
0.058529
0.070094
0.068006
0.083673
0.084421
0.083855
0.083448
0.083372
0.058977
0.081211
0.078872
0.05733
0.056338
0.056514
0.056916
0.052314
0.049222
0.04859
0.047363
0.045771
0.047233
0.046435
0.044294
0.05366
0.042092
0.052821
0.041621
0.04192
0.059043
0.042152
0.041532
0.041046
0.05211
0.058083
0.031389
0.068243
0.085603
0.083766
0.083787
0.084738
0.060786
0.059747
0.081146
0.057829
0.057149
0.070204
0.05639
0.056654
0.056236
0.036016
0.047068
0.046504
0.04597
0.045219
0.044813
0.043874
0.053221
0.052214
0.053028
0.042013
0.042347
0.041884
0.058792
0.041162
0.052189
0.071447
0.070838
0.069407
0.066791
0.052349
0.045983
0.040752
0.02292
0.044823
0.044457
0.043616
0.04952
0.042537
0.050515
0.033638
0.025238
0.040667
0.05953
0.03174
0.025422
0.033102
0.024738
0.049096
0.023656
0.021474
0.024248
0.024302
0.024206
0.023969
0.031264
0.031274
0.028294
0.028096
0.028349
0.028148
0.033439
0.035338
0.041821
0.045759
0.037503
0.022294
0.022193
0.021441
0.043458
0.02082
0.063353
0.021681
0.025593
0.039555
0.040693
0.042695
0.033159
0.033407
0.024979
0.024461
0.024207
0.024347
0.024228
0.023937
0.032139
0.024607
0.023932
0.030946
0.029436
0.028503
0.028391
0.028532
0.028511
0.027699
0.028063
0.042773
0.026351
0.022903
0.039879
0.021902
0.06587
0.020698
0.02716
0.062312
0.029817
0.039722
0.03945
0.033138
0.021482
0.025079
0.033412
0.025095
0.024372
0.031669
0.025056
0.024057
0.024659
0.025812
0.032914
0.024197
0.030997
0.028792
0.030112
0.028423
0.028399
0.028035
0.028153
0.028013
0.042592
0.038623
0.02264
0.049453
0.044379
0.043853
0.064794
0.050142
0.025637
0.023347
0.022314
0.025252
0.025293
0.025306
0.025159
0.025103
0.024801
0.025016
0.024998
0.032593
0.025934
0.025918
0.025736
0.024152
0.032487
0.030228
0.028495
0.028304
0.028348
0.027019
0.028014
0.034588
0.027423
0.04261
0.037997
0.035996
0.022188
0.034153
0.049656
0.033459
0.048863
0.025518
0.026569
0.025811
0.026696
0.02666
0.026593
0.026579
0.025281
0.025061
0.024875
0.025526
0.026302
0.024818
0.024422
0.024688
0.024594
0.03125
0.031138
0.030425
0.054856
0.028346
0.028368
0.028249
0.028011
0.027813
0.042164
0.038211
0.03585
0.044938
0.040978
0.048777
0.049829
0.035378
0.026955
0.025307
0.026706
0.025997
0.026678
0.025656
0.02688
0.025969
0.024711
0.026354
0.025239
0.024856
0.024832
0.024743
0.024618
0.030839
0.029242
0.028733
0.028858
0.028162
0.029505
0.035705
0.05374
0.028178
0.027789
0.041397
0.038285
0.047797
0.034143
0.032624
0.030787
0.029148
0.028872
0.026597
0.026379
0.026893
0.0262
0.026648
0.026396
0.026573
0.026499
0.025076
0.025174
0.024841
0.031988
0.024904
0.032581
0.031544
0.028636
0.028744
0.028311
0.028307
0.028163
0.023707
0.043233
0.046615
0.028257
0.028069
0.041328
0.038241
0.036124
0.036239
0.033721
0.032377
0.029561
0.02759
0.026831
0.027012
0.026602
0.025871
0.026655
0.027137
0.026987
0.026533
0.026064
0.025766
0.024952
0.024876
0.032883
0.029442
0.030073
0.028674
0.028597
0.046967
0.028318
0.028221
0.029685
0.047648
0.02787
0.027869
0.027841
0.050861
0.038877
0.037551
0.036633
0.034435
0.041834
0.042178
0.02952
0.027538
0.026987
0.02687
0.027086
0.027106
0.027139
0.027732
0.026517
0.025283
0.024973
0.024858
0.031366
0.03156
0.028873
0.028748
0.028657
0.02843
0.046799
0.028362
0.030034
0.029616
0.043162
0.05234
0.052207
0.04276
0.034043
0.040415
0.039319
0.026598
0.035644
0.033894
0.026397
0.030729
0.028326
0.028033
0.028171
0.027922
0.027167
0.027013
0.027083
0.025424
0.025973
0.02504
0.025024
0.030147
0.030111
0.028769
0.028466
0.028669
0.04332
0.028478
0.028561
0.028502
0.028409
0.034921
0.034172
0.052496
0.034615
0.034327
0.040935
0.039517
0.037561
0.026141
0.034076
0.027007
0.031148
0.032566
0.034277
0.031022
0.029048
0.027869
0.026949
0.027157
0.026986
0.026786
0.025743
0.024892
0.030066
0.029932
0.029327
0.028703
0.028698
0.028645
0.03343
0.04327
0.028364
0.052667
0.034535
0.034593
0.034427
0.034332
0.042872
0.040348
0.027166
0.037703
0.036844
0.034911
0.032524
0.03868
0.023299
0.0544
0.021516
0.031306
0.027874
0.0273
0.026987
0.026958
0.02677
0.026364
0.026317
0.024814
0.030619
0.029501
0.028629
0.028062
0.028604
0.028642
0.035433
0.034325
0.034532
0.034677
0.034262
0.034721
0.034412
0.044061
0.040797
0.027737
0.026975
0.047052
0.026178
0.040693
0.026471
0.022922
0.033705
0.030925
0.030527
0.027879
0.027159
0.027005
0.026522
0.026467
0.026429
0.026294
0.024812
0.03147
0.0288
0.028527
0.035418
0.035229
0.043335
0.042119
0.034625
0.034808
0.037575
0.040945
0.04012
0.034173
0.043975
0.041129
0.039562
0.027969
0.048982
0.036682
0.033399
0.03158
0.032203
0.033179
0.027844
0.027937
0.02773
0.027167
0.026946
0.026649
0.026435
0.025599
0.026302
0.024824
0.031607
0.03055
0.028714
0.027782
0.033678
0.053046
0.033718
0.034207
0.034076
0.037506
0.037752
0.037815
0.036751
0.044225
0.041504
0.029834
0.038874
0.048624
0.028642
0.040965
0.042982
0.030132
0.026971
0.027924
0.027188
0.027157
0.026637
0.025592
0.026511
0.026494
0.025047
0.024702
0.032928
0.03094
0.028809
0.028779
0.028562
0.047282
0.033259
0.033599
0.03357
0.039451
0.041349
0.038614
0.045723
0.04559
0.044113
0.051954
0.046427
0.039558
0.028099
0.038462
0.047055
0.052913
0.02764
0.045676
0.027555
0.027795
0.02681
0.026613
0.026711
0.026543
0.026187
0.025043
0.024984
0.024636
0.030985
0.02891
0.028749
0.028703
0.029651
0.028968
0.033572
0.033472
0.033566
0.043749
0.037699
0.045288
0.037933
0.042701
0.034925
0.031249
0.044404
0.028951
0.030548
0.028901
0.028297
0.030679
0.028036
0.02864
0.02726
0.026728
0.026847
0.026987
0.026959
0.026646
0.025915
0.026475
0.032219
0.031022
0.02905
0.028863
0.02938
0.030733
0.030775
0.030915
0.038465
0.033521
0.034204
0.036545
0.038546
0.049249
0.068035
0.036338
0.031982
0.029501
0.028819
0.05047
0.04782
0.029851
0.028595
0.042382
0.027378
0.027322
0.027037
0.027198
0.02706
0.027447
0.026904
0.026465
0.026018
0.024851
0.031445
0.030501
0.031482
0.031175
0.024662
0.024835
0.03167
0.030201
0.033474
0.03336
0.034289
0.038619
0.037983
0.047763
0.043603
0.033954
0.047962
0.039659
0.027976
0.029335
0.034611
0.028607
0.029501
0.027748
0.027808
0.027161
0.027083
0.02627
0.026875
0.026441
0.026034
0.025192
0.024987
0.031334
0.032756
0.032221
0.03089
0.024589
0.031265
0.0304
0.028316
0.028321
0.048021
0.054875
0.034964
0.038058
0.051894
0.064618
0.044353
0.041477
0.040587
0.03698
0.028553
0.052512
0.037048
0.030631
0.027648
0.026848
0.027053
0.026772
0.026527
0.025828
0.026567
0.026469
0.025115
0.024889
0.03185
0.032159
0.024792
0.032519
0.052039
0.030444
0.030434
0.030418
0.028436
0.028168
0.029169
0.045766
0.035037
0.059094
0.046557
0.057304
0.036952
0.054085
0.031584
0.029219
0.034083
0.031287
0.029844
0.027748
0.027557
0.026835
0.02497
0.025992
0.026491
0.025172
0.025284
0.026369
0.026379
0.026318
0.024859
0.031597
0.031095
0.030493
0.030432
0.029872
0.028498
0.028394
0.028314
0.029512
0.030947
0.034616
0.042602
0.043222
0.053247
0.034729
0.019916
0.028302
0.029131
0.028906
0.031615
0.029569
0.028281
0.02805
0.02656
0.026066
0.026094
0.026702
0.026679
0.026506
0.026446
0.026408
0.026224
0.026322
0.025157
0.02481
0.049073
0.024584
0.031441
0.028448
0.028565
0.029866
0.03075
0.028347
0.043061
0.068602
0.06331
0.059204
0.045596
0.031484
0.027943
0.036225
0.027559
0.033432
0.033068
0.028757
0.027351
0.026723
0.026609
0.026856
0.026475
0.026908
0.02654
0.026465
0.026429
0.036782
0.02546
0.025719
0.025326
0.028046
0.024703
0.031156
0.02987
0.030312
0.028781
0.0279
0.029695
0.030443
0.061998
0.064043
0.068111
0.071314
0.053326
0.040741
0.039208
0.0346
0.032446
0.031194
0.029669
0.026725
0.027296
0.028953
0.02759
0.02718
0.026864
0.02704
0.026725
0.026455
0.025782
0.02423
0.024567
0.051153
0.025541
0.024907
0.032639
0.03205
0.030057
0.030566
0.029765
0.029324
0.029698
0.13305
0.059594
0.05894
0.0407
0.049485
0.048206
0.038368
0.025778
0.034247
0.049522
0.035488
0.035531
0.031712
0.029317
0.027835
0.026988
0.02698
0.026851
0.026686
0.026054
0.024539
0.03209
0.024543
0.027982
0.038767
0.024712
0.023589
0.030125
0.030204
0.030044
0.029329
0.029382
0.029869
0.084154
0.083088
0.041799
0.05748
0.037846
0.034313
0.027075
0.025507
0.03455
0.033128
0.032518
0.031005
0.029116
0.027668
0.027073
0.027228
0.02635
0.026566
0.026009
0.025803
0.024499
0.024676
0.024809
0.024484
0.02476
0.024731
0.031801
0.030398
0.03077
0.029168
0.029142
0.022373
0.030423
0.081446
0.082824
0.074243
0.056545
0.041526
0.049164
0.027915
0.025755
0.025875
0.034158
0.032044
0.031303
0.028303
0.027357
0.027114
0.026656
0.026555
0.025778
0.024438
0.02423
0.024123
0.024641
0.024532
0.024094
0.024121
0.024535
0.023288
0.031052
0.02245
0.029563
0.029531
0.029997
0.029972
0.082014
0.080212
0.11875
0.068244
0.073315
0.035226
0.028221
0.025597
0.036845
0.035736
0.032437
0.03122
0.028986
0.026892
0.027257
0.027218
0.026062
0.025721
0.025108
0.024641
0.024104
0.032641
0.023994
0.024233
0.024156
0.023537
0.02397
0.022982
0.022664
0.022905
0.029648
0.02838
0.028874
0.059443
0.058658
0.14583
0.091451
0.083182
0.039292
0.048294
0.047837
0.042566
0.035459
0.033061
0.031391
0.029507
0.027262
0.027117
0.02764
0.026221
0.026233
0.023927
0.024005
0.030437
0.03089
0.024046
0.025431
0.023953
0.030582
0.031241
0.031349
0.030607
0.029973
0.029063
0.021737
0.028918
0.058237
0.058155
0.078259
0.12556
0.068157
0.045739
0.034524
0.04792
0.026009
0.036985
0.034533
0.031618
0.030403
0.027626
0.026816
0.026872
0.026177
0.024694
0.024371
0.031164
0.031548
0.031611
0.023815
0.023618
0.023699
0.029983
0.027541
0.030226
0.029638
0.029396
0.022438
0.029172
0.027162
0.05829
0.058208
0.075485
0.078284
0.071194
0.082649
0.046887
0.029377
0.0474
0.024797
0.03519
0.032571
0.030994
0.028246
0.027229
0.02698
0.025829
0.023939
0.041184
0.048942
0.030779
0.031285
0.02373
0.032084
0.023881
0.029603
0.028816
0.027285
0.029298
0.02842
0.022251
0.029307
0.028289
0.076029
0.12415
0.076744
0.075708
0.0753
0.068902
0.04154
0.033208
0.027385
0.038174
0.036476
0.023655
0.023773
0.030491
0.027892
0.027136
0.025628
0.039146
0.023973
0.039668
0.032452
0.022957
0.023243
0.023187
0.030984
0.029116
0.027501
0.027777
0.029726
0.030954
0.021857
0.026793
0.029308
0.076673
0.075368
0.12205
0.074874
0.072492
0.054549
0.047708
0.060624
0.028906
0.025824
0.042563
0.023154
0.023843
0.031538
0.029022
0.026377
0.025005
0.023879
0.023934
0.023426
0.030931
0.030757
0.023475
0.022599
0.031154
0.027687
0.027561
0.027515
0.029146
0.021914
0.029569
0.027432
0.026867
0.075764
0.07358
0.056229
0.074435
0.039396
0.0552
0.054289
0.053865
0.047796
0.041058
0.023302
0.042946
0.042887
0.031846
0.029093
0.02644
0.025661
0.025192
0.024988
0.024421
0.023761
0.023429
0.032126
0.022743
0.031656
0.029526
0.027249
0.02766
0.029517
0.030221
0.028711
0.02656
0.026639
0.058496
0.075039
0.074378
0.057288
0.040419
0.056538
0.054803
0.056507
0.051746
0.047539
0.024109
0.042511
0.023208
0.032963
0.030344
0.027536
0.025938
0.02622
0.025384
0.023926
0.024922
0.023685
0.031412
0.031353
0.031842
0.031011
0.028306
0.028717
0.028712
0.028224
0.02754
0.027204
0.026594
0.05976
0.0764
0.074956
0.057952
0.058032
0.041629
0.057045
0.057102
0.057186
0.051394
0.048532
0.023682
0.035853
0.033504
0.03116
0.028981
0.026077
0.026193
0.025392
0.025275
0.024983
0.023845
0.024183
0.023875
0.030248
0.030044
0.029651
0.028745
0.026982
0.026647
0.026514
0.026642
0.026625
0.046325
0.044051
0.058595
0.058338
0.041733
0.041738
0.041791
0.041723
0.041595
0.039726
0.049249
0.02599
0.037728
0.035103
0.032121
0.030175
0.027249
0.025961
0.025485
0.02528
0.025815
0.024273
0.023378
0.030843
0.023745
0.030745
0.028302
0.048394
0.026921
0.026769
0.026728
0.026968
0.026723
0.051087
0.045214
0.042866
0.058372
0.041712
0.042192
0.042371
0.042591
0.041715
0.057632
0.03472
0.02814
0.039746
0.038178
0.03439
0.031476
0.028862
0.026579
0.025924
0.02491
0.024868
0.024445
0.023295
0.022969
0.030477
0.031031
0.028214
0.027372
0.02734
0.044068
0.027396
0.027504
0.027236
0.05323
0.032038
0.042941
0.028143
0.042215
0.042699
0.045233
0.052195
0.042674
0.059813
0.042166
0.031619
0.046021
0.040021
0.035976
0.032671
0.02989
0.027938
0.026047
0.025626
0.029515
0.024759
0.023827
0.023745
0.031259
0.030948
0.03052
0.027689
0.027484
0.027862
0.027319
0.027639
0.027295
0.038417
0.032038
0.04407
0.043057
0.064122
0.044323
0.07016
0.046353
0.043572
0.042651
0.041676
0.055441
0.030703
0.040301
0.039543
0.034334
0.0318
0.04205
0.026071
0.025666
0.024673
0.025115
0.024455
0.02511
0.023362
0.031721
0.030609
0.027726
0.027407
0.02798
0.027943
0.027836
0.027144
0.036715
0.045278
0.047248
0.069692
0.046999
0.048918
0.048234
0.042818
0.041832
0.042242
0.041718
0.047158
0.052965
0.027526
0.045631
0.036334
0.033427
0.042584
0.041551
0.025533
0.025287
0.025209
0.025616
0.025007
0.02354
0.031517
0.030518
0.028063
0.029044
0.029578
0.027794
0.028204
0.026893
0.050531
0.052017
0.047761
0.048959
0.046369
0.051305
0.042291
0.030566
0.044878
0.041815
0.042672
0.061951
0.058006
0.032586
0.025331
0.055981
0.035904
0.042327
0.023039
0.022339
0.024912
0.02512
0.02527
0.024777
0.023929
0.031168
0.022976
0.030789
0.029788
0.029705
0.028708
0.027395
0.026963
0.049993
0.043433
0.039467
0.038027
0.045488
0.044946
0.043964
0.04419
0.043358
0.043916
0.0521
0.051903
0.051105
0.039343
0.050951
0.043103
0.043283
0.044486
0.044253
0.044461
0.074025
0.043647
0.043385
0.050239
0.044703
0.043315
0.043377
0.071837
0.043093
0.043002
0.071937
0.072066
0.070834
0.058572
0.05117
0.04676
0.044992
0.052438
0.052943
0.04471
0.044614
0.043636
0.05062
0.042826
0.050924
0.051483
0.050973
0.051297
0.042461
0.04254
0.073537
0.044245
0.07407
0.043284
0.043536
0.043112
0.043297
0.043416
0.043385
0.043653
0.072053
0.071333
0.071345
0.070889
0.071064
0.071103
0.058792
0.05121
0.054782
0.045095
0.044614
0.05284
0.078849
0.043704
0.042972
0.050326
0.050366
0.043257
0.050593
0.051036
0.050463
0.042823
0.073081
0.043452
0.072824
0.072755
0.043443
0.073207
0.070594
0.071427
0.071313
0.073766
0.073248
0.072173
0.071705
0.07181
0.070004
0.070052
0.06927
0.054811
0.051221
0.054719
0.044033
0.044592
0.079401
0.078732
0.078145
0.077204
0.043041
0.05076
0.050846
0.042693
0.042749
0.043732
0.042867
0.072576
0.072616
0.053133
0.053425
0.052686
0.072557
0.071942
0.070451
0.07116
0.072081
0.072073
0.043386
0.072077
0.042777
0.070402
0.069783
0.068504
0.054487
0.051223
0.054277
0.052078
0.044696
0.043525
0.043917
0.043175
0.043285
0.042975
0.042857
0.042744
0.04258
0.043364
0.051253
0.04408
0.042963
0.072424
0.073015
0.073974
0.052368
0.053027
0.072418
0.051874
0.070962
0.071583
0.071079
0.043789
0.07057
0.069211
0.069595
0.049795
0.068858
0.054431
0.050906
0.057316
0.053905
0.044647
0.044236
0.051965
0.052137
0.042882
0.042375
0.052201
0.0432
0.042492
0.044198
0.051579
0.043791
0.043792
0.042925
0.072247
0.052619
0.052194
0.05305
0.052595
0.052828
0.071523
0.071119
0.071619
0.071331
0.070593
0.069108
0.068454
0.049484
0.068353
0.054258
0.051118
0.048917
0.045916
0.045431
0.052669
0.052328
0.051857
0.043758
0.043288
0.043402
0.043074
0.043267
0.073488
0.072896
0.043451
0.043255
0.072488
0.072205
0.052904
0.052851
0.072486
0.05274
0.053875
0.053456
0.07219
0.07192
0.070574
0.070486
0.041482
0.068516
0.068265
0.068015
0.05523
0.052662
0.049894
0.047
0.045839
0.045663
0.052988
0.052816
0.04434
0.077867
0.076473
0.043072
0.043202
0.073967
0.073355
0.074014
0.0734
0.073288
0.072997
0.052649
0.053028
0.052861
0.072544
0.052577
0.072224
0.072336
0.070558
0.069279
0.070047
0.069086
0.067816
0.068235
0.068366
0.061269
0.053148
0.041399
0.046922
0.046295
0.045831
0.045739
0.038408
0.044509
0.0447
0.077372
0.04267
0.075291
0.075894
0.07554
0.075329
0.074683
0.073396
0.053421
0.053421
0.05413
0.053987
0.052973
0.052647
0.07287
0.051921
0.071254
0.069473
0.069083
0.068144
0.067497
0.068208
0.039912
0.06193
0.052309
0.049134
0.046951
0.046857
0.039165
0.038893
0.038212
0.044875
0.069058
0.078284
0.076568
0.075915
0.075672
0.075764
0.075182
0.074705
0.074093
0.072829
0.074233
0.04693
0.054166
0.053642
0.053802
0.073266
0.072304
0.05257
0.051754
0.050291
0.068395
0.068439
0.040445
0.039871
0.057005
0.054079
0.049614
0.046974
0.047374
0.039346
0.038858
0.069937
0.080218
0.069098
0.078384
0.077485
0.056007
0.054869
0.07456
0.074849
0.07475
0.04334
0.073676
0.053996
0.053722
0.053949
0.054054
0.053982
0.073926
0.073618
0.073042
0.051925
0.051505
0.069248
0.040247
0.040209
0.0404
0.064535
0.0551
0.042989
0.040441
0.039779
0.071374
0.070673
0.08096
0.069584
0.068655
0.078457
0.067403
0.076886
0.075472
0.074546
0.074835
0.074797
0.074879
0.054407
0.074677
0.054012
0.053633
0.053929
0.054513
0.073663
0.074379
0.053901
0.052186
0.052684
0.071783
0.04162
0.041133
0.041026
0.058288
0.055892
0.050799
0.074774
0.073128
0.040011
0.071809
0.071276
0.07137
0.069848
0.068035
0.067866
0.066495
0.075243
0.074945
0.074552
0.074335
0.074832
0.075369
0.074335
0.074218
0.043355
0.073953
0.073834
0.073318
0.073661
0.074292
0.073945
0.05281
0.071808
0.073263
0.041875
0.041753
0.068371
0.056445
0.050703
0.040704
0.039636
0.039706
0.071412
0.039399
0.071182
0.050956
0.049914
0.056843
0.048526
0.075673
0.074699
0.07396
0.07477
0.0656
0.037184
0.064929
0.043802
0.043331
0.074073
0.073669
0.074513
0.064352
0.074555
0.064169
0.073324
0.072968
0.072862
0.042748
0.041463
0.069059
0.057699
0.051253
0.040417
0.073307
0.040451
0.039351
0.071495
0.071717
0.051326
0.068797
0.067901
0.056441
0.076227
0.074789
0.075033
0.075066
0.075378
0.037559
0.037481
0.06488
0.044023
0.073597
0.074436
0.072826
0.044038
0.064677
0.06457
0.073968
0.073205
0.042435
0.04205
0.048595
0.071114
0.058383
0.051374
0.040863
0.07424
0.072758
0.039858
0.07242
0.071568
0.050568
0.049689
0.049818
0.066962
0.076058
0.075873
0.075738
0.065946
0.037903
0.03826
0.037948
0.038131
0.065156
0.074942
0.074672
0.073562
0.074444
0.074079
0.037064
0.073298
0.073977
0.036702
0.050518
0.03725
0.072723
0.060323
0.052633
0.042842
0.074719
0.073314
0.039633
0.071783
0.051786
0.051857
0.050641
0.0497
0.048968
0.066605
0.055605
0.065528
0.065521
0.065785
0.044724
0.037887
0.038379
0.037883
0.038114
0.037772
0.037631
0.073656
0.064419
0.073812
0.074112
0.073301
0.043092
0.041794
0.048676
0.062381
0.062712
0.053698
0.043576
0.074413
0.041102
0.072413
0.07174
0.051842
0.051976
0.05036
0.05002
0.067205
0.066665
0.076045
0.047946
0.055216
0.065718
0.065447
0.037935
0.066042
0.038008
0.065008
0.064569
0.073842
0.074167
0.074278
0.073657
0.074259
0.073368
0.04322
0.042119
0.04082
0.09315
0.066441
0.049197
0.043703
0.041756
0.040694
0.040303
0.072048
0.052616
0.051476
0.05049
0.050384
0.049581
0.048637
0.04809
0.047964
0.048267
0.065904
0.065638
0.066251
0.065986
0.038804
0.064754
0.054558
0.074764
0.064686
0.07448
0.064538
0.06441
0.064487
0.036536
0.072787
0.040928
0.079156
0.06319
0.058972
0.044201
0.041281
0.07417
0.040449
0.073075
0.07339
0.07222
0.071624
0.051225
0.050228
0.05015
0.04897
0.067486
0.067506
0.067343
0.067134
0.066833
0.038028
0.037749
0.065104
0.074561
0.065112
0.064434
0.054288
0.064858
0.065201
0.065038
0.064284
0.073753
0.041913
0.097675
0.069109
0.064014
0.045939
0.073841
0.073549
0.072938
0.073591
0.073514
0.072645
0.072733
0.071923
0.07002
0.051591
0.049811
0.049639
0.067541
0.067663
0.067244
0.066246
0.065305
0.075188
0.065071
0.065724
0.065628
0.047072
0.047071
0.065198
0.065773
0.065257
0.064631
0.063958
0.072742
0.096392
0.076304
0.084413
0.076458
0.074284
0.041082
0.074146
0.073788
0.075138
0.054755
0.075391
0.054193
0.072094
0.071192
0.070482
0.051186
0.068413
0.050933
0.067258
0.067075
0.065683
0.065383
0.065111
0.065343
0.065491
0.047387
0.065516
0.065833
0.066133
0.065522
0.037238
0.073649
0.073757
0.12272
0.084644
0.087465
0.079125
0.07716
0.077084
0.07505
0.054876
0.055022
0.054396
0.054948
0.074167
0.053772
0.073474
0.042071
0.042012
0.051006
0.051177
0.068248
0.067249
0.066262
0.065567
0.047029
0.064802
0.065188
0.065674
0.065526
0.066629
0.06678
0.066185
0.065208
0.065102
0.063999
0.089508
0.089141
0.065671
0.062885
0.058601
0.057256
0.055886
0.055524
0.05476
0.053743
0.054696
0.054825
0.043277
0.04387
0.051675
0.05173
0.050625
0.069041
0.067906
0.068953
0.067279
0.066147
0.066148
0.074735
0.04696
0.047555
0.065594
0.047632
0.066423
0.067033
0.065129
0.065285
0.063973
0.09125
0.093802
0.069469
0.066875
0.049103
0.058894
0.0582
0.055274
0.076327
0.056562
0.055298
0.043929
0.043985
0.060095
0.060388
0.059118
0.071271
0.049177
0.067441
0.068359
0.067883
0.066865
0.06657
0.065416
0.065946
0.047604
0.066454
0.048314
0.06649
0.065323
0.065682
0.065029
0.037349
0.092652
0.093457
0.069895
0.056137
0.052614
0.047498
0.058101
0.045869
0.055613
0.054958
0.045058
0.055613
0.044706
0.044963
0.060543
0.036674
0.05828
0.068345
0.067717
0.067946
0.048765
0.067012
0.066153
0.065995
0.065802
0.065962
0.066082
0.06557
0.066251
0.066207
0.065275
0.064678
0.064481
0.10826
0.094339
0.069766
0.058421
0.058995
0.049482
0.046472
0.057838
0.056004
0.05727
0.056004
0.076695
0.044374
0.043261
0.059751
0.073223
0.058823
0.071298
0.070202
0.068302
0.049028
0.066265
0.066186
0.04744
0.065678
0.047763
0.048277
0.066695
0.066201
0.066426
0.066238
0.064729
0.065225
0.078374
0.094391
0.057258
0.055695
0.057757
0.052528
0.048143
0.057123
0.057514
0.055836
0.062309
0.05564
0.054132
0.053592
0.07217
0.070778
0.072121
0.051374
0.069537
0.067667
0.067443
0.067055
0.066565
0.066966
0.04867
0.04954
0.048722
0.048729
0.068147
0.066991
0.066496
0.06603
0.037122
0.077093
0.0764
0.076518
0.0352
0.057169
0.054904
0.049063
0.035289
0.04615
0.046061
0.045807
0.055857
0.055009
0.053434
0.071317
0.070371
0.07105
0.071679
0.069586
0.067714
0.066618
0.067019
0.049295
0.050592
0.068383
0.048693
0.068017
0.06716
0.06771
0.066502
0.06642
0.066344
0.038419
0.10623
0.10883
0.078894
0.058559
0.058027
0.057407
0.052141
0.048556
0.048147
0.046459
0.047505
0.047099
0.055527
0.054878
0.072728
0.041808
0.069604
0.070736
0.042724
0.068195
0.067524
0.048279
0.067165
0.068969
0.068275
0.050096
0.068634
0.040916
0.039864
0.039428
0.066374
0.066077
0.038238
0.11066
0.079158
0.079048
0.056705
0.059106
0.083037
0.056802
0.048798
0.046957
0.045971
0.064476
0.064048
0.044961
0.044028
0.073578
0.052569
0.070268
0.071688
0.041791
0.04143
0.06746
0.067135
0.067203
0.068668
0.067805
0.068943
0.068713
0.041086
0.046859
0.046803
0.066379
0.03902
0.045103
0.078923
0.10993
0.10933
0.076391
0.057305
0.060718
0.057083
0.054319
0.049185
0.065782
0.066492
0.06517
0.063409
0.075503
0.07389
0.073207
0.070278
0.042507
0.068185
0.040495
0.041057
0.067632
0.039513
0.067132
0.067299
0.067146
0.068738
0.040393
0.045937
0.047265
0.045484
0.04034
0.045652
0.077915
0.079188
0.10936
0.055874
0.056395
0.057472
0.061494
0.08138
0.070473
0.066588
0.065578
0.078267
0.077381
0.075035
0.054221
0.054417
0.07192
0.041948
0.069582
0.040446
0.040797
0.039952
0.0674
0.067732
0.067183
0.041048
0.040839
0.039774
0.046391
0.045758
0.046391
0.045495
0.045166
0.080737
0.080578
0.077437
0.056375
0.055859
0.058121
0.063462
0.062129
0.056857
0.073522
0.068629
0.063365
0.077651
0.076877
0.055547
0.060946
0.059708
0.035594
0.070117
0.06992
0.067969
0.040566
0.039998
0.068907
0.040314
0.041987
0.041087
0.039922
0.046
0.046581
0.046659
0.04544
0.044933
0.060094
0.08264
0.07932
0.057905
0.055884
0.058107
0.061689
0.063107
0.08338
0.072739
0.072053
0.064941
0.064337
0.045304
0.055615
0.062793
0.062107
0.036066
0.072314
0.041675
0.069214
0.067629
0.068926
0.040833
0.041592
0.03539
0.0414
0.041074
0.046566
0.046123
0.045904
0.045398
0.033746
0.085999
0.063684
0.084454
0.058852
0.086175
0.080764
0.086306
0.064521
0.085987
0.078898
0.07407
0.049479
0.046948
0.04632
0.045033
0.054977
0.036732
0.061248
0.059391
0.042732
0.070354
0.069441
0.070219
0.04203
0.039566
0.042309
0.034848
0.041293
0.047187
0.047048
0.047882
0.045597
0.0453
0.11845
0.086563
0.084398
0.061646
0.087272
0.083898
0.084012
0.071399
0.071677
0.086015
0.075728
0.051798
0.047281
0.047108
0.062111
0.061826
0.035556
0.062937
0.060882
0.036128
0.07245
0.041747
0.035288
0.042494
0.047954
0.042137
0.041919
0.041869
0.040999
0.047258
0.04689
0.035008
0.044764
0.11657
0.11445
0.079882
0.085143
0.087311
0.063516
0.061586
0.063984
0.052336
0.064364
0.059019
0.052196
0.049971
0.050435
0.063571
0.063486
0.042983
0.035986
0.040517
0.037241
0.035657
0.041016
0.036864
0.039824
0.038603
0.039713
0.039537
0.042262
0.047108
0.046452
0.034099
0.034047
0.033307
0.079595
0.093888
0.069298
0.056789
0.087012
0.059472
0.061518
0.06331
0.038648
0.063176
0.061501
0.046324
0.053864
0.050378
0.065516
0.063747
0.040537
0.049577
0.040195
0.040475
0.035807
0.040003
0.039991
0.039313
0.031696
0.03205
0.031775
0.03629
0.034888
0.046025
0.04657
0.046956
0.034296
0.077833
0.070014
0.068218
0.069569
0.057039
0.036035
0.037882
0.039905
0.038297
0.037627
0.060795
0.061853
0.05238
0.048315
0.066354
0.037361
0.041505
0.039581
0.032766
0.03237
0.033155
0.039309
0.038845
0.032343
0.039878
0.032319
0.03196
0.036337
0.046769
0.035205
0.035495
0.047545
0.047371
0.069341
0.070081
0.07091
0.068841
0.044657
0.035795
0.061058
0.063314
0.037486
0.060917
0.053565
0.063909
0.058461
0.067782
0.067204
0.06773
0.038497
0.039997
0.034131
0.032708
0.033216
0.042453
0.039993
0.03237
0.032291
0.036512
0.031421
0.036396
0.035727
0.034888
0.035467
0.03552
0.034328
0.069315
0.070129
0.056884
0.057904
0.036728
0.036864
0.039941
0.063481
0.063346
0.064257
0.063951
0.064635
0.058174
0.050653
0.068324
0.067715
0.039056
0.036752
0.03959
0.040377
0.041116
0.040135
0.038941
0.040031
0.032351
0.031627
0.031185
0.036526
0.036496
0.034951
0.034872
0.034813
0.034835
0.062253
0.058727
0.055547
0.052737
0.049071
0.045825
0.044548
0.042065
0.038952
0.036652
0.037004
0.037689
0.037117
0.036647
0.036463
0.036587
0.036334
0.036831
0.037303
0.036642
0.036202
0.036227
0.035874
0.035611
0.03559
0.035718
0.035962
0.035854
0.035554
0.035559
0.035346
0.03531
0.034874
0.06221
0.058778
0.056089
0.052627
0.049642
0.04589
0.044055
0.042013
0.039281
0.036727
0.036756
0.03708
0.036923
0.036366
0.036166
0.0364
0.036682
0.037336
0.037009
0.03659
0.035884
0.035884
0.035739
0.035497
0.035338
0.035526
0.036388
0.035827
0.035398
0.035234
0.039373
0.039372
0.039529
0.062011
0.058565
0.055424
0.051558
0.048511
0.045955
0.044484
0.04106
0.038377
0.037205
0.036823
0.037115
0.036289
0.03628
0.036032
0.036379
0.036928
0.037677
0.037127
0.03626
0.03577
0.035829
0.03563
0.039607
0.035298
0.035623
0.035849
0.036076
0.03537
0.035097
0.035075
0.035253
0.034951
0.061728
0.058137
0.055856
0.051618
0.049393
0.046502
0.045104
0.042539
0.038746
0.038074
0.036814
0.037072
0.036939
0.036337
0.036299
0.036384
0.037132
0.037138
0.03665
0.036677
0.035755
0.035446
0.035392
0.035184
0.035406
0.035405
0.035601
0.035545
0.035247
0.035163
0.035017
0.035003
0.035206
0.061685
0.058654
0.055942
0.053419
0.048916
0.046341
0.045186
0.042592
0.039687
0.038032
0.037593
0.037168
0.036974
0.036361
0.036444
0.037919
0.037723
0.03771
0.036162
0.036203
0.035883
0.035814
0.035454
0.035551
0.035662
0.035649
0.035392
0.035176
0.035465
0.035159
0.039219
0.034894
0.035249
0.062626
0.061643
0.05631
0.053197
0.050509
0.047359
0.04583
0.042477
0.039509
0.038214
0.038411
0.037402
0.037254
0.037792
0.037936
0.036606
0.03673
0.03681
0.036385
0.036188
0.036017
0.035853
0.035623
0.03563
0.035655
0.035442
0.035504
0.03534
0.035297
0.035209
0.035199
0.034953
0.035146
0.06488
0.060339
0.057992
0.055052
0.05452
0.047449
0.044466
0.04239
0.040005
0.037317
0.037078
0.037227
0.037039
0.037025
0.037426
0.036836
0.036788
0.036084
0.035859
0.035783
0.035874
0.03567
0.035905
0.035599
0.035632
0.035365
0.035378
0.035409
0.035251
0.035352
0.035037
0.03516
0.035023
0.065139
0.060454
0.057391
0.054254
0.051329
0.047441
0.044113
0.042084
0.039478
0.037816
0.037229
0.037054
0.036944
0.036589
0.036535
0.036463
0.036671
0.036222
0.035994
0.036175
0.036107
0.035945
0.036291
0.035914
0.035455
0.035412
0.035519
0.035478
0.035357
0.035382
0.035037
0.034857
0.03483
0.064325
0.061109
0.057216
0.053219
0.050933
0.047201
0.044023
0.041817
0.038599
0.037692
0.037068
0.036991
0.036686
0.03706
0.036869
0.036239
0.036687
0.036566
0.036139
0.036078
0.036102
0.036016
0.036172
0.036222
0.035461
0.035498
0.035196
0.035472
0.035396
0.035378
0.035176
0.035229
0.035141
0.065736
0.060919
0.057271
0.053332
0.050618
0.047032
0.044726
0.041645
0.038881
0.037221
0.03723
0.036646
0.036694
0.037057
0.037238
0.036763
0.037437
0.036751
0.035995
0.036239
0.036295
0.036039
0.035965
0.0364
0.036201
0.035532
0.035238
0.03516
0.034879
0.035123
0.03514
0.034976
0.035378
0.056596
0.061587
0.058002
0.054737
0.051147
0.047556
0.052703
0.042349
0.040225
0.038443
0.038426
0.037
0.036996
0.037361
0.036984
0.037277
0.03756
0.037038
0.037049
0.036447
0.036242
0.035799
0.035871
0.035796
0.035735
0.035624
0.035432
0.035081
0.0392
0.034964
0.035047
0.035399
0.035196
0.066755
0.052976
0.05872
0.055061
0.051054
0.047786
0.045335
0.042888
0.040538
0.052897
0.05348
0.037452
0.037094
0.036649
0.036882
0.036946
0.037948
0.036793
0.036575
0.036468
0.035885
0.036037
0.035969
0.035517
0.035413
0.035412
0.035341
0.035263
0.034992
0.039361
0.035179
0.035502
0.035765
0.067338
0.052941
0.058217
0.054752
0.054548
0.048706
0.046076
0.043651
0.041477
0.054074
0.043007
0.041658
0.037412
0.050962
0.036883
0.037492
0.037519
0.036697
0.036192
0.03608
0.03623
0.035938
0.035713
0.035689
0.035501
0.035357
0.035143
0.035285
0.035063
0.034838
0.035315
0.035401
0.035743
0.081321
0.062241
0.061015
0.056028
0.055062
0.049627
0.046657
0.043499
0.041606
0.043276
0.044202
0.053266
0.050995
0.050168
0.036695
0.036805
0.036432
0.050691
0.03574
0.03586
0.035817
0.035664
0.035563
0.035528
0.035467
0.035204
0.035092
0.035285
0.035117
0.035194
0.035538
0.035394
0.035163
0.08237
0.062446
0.061002
0.056972
0.055124
0.049843
0.04747
0.044417
0.05242
0.04242
0.043323
0.04336
0.051383
0.050311
0.050421
0.050484
0.036179
0.050543
0.055842
0.035652
0.050191
0.035492
0.035703
0.035389
0.035315
0.035159
0.035239
0.035156
0.035205
0.035477
0.035857
0.035428
0.035174
0.08291
0.069803
0.061732
0.056873
0.054815
0.054251
0.047796
0.053879
0.043581
0.043142
0.043009
0.052135
0.051692
0.041796
0.050311
0.050527
0.050304
0.050146
0.039149
0.03879
0.056014
0.035546
0.035618
0.035293
0.035617
0.035567
0.035366
0.035318
0.03526
0.035496
0.035869
0.035916
0.035953
0.070436
0.072508
0.06151
0.056602
0.054928
0.044518
0.054155
0.044059
0.044312
0.077188
0.042296
0.042932
0.04286
0.050433
0.036094
0.039907
0.039507
0.039044
0.039398
0.068886
0.038557
0.04997
0.035532
0.035552
0.035501
0.035527
0.035374
0.035493
0.035556
0.03551
0.036057
0.03656
0.035809
0.072412
0.064059
0.063407
0.056673
0.054055
0.053554
0.054202
0.04478
0.078661
0.076569
0.042832
0.043099
0.04245
0.050919
0.040235
0.039796
0.044661
0.044569
0.039614
0.068825
0.068868
0.049072
0.035934
0.036256
0.035929
0.035899
0.035562
0.035413
0.035674
0.035958
0.036053
0.036396
0.035829
0.076162
0.066716
0.060785
0.056559
0.053564
0.044143
0.044407
0.044579
0.043262
0.077442
0.075208
0.073631
0.041271
0.040716
0.040551
0.040585
0.039277
0.039289
0.039851
0.069735
0.03921
0.038881
0.048578
0.035795
0.036961
0.036261
0.035805
0.035743
0.035982
0.036057
0.035937
0.036648
0.035813
0.082441
0.070963
0.062874
0.051273
0.046613
0.044489
0.043925
0.04361
0.042554
0.043478
0.076799
0.075503
0.074988
0.071597
0.041122
0.041347
0.040291
0.039726
0.069185
0.040266
0.039842
0.039916
0.049027
0.049439
0.040594
0.049948
0.036136
0.036496
0.037026
0.036352
0.037111
0.03589
0.035907
0.090978
0.093366
0.073794
0.05375
0.048398
0.045166
0.044995
0.045024
0.044506
0.043999
0.043813
0.076169
0.074224
0.042113
0.042636
0.04238
0.040724
0.040727
0.040228
0.040058
0.040387
0.040489
0.040555
0.050425
0.052041
0.050719
0.036786
0.037108
0.037392
0.036994
0.036912
0.036145
0.035818
0.10445
0.080651
0.081322
0.059087
0.083504
0.046456
0.053166
0.04652
0.054542
0.078471
0.077536
0.076317
0.04305
0.042336
0.043523
0.042176
0.040612
0.040441
0.040577
0.041085
0.050185
0.040633
0.04139
0.041615
0.052099
0.051946
0.051111
0.037931
0.0376
0.037242
0.036712
0.03555
0.03583
0.11716
0.076083
0.077618
0.064001
0.052682
0.04827
0.045958
0.045771
0.054242
0.044057
0.078116
0.077932
0.075843
0.042177
0.04231
0.070538
0.040988
0.040754
0.040949
0.05021
0.041262
0.041224
0.072118
0.050906
0.0509
0.0512
0.037454
0.037694
0.037326
0.037264
0.037169
0.035999
0.03589
0.15607
0.11229
0.08896
0.069547
0.05753
0.050613
0.054364
0.046476
0.045639
0.045088
0.078218
0.077457
0.076122
0.041715
0.041048
0.071154
0.069889
0.04193
0.041489
0.050009
0.040966
0.0509
0.041533
0.041104
0.050135
0.037544
0.037209
0.03775
0.037433
0.037588
0.037024
0.035644
0.035502
0.17286
0.12756
0.088156
0.085922
0.054003
0.073669
0.073708
0.072689
0.082553
0.080996
0.078699
0.077145
0.075652
0.074806
0.071996
0.042024
0.070215
0.041884
0.041832
0.041295
0.041259
0.041456
0.040841
0.041225
0.050925
0.051308
0.05112
0.037463
0.038462
0.03778
0.036751
0.035564
0.035885
0.13536
0.1373
0.10434
0.087832
0.08367
0.075352
0.053919
0.072652
0.082113
0.059482
0.078779
0.076579
0.076524
0.075264
0.072868
0.072184
0.071382
0.070202
0.042452
0.041946
0.040694
0.040105
0.040352
0.040547
0.050243
0.050778
0.038785
0.051881
0.050835
0.037166
0.049103
0.048249
0.047626
0.12127
0.1352
0.11691
0.087831
0.087056
0.079397
0.073693
0.083931
0.082406
0.081535
0.079286
0.07725
0.075862
0.075153
0.073291
0.072264
0.072777
0.072156
0.042999
0.043089
0.071201
0.071372
0.0405
0.040617
0.048633
0.050214
0.051255
0.052044
0.050881
0.050786
0.050595
0.036192
0.04787
0.12334
0.12183
0.088103
0.088083
0.088988
0.084311
0.049043
0.073359
0.082602
0.081834
0.078793
0.077553
0.074832
0.074197
0.073643
0.073157
0.073403
0.043797
0.04331
0.042943
0.07214
0.071208
0.071005
0.039332
0.036402
0.036382
0.037387
0.037413
0.05018
0.050378
0.037227
0.036918
0.048864
0.1215
0.1241
0.12466
0.089141
0.093721
0.087877
0.077161
0.073451
0.072748
0.060779
0.079008
0.055779
0.075329
0.074407
0.074093
0.074757
0.073888
0.073585
0.073746
0.043342
0.042281
0.071046
0.040333
0.039735
0.048328
0.048286
0.036022
0.036624
0.049226
0.049912
0.036491
0.035784
0.048172
0.13422
0.12433
0.12398
0.12338
0.1105
0.089744
0.082764
0.074293
0.073271
0.072775
0.059948
0.079259
0.076634
0.076142
0.075276
0.075316
0.054422
0.074013
0.074679
0.043227
0.042646
0.073084
0.041196
0.040083
0.040011
0.039064
0.048041
0.047861
0.048337
0.048564
0.048337
0.047956
0.047647
0.13616
0.12274
0.090904
0.12421
0.12176
0.089298
0.086452
0.056267
0.054026
0.061421
0.060333
0.058209
0.057176
0.076664
0.075868
0.043884
0.074249
0.053431
0.074975
0.043698
0.043115
0.07305
0.072452
0.070409
0.069484
0.03942
0.039245
0.039408
0.039379
0.039868
0.039205
0.039011
0.047652
0.13624
0.12213
0.091623
0.09023
0.089286
0.089451
0.087959
0.060438
0.05412
0.053064
0.061031
0.060072
0.058043
0.078186
0.045141
0.045688
0.076674
0.055435
0.0745
0.073439
0.073305
0.072155
0.072658
0.071625
0.070158
0.068994
0.068983
0.068952
0.039072
0.039776
0.039842
0.047309
0.047921
0.091801
0.092279
0.090474
0.090553
0.091946
0.090932
0.066238
0.065168
0.0574
0.054214
0.061315
0.060196
0.080854
0.079862
0.0795
0.078748
0.068087
0.048778
0.055419
0.054834
0.053673
0.072709
0.07205
0.071019
0.070149
0.069995
0.069089
0.069145
0.040159
0.03943
0.039702
0.039652
0.047847
0.092437
0.092321
0.068658
0.093157
0.068469
0.068474
0.066934
0.066684
0.08321
0.054003
0.053376
0.05303
0.060508
0.059835
0.059253
0.08007
0.049723
0.039905
0.05641
0.055654
0.075382
0.054343
0.07235
0.070985
0.071124
0.070179
0.069913
0.040641
0.069528
0.040122
0.039987
0.039724
0.039815
0.093829
0.093967
0.094697
0.12722
0.078292
0.067806
0.067078
0.067609
0.064531
0.05708
0.074202
0.073583
0.052801
0.060225
0.051137
0.058911
0.049942
0.049615
0.056831
0.048005
0.055162
0.054697
0.052923
0.072674
0.041738
0.070815
0.042262
0.071615
0.042029
0.040673
0.040191
0.040546
0.040911
0.095318
0.077981
0.068213
0.12629
0.094222
0.092304
0.12507
0.092164
0.089053
0.082522
0.055301
0.055223
0.054086
0.052484
0.052118
0.051258
0.050516
0.050465
0.049644
0.048889
0.047779
0.075141
0.07294
0.073097
0.042497
0.041432
0.072175
0.042434
0.072579
0.041255
0.041475
0.041741
0.04175
0.094871
0.079171
0.076895
0.12517
0.092956
0.090581
0.12484
0.092248
0.08916
0.065139
0.058212
0.055022
0.05443
0.053934
0.073045
0.052035
0.052115
0.051403
0.050714
0.049379
0.066268
0.065869
0.074825
0.074239
0.07264
0.072397
0.070789
0.071683
0.042852
0.042192
0.042197
0.049359
0.049664
0.079733
0.082113
0.11549
0.1092
0.10664
0.07657
0.10684
0.09427
0.090275
0.066881
0.064233
0.076474
0.0539
0.05349
0.073684
0.053511
0.052349
0.050618
0.050615
0.050402
0.067193
0.076219
0.054595
0.074955
0.073335
0.072205
0.041669
0.041848
0.04202
0.042254
0.042731
0.042218
0.042864
0.11708
0.15468
0.11826
0.13124
0.1083
0.10986
0.10644
0.094435
0.090346
0.092782
0.090492
0.083217
0.055269
0.05458
0.074206
0.053266
0.051871
0.050985
0.069925
0.068907
0.06731
0.066462
0.055406
0.054452
0.053559
0.073427
0.042625
0.041986
0.049267
0.049538
0.049935
0.042762
0.043595
0.15705
0.15994
0.11233
0.13629
0.10957
0.11154
0.1106
0.078597
0.093596
0.093856
0.098239
0.090939
0.0809
0.076451
0.074519
0.052616
0.052478
0.070978
0.069475
0.068784
0.068431
0.067429
0.055544
0.075466
0.073677
0.073146
0.073167
0.07263
0.041697
0.042227
0.042269
0.042687
0.042819
0.15637
0.15846
0.16428
0.15876
0.17312
0.10798
0.078548
0.078538
0.078848
0.076382
0.099418
0.076146
0.087793
0.077619
0.075548
0.054046
0.07248
0.052007
0.069919
0.069274
0.068728
0.0678
0.067979
0.066188
0.066067
0.043988
0.074221
0.073204
0.072558
0.072627
0.042204
0.04267
0.072009
0.16757
0.1644
0.16403
0.15803
0.12901
0.12873
0.082755
0.057718
0.079846
0.057442
0.078236
0.078422
0.093442
0.082131
0.077105
0.076122
0.040191
0.072317
0.070879
0.069683
0.069286
0.068008
0.068601
0.06768
0.066432
0.065518
0.074447
0.073276
0.072
0.072245
0.070769
0.042207
0.042959
0.063513
0.072585
0.057361
0.066379
0.064818
0.064509
0.048185
0.068763
0.069945
0.0265
0.02622
0.059053
0.052689
0.058412
0.058547
0.041256
0.057618
0.057191
0.057142
0.056489
0.056404
0.061231
0.061124
0.038601
0.060172
0.060213
0.060954
0.055922
0.03909
0.059908
0.060157
0.059658
0.056105
0.064371
0.072306
0.057707
0.062053
0.064921
0.064511
0.060897
0.067836
0.068506
0.069604
0.026507
0.067572
0.048838
0.04879
0.058201
0.057904
0.048122
0.056956
0.061164
0.060456
0.052161
0.038675
0.038378
0.059853
0.037799
0.038585
0.038669
0.060491
0.051946
0.061179
0.038661
0.055754
0.056113
0.06365
0.068418
0.058233
0.050519
0.069499
0.055847
0.056391
0.068749
0.069549
0.068857
0.068017
0.066833
0.066728
0.056225
0.048394
0.048312
0.056214
0.056636
0.060831
0.060636
0.060751
0.037995
0.037931
0.037836
0.037778
0.037914
0.039132
0.032601
0.032567
0.033105
0.061325
0.056291
0.056758
0.064657
0.069346
0.058515
0.056662
0.06793
0.056366
0.056346
0.070098
0.069887
0.068953
0.068649
0.048213
0.057824
0.058246
0.058095
0.03853
0.055576
0.056696
0.061408
0.039424
0.039043
0.038884
0.037923
0.037957
0.037942
0.038651
0.051885
0.052014
0.032699
0.033141
0.033106
0.053429
0.053029
0.088154
0.069394
0.059126
0.057513
0.057079
0.056585
0.057289
0.057794
0.049942
0.069464
0.055949
0.057801
0.058183
0.053652
0.057955
0.057868
0.03781
0.057038
0.056564
0.055863
0.038699
0.039103
0.037994
0.038797
0.038749
0.038968
0.057011
0.052766
0.032834
0.03271
0.033385
0.052299
0.032873
0.088612
0.072273
0.059847
0.05767
0.057522
0.060963
0.061546
0.058298
0.057966
0.058318
0.05824
0.058258
0.053708
0.053795
0.053499
0.062413
0.057181
0.056971
0.056669
0.060851
0.03871
0.038888
0.038868
0.039225
0.039167
0.039111
0.052506
0.052633
0.038964
0.032613
0.032741
0.032633
0.052557
0.06537
0.060307
0.057656
0.060304
0.057399
0.057724
0.058174
0.058058
0.042047
0.057337
0.056352
0.057183
0.057455
0.033586
0.052396
0.061219
0.057124
0.056783
0.057195
0.039218
0.038784
0.039012
0.039338
0.038947
0.038826
0.039098
0.033059
0.033162
0.032975
0.032448
0.052491
0.032897
0.032934
0.066039
0.061149
0.049637
0.055174
0.061801
0.057949
0.058368
0.061768
0.061935
0.061355
0.062051
0.039796
0.033413
0.033368
0.033353
0.033193
0.057104
0.056975
0.052049
0.039506
0.039439
0.039105
0.03877
0.03873
0.038651
0.038752
0.033126
0.033039
0.033009
0.033006
0.032626
0.032671
0.032565
0.065545
0.061795
0.049919
0.055362
0.053205
0.052896
0.058442
0.053313
0.041852
0.039917
0.040047
0.033482
0.033399
0.039964
0.039958
0.033464
0.051985
0.052358
0.060641
0.060233
0.0394
0.038823
0.038533
0.038487
0.038431
0.038253
0.032767
0.033048
0.03297
0.032943
0.032785
0.032685
0.038765
0.066386
0.062049
0.058361
0.055477
0.045289
0.04276
0.053183
0.038347
0.035607
0.040417
0.040163
0.033491
0.040046
0.033374
0.03363
0.033563
0.033927
0.052472
0.060545
0.039474
0.033119
0.033066
0.032748
0.038877
0.038956
0.039061
0.033028
0.032744
0.032804
0.03276
0.032372
0.032859
0.032522
0.067171
0.062237
0.050133
0.056451
0.045957
0.043973
0.040609
0.038539
0.036221
0.040354
0.033533
0.03984
0.040002
0.033589
0.033629
0.033872
0.034284
0.059014
0.033682
0.033482
0.034004
0.033956
0.033393
0.032808
0.038858
0.038899
0.032852
0.03283
0.032687
0.032547
0.032512
0.032549
0.032355
0.068252
0.062826
0.05035
0.048387
0.045742
0.043123
0.04056
0.038947
0.037029
0.034451
0.033794
0.033504
0.03368
0.033352
0.033971
0.03396
0.034199
0.033627
0.033554
0.033289
0.033951
0.033586
0.03334
0.033457
0.033248
0.032593
0.032869
0.033074
0.032656
0.032467
0.032844
0.032514
0.038285
0.068985
0.062898
0.050651
0.04821
0.054138
0.043276
0.041166
0.039389
0.037804
0.035301
0.034457
0.033491
0.033763
0.033536
0.033645
0.033867
0.033767
0.033635
0.033386
0.03331
0.033387
0.033492
0.033426
0.033819
0.033295
0.03291
0.033163
0.032895
0.033013
0.032725
0.032597
0.038761
0.038213
0.069999
0.054264
0.059731
0.057384
0.054103
0.05134
0.041536
0.039675
0.038048
0.035385
0.033945
0.03367
0.033785
0.033548
0.033565
0.033662
0.033511
0.033772
0.033571
0.033571
0.03374
0.033158
0.03341
0.033867
0.033521
0.033636
0.033163
0.032716
0.032447
0.032465
0.032583
0.038109
0.038162
0.060831
0.055121
0.051399
0.057402
0.054426
0.051883
0.041832
0.039711
0.03789
0.035274
0.034729
0.053046
0.03379
0.033752
0.033915
0.033589
0.033512
0.034288
0.034645
0.033636
0.034073
0.033081
0.033288
0.033593
0.033872
0.033719
0.033601
0.033151
0.032785
0.03241
0.038923
0.038216
0.038096
0.062314
0.065974
0.06083
0.058355
0.054935
0.052162
0.042012
0.052449
0.037953
0.035761
0.053103
0.059994
0.051995
0.034354
0.03399
0.03478
0.034278
0.034362
0.034721
0.034159
0.033708
0.033515
0.033916
0.034365
0.033883
0.033903
0.033177
0.033081
0.032774
0.032661
0.03881
0.03811
0.038354
0.064007
0.06665
0.062103
0.049939
0.056119
0.052768
0.050444
0.052503
0.05209
0.059223
0.05911
0.059684
0.052853
0.052778
0.034486
0.034533
0.034745
0.034715
0.034019
0.033661
0.033598
0.033929
0.033477
0.034163
0.033893
0.033657
0.0334
0.033387
0.032968
0.032726
0.032387
0.032432
0.038715
0.078223
0.068758
0.053539
0.059094
0.05639
0.045582
0.043381
0.040993
0.052348
0.059117
0.052274
0.059061
0.053559
0.034574
0.034659
0.034664
0.034548
0.034822
0.033724
0.033628
0.033545
0.033739
0.034898
0.034371
0.034635
0.033893
0.033672
0.033557
0.032808
0.032444
0.032386
0.032633
0.032789
0.081858
0.070441
0.06365
0.059244
0.057115
0.054469
0.051969
0.052581
0.039731
0.052549
0.052513
0.052905
0.053956
0.053838
0.035028
0.035261
0.035209
0.034444
0.033626
0.033673
0.034145
0.034848
0.03468
0.034069
0.034212
0.033941
0.033688
0.033622
0.032832
0.032653
0.038952
0.032373
0.032558
0.087401
0.07322
0.065292
0.059604
0.057036
0.054563
0.060134
0.04246
0.04066
0.038287
0.036338
0.034813
0.035661
0.035902
0.034927
0.035196
0.035568
0.035146
0.034207
0.033678
0.034099
0.034627
0.034024
0.033871
0.033945
0.034106
0.033715
0.033258
0.033003
0.032794
0.032721
0.038828
0.032582
0.096957
0.077063
0.068088
0.060925
0.058368
0.055872
0.05332
0.042693
0.040634
0.039323
0.037304
0.055544
0.035884
0.035809
0.035733
0.035409
0.035674
0.035069
0.034393
0.034195
0.034619
0.034992
0.034728
0.034108
0.034232
0.033851
0.033719
0.033805
0.03358
0.03364
0.032778
0.032712
0.032693
0.11843
0.084721
0.071697
0.063997
0.058577
0.056826
0.053902
0.051669
0.041333
0.039469
0.037866
0.03622
0.034884
0.035909
0.036234
0.034927
0.035392
0.035562
0.035118
0.034343
0.035712
0.036235
0.035419
0.035114
0.035138
0.03475
0.033937
0.033495
0.033768
0.03378
0.034085
0.033475
0.033082
0.15736
0.094708
0.076486
0.066624
0.06155
0.049688
0.047189
0.044633
0.04254
0.040759
0.038906
0.037297
0.034956
0.034872
0.035002
0.034963
0.035961
0.035674
0.035471
0.034668
0.035431
0.036415
0.035597
0.035152
0.035721
0.035485
0.034603
0.03425
0.03483
0.033951
0.033957
0.034357
0.033676
0.16546
0.10297
0.071629
0.07094
0.054303
0.051148
0.048314
0.046144
0.043452
0.041986
0.039411
0.0383
0.034939
0.034997
0.033982
0.035108
0.035455
0.03597
0.035673
0.03581
0.03646
0.030889
0.036196
0.031609
0.03107
0.035561
0.035291
0.034909
0.035214
0.03446
0.034843
0.034374
0.033567
0.17082
0.14231
0.083053
0.076192
0.057311
0.052841
0.049882
0.048008
0.04608
0.04251
0.041025
0.039287
0.035925
0.034747
0.035473
0.034741
0.036035
0.035391
0.03628
0.03584
0.035552
0.035825
0.030839
0.031698
0.032191
0.031942
0.036202
0.035013
0.034602
0.034185
0.034324
0.034833
0.033965
0.17331
0.19531
0.11066
0.073799
0.061664
0.055408
0.051851
0.049081
0.046777
0.044287
0.040783
0.038529
0.035702
0.034227
0.03455
0.034695
0.035715
0.034972
0.031116
0.036521
0.035769
0.035779
0.036283
0.035663
0.031587
0.031585
0.031653
0.035342
0.034464
0.034974
0.034875
0.034711
0.033727
0.17149
0.17287
0.15618
0.088157
0.066848
0.059127
0.053238
0.050276
0.048021
0.044472
0.041204
0.038806
0.035945
0.034971
0.034683
0.035448
0.035401
0.036016
0.035383
0.035989
0.036234
0.035029
0.035992
0.034893
0.035526
0.030967
0.030649
0.035471
0.034874
0.034877
0.034466
0.034432
0.034394
0.17107
0.175
0.17629
0.12421
0.07535
0.062572
0.055278
0.051992
0.048575
0.045541
0.042699
0.039722
0.036989
0.034767
0.03418
0.03478
0.034957
0.036036
0.034781
0.035018
0.03482
0.035525
0.03441
0.03461
0.035432
0.035915
0.035843
0.035975
0.034943
0.03455
0.034845
0.035251
0.054809
0.17209
0.17365
0.17649
0.16748
0.091995
0.06729
0.057772
0.05356
0.049881
0.046404
0.043424
0.040509
0.038208
0.03552
0.034844
0.034777
0.034716
0.034897
0.034086
0.034463
0.034397
0.034925
0.034891
0.035578
0.035758
0.036305
0.035968
0.036205
0.035481
0.034372
0.035446
0.035507
0.054879
0.17348
0.17638
0.17546
0.17848
0.1279
0.074965
0.063775
0.055253
0.051015
0.047984
0.045409
0.041662
0.039066
0.037784
0.034903
0.035228
0.034949
0.03464
0.034432
0.033947
0.034321
0.034453
0.034607
0.035178
0.036058
0.03106
0.036255
0.035376
0.035352
0.055485
0.035504
0.035619
0.055776
0.17573
0.17603
0.17634
0.17663
0.16773
0.092553
0.067886
0.057996
0.052786
0.049563
0.046811
0.043391
0.040846
0.039092
0.035812
0.035136
0.036165
0.046553
0.034435
0.034435
0.03441
0.034251
0.034321
0.035773
0.035912
0.030795
0.030699
0.030681
0.035559
0.056402
0.04729
0.035828
0.056918
0.17518
0.1799
0.18121
0.17957
0.17743
0.13007
0.076513
0.061471
0.055699
0.051218
0.04891
0.045206
0.041954
0.039484
0.037783
0.036096
0.036907
0.034675
0.034578
0.034535
0.046275
0.035019
0.035437
0.03543
0.03571
0.035671
0.031086
0.031591
0.036022
0.047863
0.057061
0.055581
0.046654
0.17624
0.17903
0.18229
0.18048
0.17724
0.16626
0.093564
0.066571
0.057133
0.052505
0.050409
0.04743
0.043893
0.041065
0.038648
0.036401
0.03689
0.036179
0.034671
0.034526
0.034533
0.036043
0.036236
0.036452
0.035753
0.031138
0.03129
0.031575
0.030987
0.048952
0.048536
0.056106
0.047863
0.17484
0.1774
0.17762
0.17619
0.18047
0.18144
0.13699
0.076055
0.061362
0.055072
0.052837
0.050281
0.047282
0.043
0.040802
0.037335
0.036223
0.036293
0.03513
0.035736
0.035876
0.035922
0.035855
0.031846
0.036493
0.031631
0.031992
0.03173
0.036085
0.030612
0.031552
0.047683
0.0572
0.17785
0.17799
0.17725
0.17639
0.18372
0.16605
0.15499
0.097843
0.06946
0.052157
0.048191
0.045484
0.042192
0.044369
0.042185
0.03836
0.037148
0.036855
0.036146
0.036218
0.036134
0.036302
0.03665
0.031566
0.031505
0.031842
0.03319
0.033172
0.031719
0.031418
0.031665
0.048596
0.047241
0.182
0.18044
0.18092
0.17677
0.18214
0.1659
0.16189
0.13097
0.071522
0.057878
0.054313
0.049684
0.044702
0.040884
0.038102
0.040206
0.038064
0.037071
0.036246
0.048394
0.032093
0.031729
0.031071
0.032216
0.032978
0.032808
0.033584
0.033519
0.032539
0.031685
0.048699
0.031047
0.030842
0.18036
0.18046
0.18287
0.1824
0.1824
0.16344
0.11658
0.16298
0.098167
0.065026
0.057693
0.051603
0.046304
0.041956
0.039375
0.042738
0.03981
0.031962
0.036799
0.039196
0.032264
0.032677
0.032101
0.032553
0.03245
0.032161
0.032147
0.032012
0.031801
0.031689
0.03621
0.056591
0.056149
0.18577
0.18419
0.18146
0.1852
0.14389
0.16237
0.098229
0.099545
0.098686
0.091201
0.060024
0.05348
0.047208
0.050682
0.041308
0.044197
0.036587
0.049099
0.049283
0.049349
0.040072
0.032535
0.032356
0.032479
0.032068
0.032354
0.032275
0.031854
0.031465
0.031163
0.045592
0.061837
0.051188
0.18603
0.18311
0.1848
0.14162
0.099783
0.099652
0.099888
0.07863
0.099252
0.095154
0.068999
0.05731
0.049598
0.046784
0.043669
0.040293
0.039952
0.039227
0.032491
0.032601
0.032294
0.03391
0.039921
0.032326
0.03119
0.031546
0.031914
0.032322
0.036352
0.046599
0.04658
0.045861
0.056049
0.11741
0.11653
0.14335
0.11978
0.10015
0.082754
0.081031
0.060514
0.078594
0.10257
0.089269
0.076725
0.047962
0.045521
0.045882
0.042503
0.040935
0.038174
0.033719
0.031705
0.031322
0.049667
0.031756
0.033614
0.031559
0.03594
0.031863
0.049745
0.056055
0.03552
0.036318
0.057348
0.035839
0.11877
0.11819
0.12106
0.099827
0.10479
0.10711
0.083832
0.060188
0.060417
0.083993
0.086076
0.084836
0.061017
0.056872
0.050004
0.040828
0.040584
0.040745
0.039582
0.031653
0.039051
0.037068
0.032176
0.033052
0.031557
0.031355
0.031392
0.055661
0.035399
0.055016
0.056513
0.056229
0.055584
0.12119
0.12017
0.10062
0.10131
0.078834
0.082673
0.081682
0.062477
0.062939
0.058971
0.08592
0.10522
0.093461
0.067594
0.047966
0.05043
0.041638
0.049508
0.035644
0.049343
0.031437
0.031902
0.032299
0.031919
0.037074
0.031986
0.036674
0.035769
0.034581
0.035321
0.035274
0.053848
0.059932
0.061409
0.062966
0.059324
0.056429
0.053356
0.050179
0.046994
0.044884
0.042569
0.040681
0.040514
0.036054
0.036077
0.040392
0.039993
0.03976
0.03969
0.039398
0.039564
0.035606
0.040094
0.039712
0.039793
0.039482
0.038897
0.039039
0.039251
0.038907
0.039191
0.038949
0.038983
0.03894
0.038416
0.06143
0.056369
0.058772
0.056415
0.053521
0.050634
0.047447
0.045103
0.04272
0.040254
0.040802
0.040069
0.040345
0.039862
0.039493
0.039548
0.038993
0.039515
0.039501
0.039821
0.035475
0.035535
0.035419
0.039657
0.039074
0.039112
0.039057
0.039413
0.035128
0.038504
0.038854
0.038764
0.038685
0.0618
0.056521
0.059617
0.050759
0.048352
0.045451
0.047947
0.045609
0.042392
0.040552
0.040113
0.040374
0.040496
0.040287
0.040102
0.039617
0.039182
0.039431
0.039792
0.0395
0.035374
0.03556
0.03965
0.039619
0.039488
0.039028
0.038999
0.038987
0.039308
0.038855
0.038845
0.038887
0.038817
0.061963
0.05671
0.053452
0.05056
0.048484
0.045554
0.042874
0.045523
0.03826
0.040702
0.040001
0.040569
0.035955
0.039834
0.039753
0.03923
0.039027
0.039622
0.039054
0.039363
0.040083
0.0356
0.035419
0.03945
0.039106
0.039482
0.039099
0.039326
0.039133
0.035077
0.034979
0.039104
0.038767
0.06252
0.057174
0.053823
0.05096
0.048504
0.04565
0.042918
0.041045
0.038688
0.036342
0.03608
0.04066
0.035959
0.04028
0.039813
0.038873
0.038945
0.039489
0.03941
0.039426
0.035503
0.035354
0.03526
0.039879
0.039523
0.035243
0.035435
0.035315
0.039518
0.035185
0.034901
0.035003
0.034766
0.063886
0.058665
0.054202
0.051212
0.048253
0.045943
0.043052
0.041052
0.038465
0.036364
0.036311
0.036121
0.036048
0.0399
0.039747
0.039123
0.039477
0.038832
0.039468
0.035556
0.039921
0.035275
0.035378
0.039556
0.039767
0.039268
0.035035
0.039444
0.035083
0.035405
0.034932
0.039132
0.034856
0.064926
0.0598
0.056323
0.051705
0.048638
0.046089
0.04363
0.041129
0.038615
0.036351
0.03605
0.036182
0.035901
0.039839
0.039754
0.039603
0.039644
0.039194
0.039434
0.03538
0.035482
0.035275
0.035198
0.035219
0.039094
0.035041
0.039134
0.039318
0.035305
0.035154
0.035154
0.034921
0.035159
0.065441
0.059889
0.057153
0.053724
0.05015
0.046417
0.043732
0.041941
0.039039
0.036157
0.040451
0.036107
0.036056
0.040293
0.039791
0.039969
0.039634
0.039938
0.035637
0.039937
0.039798
0.035414
0.039603
0.035268
0.03516
0.03525
0.039355
0.039322
0.035284
0.035097
0.035213
0.03534
0.035532
0.066046
0.06061
0.057515
0.054106
0.050112
0.047
0.044672
0.042346
0.039611
0.036608
0.036242
0.036407
0.036322
0.035993
0.035751
0.039968
0.035654
0.035636
0.040201
0.035378
0.035382
0.035376
0.035251
0.035162
0.035317
0.035213
0.035363
0.03521
0.035564
0.035404
0.035061
0.035114
0.035431
0.06634
0.060477
0.057685
0.055224
0.05158
0.047425
0.046102
0.043426
0.039501
0.037082
0.036739
0.036547
0.036136
0.036161
0.036048
0.035946
0.036023
0.03553
0.035846
0.0361
0.035855
0.035817
0.035684
0.035533
0.035348
0.0352
0.035369
0.035716
0.035379
0.035101
0.035078
0.034907
0.03543
0.066393
0.061164
0.057926
0.055973
0.051756
0.048912
0.046021
0.043417
0.040466
0.037971
0.037542
0.037022
0.036314
0.036242
0.035917
0.036186
0.035834
0.035503
0.035878
0.03609
0.03603
0.035667
0.035429
0.035398
0.035349
0.03554
0.035353
0.035567
0.03513
0.035358
0.035567
0.035282
0.035266
0.066843
0.06111
0.058027
0.05493
0.052126
0.049693
0.046405
0.04338
0.042064
0.039387
0.037314
0.037037
0.036687
0.036389
0.035975
0.0365
0.036174
0.035797
0.035602
0.035841
0.035626
0.035599
0.035262
0.035534
0.035476
0.035419
0.035357
0.035314
0.035132
0.035383
0.035342
0.035302
0.035264
0.067973
0.060722
0.056712
0.055313
0.05272
0.050251
0.047295
0.044021
0.042376
0.039513
0.038813
0.037257
0.036328
0.036554
0.03619
0.036279
0.036034
0.035968
0.035757
0.035541
0.035443
0.035602
0.03553
0.035543
0.035558
0.035562
0.035368
0.035311
0.035653
0.035506
0.035874
0.035536
0.035145
0.070183
0.06345
0.05902
0.056514
0.053406
0.051005
0.047055
0.044939
0.042511
0.039206
0.038731
0.038218
0.036765
0.036559
0.036421
0.036216
0.036152
0.035898
0.039918
0.040077
0.035744
0.036076
0.035785
0.035676
0.036172
0.035819
0.035841
0.035712
0.035428
0.035918
0.035462
0.035435
0.0351
0.07139
0.064426
0.05957
0.05666
0.053707
0.050559
0.047815
0.046015
0.043165
0.040069
0.038794
0.037594
0.037835
0.037057
0.036348
0.036239
0.036195
0.035978
0.035603
0.035566
0.035901
0.036016
0.035461
0.03572
0.035623
0.035632
0.036221
0.035797
0.035387
0.035214
0.035183
0.035528
0.03487
0.07298
0.066029
0.060845
0.056614
0.053612
0.051438
0.048676
0.046306
0.043623
0.040931
0.038876
0.038379
0.037755
0.037279
0.036888
0.036307
0.036473
0.036127
0.035928
0.035914
0.036069
0.036435
0.035462
0.035405
0.035658
0.035759
0.035783
0.036151
0.035574
0.035391
0.035339
0.035034
0.034862
0.075614
0.066618
0.061242
0.057919
0.054812
0.052191
0.049413
0.047735
0.044698
0.041703
0.039143
0.038636
0.037663
0.037025
0.036372
0.036336
0.036837
0.036813
0.036233
0.036033
0.035895
0.036121
0.035534
0.03559
0.035518
0.03575
0.036312
0.036855
0.036078
0.035509
0.035049
0.035164
0.034958
0.078492
0.068215
0.062655
0.058223
0.055601
0.052854
0.050197
0.048278
0.046273
0.043607
0.04011
0.038717
0.038182
0.037871
0.036658
0.036811
0.036747
0.036334
0.036796
0.037028
0.036601
0.03657
0.036704
0.03589
0.035856
0.036408
0.036497
0.036574
0.036866
0.035633
0.035542
0.035545
0.03575
0.082022
0.070181
0.06314
0.05893
0.056862
0.05428
0.051568
0.049315
0.046888
0.043973
0.040928
0.038939
0.039119
0.038659
0.038034
0.037026
0.036768
0.036758
0.037104
0.037871
0.037646
0.036509
0.036392
0.035909
0.035853
0.047114
0.036505
0.036201
0.035618
0.035516
0.035619
0.035577
0.03592
0.088744
0.072815
0.065193
0.060311
0.057519
0.055552
0.053231
0.042378
0.047427
0.044724
0.041405
0.038777
0.038694
0.03867
0.038932
0.037745
0.03766
0.038075
0.038041
0.03772
0.037818
0.037307
0.036024
0.035928
0.047074
0.047278
0.048043
0.036546
0.036059
0.036083
0.035642
0.036581
0.035922
0.10388
0.077991
0.068195
0.063245
0.060011
0.057202
0.045715
0.043226
0.047972
0.045392
0.042427
0.039765
0.038869
0.038683
0.038618
0.038218
0.03769
0.038044
0.038199
0.037656
0.03686
0.036493
0.036031
0.047462
0.047818
0.048402
0.04896
0.036884
0.047762
0.037084
0.037185
0.037372
0.037409
0.13633
0.08891
0.073669
0.056355
0.052371
0.049191
0.047318
0.044205
0.04929
0.046261
0.04329
0.040557
0.038776
0.038682
0.038621
0.039226
0.038385
0.037944
0.037073
0.036861
0.03595
0.035996
0.036391
0.047353
0.038692
0.048286
0.048245
0.037337
0.036344
0.037339
0.036772
0.037121
0.036421
0.17738
0.089768
0.079615
0.069062
0.053562
0.050604
0.056331
0.044914
0.042224
0.047201
0.044846
0.041712
0.039449
0.038406
0.038597
0.038924
0.038187
0.037522
0.036762
0.037195
0.036839
0.036174
0.036073
0.047514
0.048124
0.048402
0.04838
0.03653
0.036069
0.047629
0.047857
0.037175
0.037378
0.17254
0.12229
0.076233
0.062506
0.055438
0.051856
0.049189
0.04623
0.043207
0.047976
0.038329
0.042904
0.040077
0.038708
0.039467
0.039388
0.038869
0.038404
0.038427
0.037258
0.036868
0.036565
0.036198
0.036016
0.047465
0.047895
0.04783
0.036742
0.036402
0.047477
0.035709
0.036128
0.037091
0.17339
0.16038
0.092815
0.067684
0.058557
0.053563
0.050099
0.047735
0.045118
0.041785
0.04656
0.043621
0.040276
0.040148
0.039788
0.033462
0.039765
0.039267
0.038361
0.038286
0.037921
0.036614
0.036633
0.036447
0.036342
0.035917
0.047697
0.03684
0.047851
0.03575
0.046875
0.036004
0.036928
0.17581
0.17531
0.13042
0.07713
0.063293
0.055598
0.051158
0.048882
0.046715
0.043296
0.039976
0.044222
0.041909
0.033702
0.040277
0.033489
0.039999
0.03943
0.039208
0.038352
0.03789
0.037818
0.037846
0.037544
0.036145
0.035909
0.035941
0.036305
0.036175
0.035785
0.036054
0.035928
0.036731
0.18039
0.17909
0.17349
0.098573
0.068875
0.05857
0.053093
0.050391
0.047327
0.044394
0.041643
0.045584
0.036108
0.040464
0.03356
0.033466
0.033435
0.039941
0.03969
0.038333
0.037403
0.037437
0.037018
0.036762
0.036545
0.035923
0.047724
0.035944
0.036465
0.03628
0.036244
0.036845
0.036685
0.17745
0.17717
0.17938
0.13968
0.079608
0.062644
0.054854
0.050805
0.048316
0.045324
0.042476
0.039552
0.037337
0.040799
0.033813
0.039939
0.040065
0.039509
0.039152
0.038039
0.037527
0.037897
0.037595
0.036664
0.036389
0.036562
0.036316
0.036282
0.03689
0.037253
0.036528
0.037219
0.036791
0.17797
0.17605
0.1787
0.17115
0.10279
0.070089
0.05903
0.05281
0.050267
0.046576
0.043039
0.040627
0.045198
0.035343
0.040157
0.039817
0.039826
0.039949
0.039245
0.038556
0.038586
0.038972
0.038462
0.038134
0.037477
0.037573
0.03667
0.035985
0.037233
0.037161
0.036933
0.037086
0.036431
0.17947
0.17944
0.18143
0.17663
0.14652
0.080467
0.062413
0.054974
0.050469
0.047818
0.044264
0.041429
0.038951
0.03648
0.03415
0.039728
0.039636
0.039529
0.038532
0.039002
0.039122
0.039314
0.03931
0.038257
0.037753
0.038403
0.037378
0.036459
0.037047
0.037406
0.037385
0.0373
0.037317
0.17903
0.18219
0.18228
0.17879
0.17419
0.10566
0.069965
0.058539
0.052568
0.049048
0.045768
0.042858
0.040046
0.037541
0.041556
0.039944
0.039692
0.039317
0.038738
0.039153
0.039604
0.039485
0.03309
0.038957
0.038115
0.037915
0.0374
0.036503
0.037518
0.037151
0.037427
0.037631
0.03741
0.17842
0.17988
0.17999
0.17773
0.17549
0.14742
0.080781
0.061932
0.053898
0.049965
0.04713
0.044301
0.041242
0.038466
0.042947
0.040081
0.039861
0.039793
0.039293
0.039799
0.039466
0.03927
0.039231
0.038522
0.037987
0.037753
0.037181
0.037599
0.037244
0.037315
0.037414
0.037841
0.037662
0.17797
0.17956
0.1766
0.17374
0.17355
0.17314
0.10715
0.06839
0.05664
0.051789
0.048575
0.045289
0.049601
0.046994
0.037108
0.040813
0.04007
0.040109
0.039581
0.039636
0.039133
0.039076
0.038603
0.038182
0.037614
0.037796
0.036898
0.037374
0.037469
0.037828
0.038483
0.038424
0.037374
0.17633
0.17623
0.17391
0.17341
0.17632
0.17674
0.14791
0.07999
0.061986
0.066498
0.056968
0.043252
0.05267
0.052489
0.045446
0.042276
0.039839
0.040125
0.038784
0.039631
0.039462
0.038516
0.03872
0.038246
0.037608
0.03671
0.036949
0.037065
0.037277
0.037443
0.037818
0.037764
0.036536
0.17677
0.17644
0.17613
0.17615
0.17614
0.18025
0.17454
0.10891
0.068629
0.075073
0.052545
0.047096
0.052195
0.05234
0.045526
0.043103
0.040788
0.033568
0.039902
0.039491
0.039759
0.039858
0.039215
0.03829
0.037436
0.036991
0.037551
0.03772
0.037969
0.037801
0.037977
0.038059
0.037467
0.1784
0.17551
0.17735
0.17669
0.17906
0.179
0.17547
0.15464
0.10442
0.075676
0.058485
0.039999
0.03686
0.05285
0.052418
0.04395
0.035155
0.033587
0.039408
0.039428
0.051793
0.033315
0.052209
0.039276
0.038094
0.037842
0.037812
0.038032
0.038004
0.038276
0.037757
0.037937
0.03723
0.18037
0.17692
0.17742
0.17389
0.17621
0.17754
0.17336
0.1345
0.12427
0.090517
0.067129
0.050322
0.044478
0.043008
0.041858
0.051012
0.043514
0.040278
0.039831
0.039707
0.039543
0.039578
0.044679
0.03929
0.050222
0.050078
0.037851
0.037793
0.038027
0.037977
0.037876
0.037832
0.037536
0.18519
0.17843
0.17475
0.13601
0.13605
0.13502
0.13551
0.13514
0.13503
0.11245
0.080467
0.061152
0.058019
0.042921
0.052697
0.051408
0.052276
0.052282
0.04021
0.040129
0.039601
0.052414
0.052128
0.039452
0.050779
0.040281
0.049746
0.049086
0.048114
0.036574
0.03738
0.037891
0.037437
0.18365
0.18022
0.17613
0.17524
0.17621
0.13504
0.11279
0.11306
0.1379
0.10939
0.099791
0.072176
0.044772
0.055535
0.052659
0.052753
0.052164
0.052363
0.040627
0.039843
0.039341
0.039372
0.050844
0.039209
0.038805
0.05066
0.04933
0.048818
0.04808
0.036675
0.036818
0.037833
0.037594
0.18419
0.18354
0.17764
0.13684
0.13733
0.13818
0.13731
0.13696
0.11644
0.14218
0.12436
0.089433
0.064831
0.059847
0.053443
0.053011
0.052792
0.051877
0.041429
0.038745
0.050371
0.050875
0.051905
0.039392
0.05153
0.050585
0.040242
0.049273
0.04886
0.036891
0.037408
0.037655
0.03868
0.17984
0.17948
0.17759
0.13701
0.11377
0.13838
0.092076
0.11602
0.11847
0.11649
0.13906
0.11157
0.078951
0.05879
0.056378
0.053217
0.052515
0.052492
0.052225
0.050519
0.05076
0.050777
0.050673
0.039195
0.050363
0.049917
0.039914
0.049795
0.050129
0.037652
0.037101
0.038017
0.038278
0.1781
0.18038
0.17971
0.13788
0.11484
0.13774
0.11631
0.11507
0.14092
0.11581
0.13559
0.13233
0.10034
0.071298
0.062799
0.056812
0.052551
0.045702
0.045318
0.041877
0.039358
0.050913
0.040683
0.050661
0.040899
0.049589
0.037413
0.038245
0.038187
0.037796
0.0383
0.037818
0.037992
0.094045
0.083262
0.081308
0.082554
0.081846
0.042614
0.042234
0.042403
0.042097
0.042319
0.042628
0.04208
0.041492
0.07542
0.074587
0.075834
0.075176
0.075544
0.041595
0.04161
0.041431
0.073575
0.072791
0.072809
0.072612
0.072288
0.071359
0.069873
0.069603
0.070152
0.070048
0.038434
0.039432
0.093191
0.053591
0.046594
0.043861
0.045492
0.042725
0.036848
0.042395
0.042094
0.041447
0.042012
0.042334
0.036228
0.075587
0.075081
0.075274
0.074883
0.074261
0.073012
0.072945
0.073921
0.041582
0.072136
0.073154
0.039545
0.039815
0.038527
0.038429
0.037995
0.038024
0.038512
0.038672
0.038683
0.064054
0.053157
0.04695
0.043798
0.03689
0.042982
0.036509
0.042675
0.041699
0.041907
0.052
0.042553
0.036173
0.07625
0.075047
0.074518
0.073218
0.053606
0.074028
0.072875
0.073927
0.041342
0.040996
0.040182
0.040036
0.038523
0.038366
0.037918
0.038318
0.037761
0.037949
0.038423
0.0382
0.092866
0.053355
0.04724
0.043959
0.03688
0.042599
0.080908
0.036444
0.042301
0.052157
0.051994
0.042085
0.041576
0.042055
0.074954
0.053997
0.074533
0.074346
0.074165
0.074392
0.041109
0.040701
0.040274
0.040476
0.039868
0.038207
0.037986
0.037792
0.068807
0.068425
0.069195
0.038221
0.038684
0.093967
0.053216
0.046658
0.083194
0.042765
0.0427
0.042154
0.042362
0.051696
0.052103
0.051332
0.04178
0.041805
0.042124
0.051588
0.042194
0.073854
0.073071
0.074075
0.074966
0.041215
0.050825
0.050531
0.039878
0.038911
0.038942
0.037667
0.068505
0.068571
0.068546
0.068661
0.068602
0.038176
0.095225
0.054027
0.08248
0.08139
0.042542
0.042494
0.080982
0.042977
0.045291
0.04154
0.041158
0.041106
0.0414
0.051815
0.042271
0.042068
0.075012
0.041304
0.041618
0.051176
0.051087
0.038405
0.049762
0.048606
0.038164
0.038396
0.037821
0.037895
0.068596
0.068687
0.069124
0.069588
0.038952
0.083268
0.085766
0.083531
0.082304
0.082393
0.082007
0.036497
0.042811
0.042535
0.041943
0.040801
0.0399
0.050714
0.041655
0.04153
0.04102
0.041633
0.040739
0.040935
0.04991
0.0383
0.038533
0.037846
0.048968
0.04775
0.038575
0.038742
0.038003
0.038216
0.069149
0.06925
0.069287
0.039243
0.09558
0.085284
0.083236
0.082194
0.082302
0.082528
0.042434
0.042436
0.041979
0.041684
0.040639
0.040176
0.050893
0.05138
0.051062
0.040495
0.040944
0.04056
0.050847
0.050241
0.037965
0.03794
0.037588
0.036736
0.038459
0.038385
0.038778
0.069896
0.038429
0.038182
0.038456
0.038847
0.039422
0.084032
0.086038
0.081938
0.081483
0.082744
0.08224
0.041826
0.041208
0.07826
0.042234
0.041115
0.040692
0.050255
0.040611
0.040528
0.040656
0.040751
0.049682
0.050234
0.050373
0.038327
0.038082
0.037605
0.037417
0.0389
0.038169
0.038631
0.038212
0.038628
0.03873
0.039148
0.03889
0.039314
0.097384
0.087221
0.060569
0.059748
0.082006
0.081197
0.079364
0.041076
0.077812
0.077067
0.07632
0.074898
0.040034
0.040099
0.07251
0.040897
0.049918
0.050106
0.050159
0.050857
0.038454
0.037887
0.037899
0.037521
0.038843
0.038059
0.038319
0.038281
0.047411
0.039393
0.039764
0.039417
0.038846
0.097112
0.087605
0.081858
0.080656
0.080885
0.080599
0.079123
0.041326
0.050606
0.051573
0.040958
0.040263
0.040089
0.071502
0.071732
0.039835
0.039844
0.040266
0.050612
0.039048
0.038696
0.037978
0.038238
0.037514
0.047552
0.047698
0.038098
0.038316
0.038307
0.039219
0.039426
0.039415
0.038378
0.069136
0.057026
0.081979
0.08042
0.079339
0.041375
0.041352
0.050117
0.050467
0.050591
0.040827
0.04077
0.039342
0.039453
0.040471
0.040329
0.040328
0.072422
0.051208
0.038838
0.038148
0.037594
0.037885
0.04892
0.038732
0.038055
0.037893
0.037961
0.037891
0.039182
0.038127
0.068981
0.037719
0.06985
0.057107
0.081989
0.043913
0.041762
0.052083
0.05106
0.051051
0.05127
0.050352
0.050499
0.040594
0.039356
0.040456
0.049416
0.039945
0.040044
0.071197
0.049735
0.03879
0.038109
0.037958
0.037574
0.037218
0.048886
0.039301
0.038001
0.037716
0.038176
0.038157
0.037807
0.068914
0.037619
0.096815
0.058455
0.049523
0.045193
0.052553
0.051733
0.052974
0.052095
0.051197
0.051076
0.050496
0.04023
0.039695
0.039687
0.039621
0.040434
0.070826
0.039786
0.040239
0.037839
0.038176
0.037584
0.037632
0.037526
0.036944
0.04803
0.047465
0.036038
0.037897
0.038157
0.037805
0.038055
0.037403
0.074701
0.061456
0.050594
0.046184
0.043535
0.042514
0.052437
0.051272
0.051132
0.05122
0.041169
0.040434
0.039528
0.039456
0.039627
0.040404
0.039829
0.071856
0.040507
0.049968
0.050186
0.03765
0.048848
0.047856
0.048173
0.036792
0.036398
0.035731
0.04671
0.037621
0.047344
0.037966
0.037614
0.094397
0.077563
0.065313
0.047398
0.054132
0.052488
0.042275
0.05135
0.051538
0.051859
0.05203
0.041463
0.040275
0.039301
0.048832
0.048869
0.039189
0.039668
0.040283
0.04983
0.050443
0.039907
0.039479
0.048585
0.048385
0.036275
0.047554
0.035951
0.046724
0.037753
0.03782
0.046702
0.037543
0.10012
0.081901
0.067639
0.04761
0.054355
0.052128
0.04171
0.052566
0.052258
0.051137
0.051845
0.051692
0.050686
0.050202
0.037815
0.05008
0.039937
0.039922
0.04049
0.050069
0.049919
0.049522
0.048816
0.037284
0.047668
0.047592
0.037798
0.047079
0.037824
0.046836
0.035612
0.046849
0.037601
0.089363
0.097172
0.058012
0.048959
0.055003
0.052115
0.042194
0.042161
0.042472
0.041638
0.052126
0.050802
0.051195
0.051806
0.05107
0.039277
0.050237
0.040649
0.041314
0.038573
0.038109
0.0379
0.037651
0.048999
0.036788
0.047649
0.047166
0.048328
0.04707
0.046851
0.035625
0.035207
0.046345
0.09683
0.076518
0.062183
0.062862
0.056362
0.053291
0.042246
0.042454
0.042169
0.041613
0.050943
0.041622
0.051621
0.052618
0.052199
0.051364
0.051299
0.051484
0.051705
0.039171
0.03848
0.038041
0.037482
0.049145
0.03732
0.048415
0.048069
0.047431
0.035727
0.035577
0.047325
0.035488
0.046356
0.1038
0.082904
0.066052
0.054417
0.046306
0.043649
0.081993
0.080107
0.079129
0.041279
0.051421
0.041091
0.041589
0.042517
0.051973
0.051824
0.044691
0.051178
0.051586
0.0396
0.039204
0.050597
0.038738
0.037907
0.038228
0.03737
0.036218
0.035797
0.047082
0.047337
0.047344
0.046521
0.046722
0.11461
0.090863
0.097918
0.088791
0.048924
0.083098
0.082891
0.08009
0.079535
0.042181
0.051853
0.04153
0.042195
0.042279
0.052051
0.052307
0.039888
0.051547
0.039008
0.038904
0.051755
0.05165
0.038691
0.04996
0.037731
0.037158
0.036567
0.047631
0.047096
0.047031
0.047335
0.035527
0.035592
0.12384
0.10051
0.07847
0.063042
0.07388
0.045947
0.042901
0.042323
0.041813
0.0523
0.052557
0.05212
0.04218
0.051593
0.051787
0.051892
0.0392
0.051656
0.051318
0.051517
0.038893
0.038797
0.038419
0.03795
0.037848
0.037092
0.036405
0.036215
0.036182
0.047453
0.035939
0.035641
0.035504
0.0872
0.099092
0.099164
0.096895
0.055447
0.047288
0.043718
0.041942
0.042506
0.042353
0.052021
0.05193
0.052148
0.051257
0.051192
0.051614
0.039214
0.039517
0.039401
0.038964
0.038516
0.039043
0.038775
0.037982
0.037116
0.036456
0.036344
0.036309
0.03633
0.035686
0.035996
0.036086
0.035516
0.087429
0.086994
0.098507
0.097738
0.090582
0.082379
0.044608
0.051539
0.042182
0.07938
0.042104
0.041994
0.041468
0.039522
0.040107
0.050771
0.039233
0.039624
0.033229
0.039367
0.038606
0.038355
0.038311
0.038138
0.037734
0.037412
0.036368
0.03638
0.036014
0.036025
0.036105
0.036368
0.035993
0.087684
0.099386
0.072803
0.072805
0.093918
0.083866
0.044986
0.041466
0.04163
0.041501
0.07912
0.042012
0.041381
0.052617
0.039928
0.051961
0.040082
0.039909
0.039771
0.03929
0.038472
0.038203
0.038155
0.038001
0.037509
0.036731
0.03619
0.035795
0.035748
0.036117
0.036011
0.035866
0.035665
0.087543
0.099902
0.098721
0.097201
0.09693
0.088044
0.047912
0.042732
0.041199
0.041538
0.0424
0.041744
0.051054
0.042024
0.052138
0.044966
0.033394
0.039931
0.039238
0.038761
0.038668
0.038883
0.038142
0.037814
0.037577
0.036487
0.036301
0.035795
0.035787
0.036056
0.035766
0.036035
0.035991
0.099433
0.10017
0.098483
0.0986
0.098525
0.095453
0.052238
0.044402
0.04177
0.081473
0.042388
0.042542
0.042388
0.052207
0.052646
0.033519
0.045264
0.040061
0.03962
0.039354
0.039539
0.039175
0.038171
0.037548
0.036971
0.036494
0.035963
0.035843
0.03589
0.035707
0.035562
0.036002
0.036099
0.10968
0.10951
0.12357
0.12364
0.099905
0.07331
0.056785
0.047403
0.081748
0.042621
0.042942
0.042524
0.03642
0.052539
0.040264
0.040173
0.040083
0.040127
0.033433
0.039905
0.039746
0.039702
0.03832
0.037811
0.037103
0.036997
0.036396
0.035973
0.03624
0.03626
0.035801
0.047097
0.036014
0.11037
0.086985
0.1002
0.12553
0.14073
0.086624
0.065059
0.05238
0.045655
0.083127
0.08129
0.042441
0.04283
0.052793
0.052444
0.033549
0.04012
0.040059
0.039939
0.039753
0.052044
0.039357
0.038329
0.037841
0.037254
0.037398
0.036396
0.036469
0.036455
0.036739
0.036297
0.036891
0.035737
0.0895
0.087346
0.087691
0.087362
0.10891
0.12237
0.098258
0.077831
0.048019
0.083796
0.082371
0.042634
0.052732
0.052354
0.052156
0.052596
0.033611
0.039571
0.039524
0.051651
0.03986
0.039394
0.051133
0.050475
0.037595
0.036542
0.037016
0.036837
0.037427
0.036834
0.03624
0.035566
0.035546
0.089712
0.089539
0.08704
0.088171
0.10995
0.10243
0.076434
0.083258
0.044144
0.04537
0.0426
0.052826
0.052518
0.052861
0.052712
0.052662
0.040224
0.039736
0.039242
0.039792
0.039879
0.039695
0.051072
0.050316
0.038089
0.037016
0.037328
0.037632
0.037937
0.036691
0.036199
0.035595
0.046779
0.088757
0.089724
0.087857
0.087063
0.11038
0.13114
0.089835
0.064719
0.049029
0.050379
0.043596
0.05293
0.052947
0.052845
0.045311
0.052675
0.040151
0.03963
0.039573
0.039472
0.039416
0.039485
0.039224
0.038501
0.03815
0.03803
0.036725
0.036951
0.037475
0.036715
0.047137
0.035597
0.035775
0.11334
0.089183
0.087857
0.11093
0.11028
0.1109
0.10398
0.092249
0.068551
0.05435
0.047929
0.045471
0.052649
0.052883
0.05224
0.052118
0.039496
0.039078
0.039595
0.039452
0.039663
0.038975
0.038998
0.039169
0.038274
0.038048
0.036483
0.036804
0.03679
0.03593
0.047388
0.035582
0.036111
0.091005
0.090532
0.089705
0.090044
0.11205
0.11122
0.13198
0.10993
0.079692
0.060532
0.051065
0.046638
0.037195
0.046085
0.045298
0.05216
0.039853
0.038775
0.039612
0.039268
0.038899
0.038917
0.039024
0.038378
0.038913
0.037817
0.037064
0.036092
0.036339
0.036119
0.035964
0.03581
0.036102
0.092372
0.091541
0.090315
0.089992
0.089139
0.11071
0.13368
0.12628
0.092995
0.069235
0.055609
0.049025
0.037357
0.03683
0.047179
0.043957
0.039883
0.038825
0.039094
0.039534
0.050876
0.03846
0.03857
0.038265
0.03871
0.038055
0.048533
0.048014
0.036783
0.047833
0.036429
0.036531
0.036091
0.091413
0.091308
0.09081
0.089835
0.08969
0.11311
0.11099
0.1101
0.092931
0.081344
0.061303
0.050751
0.037292
0.036645
0.052631
0.045234
0.051371
0.03869
0.039545
0.039895
0.039687
0.038881
0.038807
0.038485
0.037618
0.049436
0.049017
0.047612
0.047882
0.047488
0.035914
0.03663
0.036916
0.091158
0.091187
0.092421
0.091513
0.065083
0.088884
0.087629
0.088544
0.12723
0.097028
0.071674
0.055959
0.039032
0.045542
0.052495
0.046746
0.043506
0.04016
0.039269
0.039673
0.038592
0.039156
0.039242
0.038508
0.037978
0.036725
0.036607
0.0365
0.036542
0.036355
0.036054
0.03629
0.036656
0.090076
0.09247
0.092622
0.091398
0.090215
0.089105
0.089082
0.11119
0.13176
0.1172
0.085442
0.064273
0.05216
0.054
0.052409
0.048378
0.044623
0.041085
0.038798
0.038692
0.038145
0.03824
0.038839
0.038872
0.038336
0.037081
0.037934
0.037173
0.037175
0.037052
0.036544
0.037252
0.036948
0.11441
0.093566
0.09344
0.090684
0.090876
0.090324
0.11165
0.11131
0.13335
0.13111
0.1053
0.076468
0.057692
0.049602
0.054626
0.050633
0.046655
0.043776
0.040498
0.038752
0.038557
0.038407
0.038237
0.038152
0.03864
0.038256
0.037892
0.038296
0.037942
0.038154
0.037699
0.037546
0.036711
0.17794
0.11507
0.090157
0.091561
0.089605
0.11293
0.1345
0.13339
0.1347
0.13272
0.13202
0.074143
0.059114
0.052208
0.054703
0.052724
0.048871
0.052204
0.052004
0.039566
0.038473
0.038887
0.038371
0.03849
0.038424
0.038071
0.037883
0.038307
0.038147
0.038238
0.038164
0.037677
0.037334
0.1369
0.13837
0.11386
0.11368
0.11381
0.11193
0.1361
0.13374
0.13423
0.13329
0.13345
0.11804
0.066499
0.065354
0.05949
0.055171
0.050873
0.046851
0.043351
0.040021
0.038726
0.038808
0.038562
0.038926
0.038099
0.038105
0.038257
0.038392
0.038592
0.03809
0.037804
0.037616
0.037475
0.1355
0.17868
0.13934
0.11593
0.090999
0.11321
0.13594
0.1108
0.13285
0.17462
0.17557
0.16049
0.10116
0.061908
0.061449
0.057304
0.053196
0.049796
0.04501
0.041563
0.038901
0.038143
0.038323
0.038263
0.037785
0.037226
0.036859
0.038082
0.038641
0.03788
0.037503
0.037487
0.037289
0.097095
0.055286
0.08539
0.044228
0.052492
0.052398
0.052326
0.052204
0.051111
0.04184
0.040753
0.041207
0.048601
0.048532
0.048573
0.050193
0.038377
0.037816
0.036717
0.036014
0.035874
0.035782
0.035593
0.035735
0.036031
0.035989
0.03614
0.04812
0.037215
0.037438
0.037207
0.03734
0.038598
0.084846
0.088195
0.085072
0.044467
0.042347
0.04226
0.051289
0.05185
0.052121
0.042402
0.048865
0.048375
0.048665
0.037036
0.03715
0.038063
0.038174
0.03668
0.036314
0.035719
0.036117
0.03627
0.035881
0.035888
0.036015
0.03596
0.035895
0.036167
0.037142
0.037459
0.037664
0.037793
0.038228
0.084606
0.075841
0.084593
0.084484
0.041891
0.041607
0.052048
0.042331
0.050978
0.051023
0.041975
0.048236
0.047966
0.036991
0.037336
0.038122
0.049396
0.047658
0.036224
0.036018
0.03618
0.03605
0.035867
0.035864
0.036075
0.035832
0.035796
0.036839
0.037002
0.037639
0.038382
0.037196
0.037621
0.098012
0.063563
0.083691
0.060904
0.08242
0.082318
0.041624
0.041442
0.078423
0.040954
0.041907
0.040416
0.048247
0.037359
0.037385
0.037606
0.049069
0.048275
0.047667
0.036163
0.03619
0.047966
0.035884
0.035844
0.035708
0.035525
0.035595
0.036451
0.037631
0.037682
0.037268
0.03638
0.03719
0.096977
0.063484
0.061351
0.059125
0.082479
0.081153
0.041305
0.041175
0.0765
0.040271
0.049892
0.040655
0.048281
0.037674
0.037904
0.049326
0.048834
0.040202
0.04777
0.036244
0.036095
0.036122
0.03607
0.036007
0.036341
0.035895
0.036534
0.036889
0.037629
0.037498
0.03724
0.036897
0.036364
0.070629
0.063644
0.084495
0.083958
0.082673
0.079646
0.078278
0.078009
0.040305
0.040145
0.048764
0.040828
0.050207
0.037487
0.037898
0.041388
0.04901
0.049211
0.03728
0.047842
0.036442
0.047877
0.035932
0.035877
0.036123
0.037229
0.037432
0.037647
0.037699
0.037279
0.037069
0.037317
0.036717
0.09887
0.088396
0.085764
0.084827
0.083761
0.041161
0.040428
0.040885
0.040611
0.04853
0.039748
0.048314
0.040536
0.04926
0.038021
0.049868
0.049377
0.048494
0.037313
0.049045
0.037253
0.036411
0.036093
0.03619
0.036507
0.03743
0.037631
0.037758
0.037554
0.037243
0.036493
0.037178
0.037205
0.067942
0.088972
0.04796
0.043519
0.083408
0.08178
0.040689
0.039997
0.039855
0.048914
0.048481
0.049237
0.048983
0.049135
0.038045
0.037628
0.049899
0.049749
0.049528
0.037754
0.037679
0.037361
0.03635
0.03596
0.036459
0.036747
0.036478
0.037073
0.036855
0.036723
0.03716
0.036
0.03684
0.067719
0.088352
0.048402
0.043227
0.082465
0.041559
0.040918
0.050183
0.040622
0.050003
0.049008
0.037369
0.038102
0.050547
0.038607
0.038364
0.050282
0.050166
0.037646
0.037614
0.03794
0.037507
0.036417
0.036354
0.035975
0.036919
0.037606
0.03731
0.036495
0.036348
0.037177
0.037138
0.036777
0.097047
0.090023
0.047919
0.044293
0.052944
0.052942
0.051322
0.050689
0.041388
0.038666
0.038086
0.038386
0.038602
0.039608
0.039415
0.03932
0.039671
0.038921
0.037843
0.037795
0.037711
0.037681
0.036847
0.036489
0.03632
0.036378
0.03736
0.036933
0.037543
0.036334
0.035886
0.036503
0.037091
0.070632
0.089736
0.048297
0.055283
0.052252
0.05242
0.052005
0.045465
0.043407
0.039661
0.038517
0.038658
0.038587
0.039365
0.039064
0.039576
0.039773
0.039308
0.038874
0.038155
0.03803
0.03722
0.037396
0.036888
0.037013
0.036286
0.037284
0.037229
0.037739
0.037205
0.036362
0.037113
0.037078
0.071806
0.091019
0.049658
0.055606
0.05231
0.052372
0.052008
0.051992
0.051788
0.040192
0.03945
0.039103
0.038963
0.038755
0.039404
0.039848
0.033197
0.039594
0.039151
0.038362
0.038023
0.036971
0.037606
0.037283
0.037207
0.036977
0.037188
0.037289
0.036956
0.037214
0.03668
0.037057
0.037331
0.10034
0.09438
0.051354
0.056807
0.042744
0.052114
0.05212
0.046816
0.05186
0.040521
0.039767
0.039448
0.039614
0.03942
0.039848
0.039638
0.039322
0.038919
0.038991
0.038118
0.037996
0.037956
0.037962
0.037247
0.037331
0.037691
0.036608
0.036322
0.036713
0.036906
0.036956
0.037015
0.036799
0.10072
0.096104
0.075467
0.057424
0.053164
0.052657
0.049624
0.047206
0.044664
0.0419
0.03955
0.039698
0.033499
0.033749
0.039923
0.051678
0.038491
0.038997
0.038214
0.038125
0.037724
0.038176
0.037982
0.037864
0.037455
0.036669
0.037321
0.036164
0.036074
0.037105
0.037474
0.037373
0.03724
0.10026
0.064884
0.05379
0.057213
0.053587
0.053364
0.050365
0.047329
0.045094
0.04293
0.033736
0.033544
0.040069
0.040023
0.03951
0.051451
0.03908
0.038635
0.039132
0.038315
0.037984
0.038113
0.038588
0.038256
0.037219
0.036091
0.036059
0.036155
0.036009
0.037029
0.037133
0.036691
0.036999
0.10157
0.098267
0.055576
0.058947
0.054215
0.054039
0.050897
0.04735
0.044591
0.042684
0.040173
0.039732
0.039738
0.039189
0.039702
0.03975
0.03933
0.039318
0.03936
0.038593
0.038221
0.038406
0.038388
0.03799
0.036814
0.036752
0.037103
0.037056
0.036698
0.037232
0.03723
0.037427
0.036604
0.10246
0.070698
0.057002
0.06065
0.054704
0.053511
0.051227
0.048197
0.044968
0.043289
0.039763
0.039734
0.039663
0.03965
0.03999
0.039925
0.039714
0.033161
0.039689
0.039096
0.038895
0.038417
0.038888
0.03859
0.037749
0.03731
0.037636
0.037331
0.037427
0.037472
0.036735
0.037392
0.036611
0.10211
0.10158
0.091656
0.050398
0.044627
0.051685
0.051117
0.048227
0.046325
0.04392
0.041645
0.040076
0.039956
0.040092
0.040032
0.033401
0.033491
0.033215
0.033107
0.039234
0.039203
0.038988
0.037963
0.037966
0.037924
0.038512
0.038634
0.037313
0.037521
0.03749
0.037743
0.037576
0.037067
0.10067
0.10058
0.094993
0.052486
0.045397
0.053037
0.052594
0.049698
0.047094
0.044889
0.042266
0.033661
0.039698
0.039757
0.039948
0.039935
0.045119
0.033233
0.033141
0.044438
0.039496
0.038963
0.038308
0.03886
0.038759
0.038313
0.037757
0.037711
0.03767
0.037778
0.038283
0.03746
0.03708
0.10135
0.099856
0.098871
0.088758
0.047754
0.05417
0.052711
0.050624
0.048
0.045468
0.042873
0.040118
0.039161
0.039759
0.051491
0.039906
0.051955
0.052202
0.05206
0.052099
0.044702
0.039095
0.050782
0.039362
0.038528
0.037535
0.036465
0.037983
0.037848
0.038242
0.037527
0.037088
0.037425
0.072425
0.099961
0.071655
0.093123
0.061267
0.055342
0.054816
0.051995
0.047809
0.045869
0.052685
0.052053
0.039062
0.040129
0.039948
0.039977
0.039899
0.044671
0.044669
0.042174
0.051695
0.039513
0.051298
0.050939
0.038962
0.0385
0.038326
0.038439
0.038567
0.037964
0.037541
0.036901
0.036811
0.073156
0.07245
0.072144
0.097597
0.0535
0.047094
0.054022
0.052675
0.052374
0.051988
0.051866
0.041059
0.039478
0.038878
0.039613
0.040077
0.039934
0.045371
0.033269
0.039724
0.039285
0.039544
0.032988
0.039382
0.039349
0.039239
0.038694
0.039118
0.039059
0.038547
0.03734
0.036291
0.036063
0.10186
0.10056
0.072366
0.10126
0.092911
0.076248
0.04477
0.052711
0.042224
0.051623
0.044924
0.051424
0.052323
0.050969
0.051388
0.033432
0.033338
0.045133
0.044706
0.052031
0.051384
0.033017
0.033198
0.033354
0.032847
0.032844
0.03877
0.038797
0.038818
0.038845
0.037534
0.037196
0.036316
0.072474
0.10248
0.10309
0.072817
0.098032
0.088935
0.039357
0.052748
0.041966
0.051158
0.041504
0.041272
0.051789
0.042044
0.052144
0.052086
0.044836
0.044903
0.045406
0.045312
0.033448
0.033371
0.033201
0.033407
0.033434
0.039365
0.051414
0.050734
0.038397
0.038664
0.037692
0.037258
0.036358
0.063901
0.073718
0.10324
0.103
0.10107
0.089873
0.048084
0.042721
0.041608
0.041326
0.04221
0.041393
0.04124
0.041178
0.0519
0.052106
0.033407
0.045179
0.044771
0.045349
0.045915
0.045744
0.044754
0.033626
0.033201
0.039314
0.044024
0.05074
0.038432
0.037792
0.037932
0.037572
0.037241
0.064266
0.06401
0.1044
0.10347
0.10089
0.067041
0.087222
0.085718
0.041606
0.041848
0.041532
0.081304
0.041407
0.05173
0.051237
0.039587
0.045201
0.045472
0.033938
0.045181
0.045383
0.045811
0.033384
0.033453
0.033537
0.033159
0.038764
0.03886
0.038156
0.037442
0.037434
0.037263
0.036584
0.073273
0.10546
0.10552
0.10249
0.10212
0.099758
0.061995
0.086569
0.042046
0.041226
0.041437
0.041441
0.041055
0.041173
0.051956
0.039898
0.045596
0.034203
0.034382
0.045491
0.045367
0.045225
0.0452
0.045099
0.033198
0.044927
0.051017
0.0512
0.037773
0.037301
0.037514
0.036446
0.036832
0.073942
0.072664
0.10526
0.10363
0.10168
0.070607
0.065856
0.087129
0.086028
0.042616
0.082765
0.042075
0.041419
0.041817
0.045302
0.052655
0.044965
0.034033
0.045597
0.045448
0.045233
0.03364
0.033693
0.044802
0.034107
0.033996
0.051314
0.050575
0.050039
0.038026
0.037497
0.03666
0.037411
0.073244
0.072969
0.073074
0.07276
0.07173
0.10248
0.098712
0.088532
0.085804
0.086805
0.084686
0.041831
0.082599
0.042336
0.045128
0.045029
0.034143
0.045707
0.045224
0.044748
0.044723
0.033171
0.044658
0.045137
0.033601
0.044961
0.051554
0.039381
0.050774
0.050204
0.049499
0.037393
0.036722
0.073343
0.072818
0.071991
0.072582
0.072593
0.071397
0.10115
0.093165
0.085596
0.086398
0.084075
0.085274
0.084543
0.083642
0.045581
0.04508
0.045397
0.045225
0.044857
0.045151
0.036012
0.044574
0.033345
0.044415
0.044435
0.044563
0.044374
0.051669
0.050948
0.049393
0.048842
0.037108
0.036689
0.073851
0.071969
0.072323
0.073078
0.046206
0.070995
0.071645
0.069476
0.060707
0.06077
0.060087
0.086122
0.074005
0.04286
0.042816
0.045448
0.052653
0.045137
0.052487
0.044777
0.045089
0.04469
0.051904
0.044448
0.041981
0.04122
0.051122
0.051006
0.038615
0.049267
0.048196
0.036903
0.037124
0.073325
0.073371
0.07248
0.071801
0.04549
0.071818
0.071091
0.07218
0.065387
0.061339
0.060548
0.086167
0.074445
0.042434
0.083254
0.042798
0.045203
0.045227
0.045168
0.036558
0.045033
0.051927
0.051671
0.051177
0.050896
0.051071
0.050036
0.038027
0.038166
0.03798
0.037486
0.03663
0.036181
0.073767
0.073974
0.045699
0.072258
0.046478
0.073667
0.072887
0.10241
0.070646
0.062533
0.061112
0.087342
0.087068
0.085702
0.036443
0.036403
0.036643
0.052551
0.044912
0.036349
0.045014
0.052169
0.051569
0.051376
0.040891
0.050289
0.049852
0.037851
0.037728
0.037593
0.037488
0.037501
0.037258
0.073561
0.073856
0.07306
0.072221
0.046225
0.046591
0.063984
0.063656
0.072567
0.065244
0.08804
0.087621
0.086081
0.083567
0.042679
0.0429
0.036342
0.051996
0.052142
0.036581
0.045103
0.044707
0.051828
0.039357
0.049843
0.049679
0.049601
0.039738
0.049755
0.037775
0.037945
0.03806
0.037634
0.073188
0.07212
0.073392
0.071944
0.072168
0.073165
0.064293
0.073433
0.073171
0.070994
0.089671
0.086506
0.043123
0.042494
0.036585
0.03675
0.036377
0.042369
0.036247
0.042215
0.042371
0.044821
0.052147
0.050544
0.050292
0.050075
0.050173
0.049274
0.040046
0.049727
0.03797
0.037956
0.037461
0.071971
0.072245
0.073518
0.07189
0.073225
0.06393
0.063823
0.073493
0.06365
0.10398
0.067161
0.048177
0.043556
0.042505
0.04295
0.036483
0.042789
0.04219
0.080774
0.04256
0.041973
0.051868
0.051031
0.041432
0.041007
0.0503
0.050245
0.050127
0.049829
0.049832
0.037907
0.037976
0.049716
0.072834
0.072322
0.072648
0.072055
0.073715
0.063996
0.063973
0.073781
0.088963
0.073593
0.1011
0.090766
0.046011
0.042683
0.074651
0.036583
0.036459
0.080378
0.080385
0.080063
0.078475
0.041312
0.041552
0.041747
0.041373
0.051044
0.050248
0.049916
0.038073
0.038001
0.050284
0.049931
0.050542
0.074616
0.073723
0.073749
0.073577
0.074245
0.06459
0.064348
0.064263
0.08952
0.063631
0.1037
0.062711
0.04922
0.043238
0.086703
0.073816
0.03667
0.042777
0.081803
0.042107
0.041851
0.041329
0.076943
0.040984
0.041545
0.040778
0.0497
0.038049
0.036973
0.048459
0.049407
0.050762
0.041208
0.064572
0.074299
0.073855
0.064389
0.064619
0.064532
0.06485
0.06392
0.07314
0.10366
0.10394
0.075674
0.056588
0.046398
0.074908
0.073386
0.036531
0.082977
0.041961
0.041853
0.051714
0.040953
0.041312
0.041572
0.051262
0.04994
0.048707
0.048478
0.048095
0.04817
0.039505
0.039915
0.049768
0.064632
0.065116
0.065055
0.065389
0.065818
0.06518
0.064981
0.090495
0.089505
0.10328
0.10361
0.10162
0.099704
0.089349
0.086087
0.073347
0.036626
0.083859
0.082813
0.080188
0.042107
0.042013
0.041901
0.04171
0.051067
0.050032
0.037203
0.048564
0.050032
0.039845
0.039209
0.039113
0.049817
0.064861
0.043696
0.065543
0.065473
0.066172
0.065341
0.090867
0.090993
0.064008
0.10188
0.10301
0.1011
0.083955
0.094777
0.086787
0.043389
0.042988
0.04242
0.082792
0.042262
0.051981
0.052231
0.04173
0.05171
0.051306
0.038389
0.038288
0.038075
0.050133
0.049335
0.048046
0.038868
0.039699
0.064887
0.043917
0.065008
0.065097
0.065634
0.06629
0.092391
0.06565
0.064574
0.073957
0.10189
0.12335
0.10778
0.10124
0.091099
0.086697
0.042761
0.052375
0.042195
0.042269
0.042198
0.051772
0.051664
0.051929
0.051875
0.051258
0.051164
0.051098
0.050207
0.04865
0.047956
0.038775
0.074856
0.065716
0.059818
0.048864
0.053164
0.048238
0.045034
0.042883
0.040158
0.038077
0.035561
0.034752
0.033776
0.033478
0.039353
0.038919
0.03835
0.036785
0.037541
0.036855
0.036487
0.036146
0.035791
0.035644
0.035987
0.036334
0.036343
0.036277
0.03636
0.036164
0.036279
0.036561
0.036337
0.036035
0.065573
0.059351
0.056039
0.053373
0.049093
0.045253
0.041915
0.039893
0.037983
0.035074
0.034202
0.033529
0.040134
0.03867
0.037716
0.036991
0.036832
0.037116
0.037171
0.037024
0.036888
0.036069
0.03588
0.035726
0.036336
0.036573
0.0362
0.03578
0.035658
0.035813
0.036725
0.03644
0.035613
0.065537
0.058508
0.05506
0.051356
0.048275
0.044355
0.041795
0.039696
0.037948
0.03459
0.040197
0.039691
0.039587
0.038571
0.037316
0.03657
0.036564
0.036308
0.037397
0.036792
0.037524
0.03655
0.035985
0.035561
0.035996
0.036653
0.047415
0.035947
0.035322
0.035562
0.03565
0.036151
0.035683
0.065429
0.05928
0.053522
0.050507
0.04729
0.044701
0.042203
0.039165
0.043896
0.034242
0.039869
0.039623
0.039597
0.038575
0.037229
0.036845
0.036814
0.036468
0.036329
0.036545
0.036599
0.036847
0.035977
0.046789
0.035874
0.036558
0.03626
0.035731
0.035708
0.036013
0.035776
0.035972
0.035415
0.065104
0.058055
0.053469
0.050484
0.047845
0.044461
0.041733
0.03918
0.036723
0.040874
0.039705
0.039107
0.039568
0.038517
0.050162
0.049794
0.048439
0.048165
0.047651
0.036309
0.036986
0.036593
0.035978
0.046615
0.035566
0.0358
0.035841
0.035721
0.035674
0.03604
0.035808
0.03589
0.035603
0.064409
0.058097
0.053976
0.050624
0.047637
0.044076
0.04121
0.039334
0.043903
0.040381
0.039628
0.038708
0.03849
0.0384
0.038487
0.037592
0.048367
0.038645
0.038474
0.047721
0.036778
0.036437
0.035558
0.046586
0.0357
0.03582
0.036234
0.036135
0.035656
0.035618
0.035883
0.036066
0.035625
0.064884
0.058458
0.053729
0.051108
0.048352
0.044678
0.041648
0.039602
0.036907
0.052134
0.041092
0.050299
0.037804
0.038254
0.049614
0.037626
0.039127
0.038972
0.038451
0.047683
0.03833
0.047381
0.035516
0.035513
0.035643
0.035634
0.036139
0.036031
0.035468
0.035308
0.035269
0.035243
0.035587
0.065885
0.058086
0.05416
0.050556
0.047995
0.044859
0.041681
0.045344
0.044171
0.040508
0.051435
0.05023
0.049707
0.040291
0.049715
0.048493
0.048367
0.048208
0.039095
0.038478
0.047105
0.035991
0.035644
0.035699
0.035821
0.035799
0.035815
0.035763
0.035497
0.035172
0.034997
0.035304
0.035467
0.066166
0.064943
0.052792
0.049704
0.047384
0.045453
0.042591
0.03994
0.037048
0.040678
0.050718
0.05074
0.05079
0.040723
0.049282
0.037421
0.03737
0.0489
0.0389
0.038606
0.047905
0.035984
0.035938
0.036586
0.036104
0.035606
0.035585
0.035754
0.035706
0.035668
0.03532
0.035331
0.035427
0.066629
0.058849
0.052998
0.050212
0.047121
0.045611
0.042652
0.040078
0.037492
0.040953
0.039466
0.051542
0.041129
0.040656
0.049191
0.037833
0.040135
0.0397
0.039069
0.038482
0.03874
0.048148
0.036734
0.037411
0.036232
0.036108
0.035687
0.035379
0.035554
0.035557
0.035622
0.035247
0.034874
0.067506
0.05992
0.054065
0.051148
0.048171
0.045953
0.043343
0.040349
0.037509
0.041686
0.039758
0.050769
0.041022
0.05052
0.04053
0.049891
0.049926
0.071083
0.038865
0.038376
0.038411
0.037106
0.037557
0.037375
0.036659
0.035847
0.035909
0.035519
0.035696
0.035894
0.035196
0.035109
0.034878
0.086091
0.059911
0.054772
0.052177
0.050139
0.046365
0.044223
0.040674
0.045668
0.035361
0.039713
0.038814
0.050585
0.050526
0.041017
0.049481
0.048815
0.039119
0.038568
0.038387
0.049435
0.048745
0.037604
0.036899
0.037063
0.03624
0.036113
0.03684
0.037194
0.036347
0.035873
0.035331
0.035377
0.074226
0.071339
0.054983
0.052011
0.049697
0.046784
0.04389
0.041428
0.038694
0.035845
0.052499
0.03883
0.050718
0.050731
0.050508
0.050379
0.048988
0.04875
0.048163
0.047692
0.049808
0.037697
0.037581
0.037446
0.037773
0.037446
0.036966
0.037278
0.037506
0.037458
0.036841
0.036673
0.035821
0.06476
0.062275
0.05556
0.053293
0.048205
0.047158
0.043748
0.041765
0.039484
0.036468
0.033735
0.039497
0.038811
0.051754
0.050782
0.050346
0.037395
0.048777
0.048457
0.048102
0.047986
0.048031
0.036927
0.037842
0.037779
0.037734
0.037791
0.038117
0.038089
0.037885
0.037436
0.037125
0.037087
0.067344
0.075849
0.056309
0.053112
0.047844
0.047041
0.044716
0.04213
0.039318
0.052893
0.040248
0.040011
0.038763
0.051112
0.041321
0.040566
0.048383
0.047905
0.047701
0.038421
0.047639
0.038771
0.048827
0.037762
0.037807
0.037663
0.037789
0.037868
0.037269
0.037522
0.037475
0.037372
0.036464
0.10028
0.063836
0.057296
0.05447
0.048662
0.046394
0.04526
0.042871
0.039658
0.052867
0.034247
0.039398
0.038708
0.050273
0.040899
0.040453
0.039186
0.069952
0.038194
0.038473
0.038467
0.048555
0.049015
0.037787
0.038178
0.037887
0.038074
0.037704
0.037163
0.036798
0.037109
0.036267
0.035684
0.082237
0.067055
0.058546
0.05505
0.051569
0.04858
0.045994
0.042911
0.039908
0.044628
0.041243
0.039958
0.050909
0.050651
0.040605
0.073646
0.040436
0.040316
0.039658
0.04799
0.038829
0.048911
0.049766
0.049681
0.037829
0.049882
0.037688
0.037694
0.037128
0.037262
0.036333
0.035907
0.035803
0.11394
0.087919
0.061694
0.055772
0.051866
0.049207
0.045923
0.043174
0.040372
0.04552
0.051451
0.051805
0.050388
0.040478
0.040613
0.073082
0.040469
0.0403
0.039649
0.04828
0.048091
0.048236
0.039267
0.039975
0.04968
0.049958
0.049952
0.037629
0.036834
0.036527
0.036905
0.035953
0.03563
0.090282
0.07417
0.063916
0.057188
0.053224
0.050329
0.046505
0.046758
0.046727
0.05239
0.05194
0.039054
0.050788
0.050882
0.040942
0.041612
0.05163
0.040206
0.040329
0.048505
0.035948
0.048191
0.048656
0.049315
0.049679
0.049203
0.048713
0.038744
0.035833
0.03571
0.036031
0.036043
0.035865
0.12628
0.080985
0.082621
0.058344
0.05412
0.051704
0.04909
0.045252
0.046005
0.039055
0.052742
0.040225
0.052267
0.050795
0.051146
0.040924
0.041002
0.040899
0.040237
0.039156
0.047794
0.048182
0.039095
0.039789
0.049864
0.049376
0.038118
0.037897
0.047103
0.035689
0.035973
0.036109
0.035878
0.15756
0.090808
0.088684
0.061138
0.055972
0.052266
0.050292
0.045995
0.042755
0.039948
0.037509
0.0348
0.03995
0.051986
0.051834
0.05107
0.040473
0.04015
0.039759
0.039647
0.039542
0.071916
0.071837
0.072304
0.040193
0.039397
0.038537
0.047402
0.035813
0.035624
0.036007
0.035551
0.035206
0.17809
0.11103
0.075954
0.063908
0.056803
0.052991
0.049653
0.046947
0.043615
0.040735
0.038732
0.035692
0.05181
0.039923
0.039835
0.050781
0.049899
0.049968
0.050043
0.072574
0.072903
0.073018
0.070475
0.072012
0.039955
0.039565
0.047869
0.035793
0.036071
0.035514
0.035608
0.035272
0.035071
0.18454
0.14591
0.085587
0.06885
0.059794
0.054243
0.050654
0.047848
0.044513
0.041263
0.038895
0.036636
0.051823
0.039559
0.03958
0.051586
0.050636
0.04996
0.040875
0.073169
0.072517
0.072857
0.070348
0.039927
0.072537
0.039842
0.038802
0.035604
0.035629
0.035453
0.035631
0.035402
0.035262
0.18177
0.13683
0.10471
0.078168
0.073027
0.055831
0.051824
0.048518
0.04505
0.042416
0.039688
0.044497
0.041052
0.03971
0.039623
0.039611
0.050745
0.050272
0.05062
0.040702
0.072994
0.072937
0.04055
0.072702
0.072467
0.039864
0.035877
0.03555
0.035455
0.035301
0.035061
0.034937
0.03472
0.1391
0.11554
0.11273
0.088489
0.081695
0.063611
0.052354
0.047198
0.045735
0.043265
0.040386
0.038426
0.042241
0.039533
0.039589
0.038766
0.050653
0.041601
0.04091
0.040605
0.073073
0.040221
0.073425
0.07222
0.039091
0.048173
0.047656
0.034932
0.035032
0.035029
0.038848
0.034496
0.038864
0.11841
0.11655
0.090951
0.089278
0.093123
0.071526
0.056685
0.050418
0.047123
0.044132
0.041607
0.039149
0.036543
0.051742
0.051309
0.05073
0.041968
0.041578
0.040572
0.071338
0.03975
0.072115
0.072417
0.070984
0.039191
0.038653
0.047272
0.046662
0.034974
0.039213
0.038813
0.038553
0.038482
0.097571
0.11784
0.090533
0.11212
0.088855
0.080939
0.062212
0.051712
0.047377
0.045774
0.050224
0.047402
0.044717
0.051294
0.052034
0.051874
0.040733
0.073369
0.070912
0.069913
0.069588
0.069454
0.07026
0.069451
0.069498
0.038109
0.037849
0.046703
0.054627
0.038817
0.038581
0.038514
0.037987
0.092196
0.11688
0.11834
0.11251
0.10311
0.093115
0.069376
0.055137
0.048482
0.046973
0.043419
0.048348
0.045107
0.04222
0.041734
0.041101
0.040426
0.072017
0.070913
0.069468
0.069537
0.06971
0.069366
0.068742
0.069161
0.038107
0.037799
0.037483
0.053721
0.038337
0.038557
0.038073
0.038059
0.09323
0.092346
0.092132
0.090403
0.11017
0.10784
0.064665
0.055134
0.050296
0.046211
0.045469
0.052733
0.052365
0.041433
0.051123
0.041029
0.039624
0.039705
0.03881
0.070177
0.070057
0.069763
0.069534
0.068759
0.079709
0.06842
0.041793
0.040877
0.04085
0.053131
0.040993
0.053201
0.038089
0.076793
0.093224
0.093998
0.090478
0.11249
0.10236
0.073979
0.077964
0.053976
0.047966
0.04583
0.052968
0.052299
0.042225
0.041053
0.040384
0.050092
0.040052
0.039256
0.070881
0.070565
0.070616
0.070431
0.069264
0.068566
0.068457
0.037636
0.07876
0.041136
0.041051
0.040502
0.053548
0.037728
0.099323
0.094476
0.09177
0.091541
0.11106
0.086759
0.1001
0.077277
0.059547
0.050078
0.045922
0.044489
0.052971
0.042082
0.041215
0.040917
0.050237
0.040043
0.039663
0.071522
0.070902
0.070457
0.050713
0.069601
0.068441
0.068121
0.068205
0.078858
0.079163
0.040946
0.04107
0.040989
0.041132
0.076849
0.095153
0.09239
0.090358
0.11237
0.087267
0.099234
0.073994
0.066633
0.053635
0.048877
0.045791
0.042666
0.078779
0.078096
0.040682
0.039797
0.072957
0.071949
0.070942
0.069679
0.050677
0.050647
0.069287
0.069268
0.068901
0.068387
0.068112
0.068467
0.078711
0.041522
0.041372
0.054158
0.093519
0.09259
0.091693
0.11395
0.11101
0.12583
0.099838
0.10548
0.077089
0.048338
0.040313
0.043485
0.042673
0.079827
0.078499
0.040397
0.039574
0.072451
0.052039
0.07096
0.070242
0.051118
0.069577
0.03826
0.069026
0.068556
0.068617
0.079351
0.078895
0.078801
0.068057
0.077946
0.03725
0.11586
0.090768
0.090003
0.088435
0.11058
0.10952
0.10931
0.12422
0.074949
0.055044
0.043479
0.038323
0.083169
0.071259
0.080085
0.076588
0.073598
0.072902
0.072606
0.072175
0.051607
0.071352
0.070034
0.0694
0.068607
0.068418
0.048145
0.048407
0.078994
0.068183
0.078828
0.041641
0.041486
0.090179
0.11323
0.088825
0.088451
0.10987
0.12583
0.10937
0.11009
0.089512
0.065029
0.049013
0.075085
0.073487
0.060498
0.079462
0.077608
0.076057
0.074298
0.073367
0.054126
0.052496
0.071657
0.069902
0.069778
0.069175
0.068635
0.068477
0.068365
0.068327
0.068641
0.068141
0.041642
0.037486
0.090091
0.11407
0.088966
0.088663
0.11125
0.11037
0.11014
0.10996
0.10477
0.07803
0.057182
0.0758
0.05386
0.072011
0.080915
0.078582
0.077869
0.077047
0.076369
0.075337
0.073635
0.072966
0.071366
0.070014
0.05056
0.069104
0.068554
0.068142
0.079514
0.037645
0.078895
0.068264
0.037533
0.090177
0.089658
0.088971
0.088792
0.11164
0.11273
0.087712
0.087559
0.11011
0.093555
0.08732
0.078117
0.074202
0.082932
0.04231
0.080476
0.079093
0.079169
0.077247
0.076597
0.07484
0.07304
0.073386
0.071091
0.051313
0.06985
0.069312
0.068545
0.068438
0.068159
0.041677
0.068049
0.037429
0.064955
0.065417
0.090021
0.088668
0.089412
0.11286
0.088462
0.11129
0.11031
0.10763
0.080827
0.058746
0.074658
0.044647
0.042677
0.042717
0.080012
0.079554
0.078123
0.077253
0.076301
0.074639
0.072998
0.072657
0.051443
0.069902
0.069369
0.068753
0.068615
0.037734
0.041669
0.041255
0.041289
0.064982
0.065617
0.08953
0.090006
0.08877
0.088007
0.11022
0.11136
0.10961
0.10935
0.099593
0.087918
0.080461
0.048388
0.083724
0.042983
0.081407
0.081056
0.079987
0.078159
0.078103
0.076071
0.074034
0.073427
0.072722
0.071164
0.07104
0.069728
0.069158
0.069023
0.041303
0.04112
0.041239
0.065671
0.065569
0.065972
0.088978
0.089918
0.088589
0.088493
0.13573
0.11114
0.11031
0.11029
0.089936
0.063842
0.047634
0.083304
0.082623
0.042926
0.081229
0.080627
0.042206
0.041954
0.076314
0.074436
0.073059
0.072413
0.071468
0.07066
0.070353
0.06972
0.038134
0.079045
0.078324
0.041242
0.066712
0.065736
0.065567
0.088953
0.088729
0.112
0.11302
0.088582
0.087593
0.087438
0.11081
0.12849
0.096276
0.057249
0.073962
0.082425
0.08206
0.036668
0.080547
0.041668
0.076186
0.076097
0.075021
0.073645
0.053066
0.071173
0.069997
0.038654
0.03875
0.038301
0.037805
0.0794
0.04171
0.066603
0.065599
0.065983
0.090137
0.11222
0.11382
0.13635
0.11173
0.088571
0.11057
0.11239
0.1346
0.12263
0.071292
0.058972
0.082998
0.042183
0.05255
0.052871
0.077984
0.054878
0.076146
0.075431
0.054048
0.07159
0.051949
0.069928
0.070422
0.039107
0.038324
0.038138
0.038044
0.037931
0.041352
0.041436
0.041972
0.041327
0.041165
0.039707
0.039305
0.037154
0.035684
0.051423
0.050376
0.068932
0.050333
0.067547
0.066834
0.066156
0.065552
0.065956
0.037059
0.037357
0.046598
0.036208
0.041942
0.074534
0.073714
0.0731
0.072784
0.072371
0.072221
0.071625
0.040042
0.07203
0.07187
0.040717
0.040578
0.041248
0.041207
0.041124
0.03977
0.038915
0.051804
0.059727
0.059415
0.050867
0.050027
0.049517
0.066925
0.055738
0.055417
0.047768
0.065976
0.06639
0.036272
0.04602
0.045406
0.04182
0.07457
0.073648
0.072612
0.072097
0.072234
0.070691
0.070112
0.071062
0.072134
0.072088
0.040799
0.040621
0.040633
0.041197
0.040631
0.039574
0.039074
0.021664
0.035513
0.020138
0.05928
0.058301
0.049123
0.066665
0.075312
0.075801
0.065701
0.036996
0.066307
0.036031
0.042028
0.044796
0.04115
0.073689
0.073501
0.072231
0.071703
0.069619
0.068932
0.068681
0.06956
0.071839
0.052121
0.040737
0.040779
0.040904
0.040195
0.04001
0.039401
0.039031
0.037042
0.051042
0.020062
0.03468
0.057787
0.049124
0.055999
0.075087
0.075189
0.066288
0.065593
0.065638
0.065678
0.042039
0.075122
0.041236
0.041313
0.072392
0.0718
0.07101
0.069369
0.06851
0.068161
0.068763
0.069132
0.051074
0.041551
0.041257
0.040718
0.040193
0.040122
0.03944
0.022837
0.036976
0.020647
0.019601
0.019741
0.057089
0.05662
0.055701
0.074437
0.074798
0.075452
0.065453
0.065268
0.035958
0.075261
0.04135
0.041124
0.041048
0.04059
0.049631
0.069544
0.068858
0.068187
0.067918
0.06808
0.049803
0.069134
0.040912
0.040783
0.040305
0.040209
0.023642
0.023363
0.038692
0.037064
0.020659
0.019967
0.056685
0.05685
0.05609
0.075288
0.053781
0.075144
0.075594
0.074694
0.036114
0.03636
0.065463
0.041471
0.035754
0.041415
0.040757
0.050038
0.038848
0.06889
0.068382
0.06806
0.067854
0.067981
0.049638
0.065704
0.04068
0.040374
0.040156
0.02333
0.023229
0.038699
0.036987
0.020545
0.020099
0.019228
0.05722
0.076885
0.075626
0.054534
0.054188
0.07457
0.075096
0.036093
0.036303
0.065879
0.041769
0.041857
0.051706
0.040889
0.039744
0.069347
0.037876
0.068154
0.068271
0.06827
0.049788
0.049583
0.065401
0.040678
0.056042
0.054179
0.023618
0.060596
0.060247
0.021551
0.059745
0.058828
0.019718
0.057908
0.057287
0.048461
0.055116
0.075081
0.074492
0.035828
0.065602
0.036317
0.03628
0.035571
0.041754
0.041389
0.040724
0.039916
0.069891
0.068716
0.068761
0.068024
0.049759
0.068145
0.04997
0.065422
0.061915
0.055773
0.05461
0.053329
0.060837
0.060445
0.059845
0.051571
0.050578
0.057972
0.049445
0.049869
0.067149
0.066416
0.076474
0.065743
0.065337
0.065715
0.035946
0.035771
0.041326
0.041635
0.040423
0.0725
0.040149
0.071082
0.069415
0.038215
0.06867
0.068134
0.068248
0.067894
0.06524
0.062186
0.063994
0.078155
0.053767
0.060992
0.06135
0.060063
0.059259
0.059142
0.058333
0.057958
0.049521
0.049046
0.066964
0.066534
0.065955
0.066289
0.036103
0.035751
0.065336
0.041494
0.041442
0.040785
0.040856
0.040939
0.040203
0.039645
0.038377
0.06919
0.069107
0.069405
0.068245
0.09369
0.10368
0.064163
0.090556
0.088586
0.087783
0.059854
0.059341
0.082786
0.05968
0.050553
0.0508
0.049808
0.048537
0.067332
0.06619
0.066488
0.046699
0.045726
0.045295
0.041526
0.041868
0.051607
0.041306
0.040527
0.051334
0.073401
0.07201
0.039814
0.071345
0.070398
0.068504
0.051614
0.093396
0.10387
0.09198
0.089105
0.089458
0.087496
0.060057
0.084084
0.072541
0.083476
0.070692
0.070534
0.04982
0.067738
0.066896
0.036551
0.036672
0.046536
0.036453
0.045684
0.035987
0.036109
0.03549
0.064615
0.073902
0.041128
0.040785
0.073289
0.039872
0.07152
0.039128
0.050562
0.049739
0.10685
0.10286
0.092619
0.089627
0.044164
0.042707
0.042435
0.042616
0.036467
0.072181
0.070654
0.069112
0.068784
0.068206
0.036318
0.036377
0.046828
0.046782
0.036515
0.045447
0.045092
0.035923
0.064754
0.065054
0.035484
0.041555
0.072807
0.072523
0.072466
0.039817
0.070017
0.049885
0.067755
0.075454
0.10287
0.091666
0.0471
0.043804
0.042661
0.085891
0.042432
0.04601
0.036981
0.036692
0.036443
0.078435
0.036479
0.077728
0.066169
0.045815
0.046269
0.046288
0.036061
0.04537
0.045272
0.065288
0.035689
0.04141
0.074778
0.073064
0.07279
0.053416
0.072571
0.071242
0.068496
0.067955
0.10567
0.071701
0.058202
0.087633
0.044934
0.054341
0.042665
0.054714
0.036751
0.036777
0.036422
0.042635
0.042288
0.036156
0.036093
0.036666
0.04577
0.045576
0.036341
0.03696
0.036887
0.036505
0.035871
0.035613
0.041634
0.041173
0.074299
0.074035
0.072057
0.07183
0.071126
0.050896
0.049936
0.095494
0.075653
0.052645
0.043841
0.087315
0.043045
0.042349
0.042909
0.042954
0.042575
0.04245
0.042528
0.078343
0.042622
0.042466
0.036658
0.045544
0.045036
0.036912
0.06839
0.067273
0.066769
0.065218
0.035624
0.04162
0.041051
0.041218
0.040671
0.04089
0.07232
0.071293
0.070911
0.049805
0.087598
0.10487
0.086848
0.045628
0.046716
0.04753
0.054628
0.054652
0.054259
0.053212
0.042213
0.079587
0.042732
0.078496
0.036208
0.036324
0.045765
0.036538
0.036946
0.067177
0.06699
0.066217
0.064824
0.041668
0.041438
0.040799
0.040178
0.040099
0.040063
0.071323
0.071496
0.069296
0.06901
0.091366
0.074018
0.088295
0.047822
0.040841
0.048085
0.046736
0.036783
0.042981
0.042161
0.042792
0.042718
0.042665
0.068161
0.042578
0.03608
0.046293
0.037093
0.036618
0.067182
0.066929
0.065787
0.074996
0.074316
0.041507
0.040843
0.070878
0.039679
0.072137
0.070424
0.07082
0.069561
0.068547
0.092063
0.091383
0.080292
0.065465
0.055094
0.038753
0.047145
0.036569
0.036552
0.083284
0.036573
0.070588
0.070119
0.069789
0.03686
0.036699
0.036625
0.067915
0.066939
0.067285
0.067005
0.066077
0.075187
0.074976
0.074202
0.073027
0.071929
0.069655
0.069558
0.070408
0.069314
0.070435
0.06902
0.09267
0.091908
0.068498
0.054748
0.045208
0.040593
0.04781
0.047072
0.043026
0.04286
0.072084
0.07227
0.072004
0.070682
0.069
0.03644
0.067232
0.068378
0.066559
0.066377
0.048576
0.047634
0.055338
0.054755
0.054454
0.072309
0.071329
0.069463
0.037913
0.071262
0.038859
0.038976
0.037582
0.092082
0.098344
0.076001
0.059782
0.048367
0.052592
0.048146
0.047195
0.046453
0.042534
0.071935
0.073017
0.072587
0.0713
0.070438
0.068415
0.067658
0.067353
0.066435
0.06572
0.048589
0.047987
0.075445
0.074896
0.054392
0.053821
0.072168
0.070375
0.038553
0.048422
0.039105
0.047527
0.046643
0.11257
0.092175
0.083414
0.083697
0.051596
0.054977
0.049941
0.047484
0.03681
0.03673
0.073056
0.072806
0.071393
0.070448
0.037406
0.068846
0.036766
0.036713
0.066654
0.065419
0.048265
0.048073
0.047806
0.054241
0.053765
0.053681
0.07183
0.071568
0.038657
0.039369
0.048452
0.047533
0.046869
0.11288
0.093486
0.095777
0.073071
0.056676
0.058391
0.040156
0.048328
0.036624
0.036889
0.073188
0.0368
0.071542
0.070755
0.069794
0.069782
0.036735
0.067819
0.067013
0.066225
0.066403
0.048416
0.055799
0.074455
0.072393
0.072609
0.040019
0.040042
0.072122
0.040059
0.048654
0.048628
0.037
0.093274
0.094393
0.095366
0.093386
0.092818
0.049653
0.041468
0.049411
0.036817
0.085327
0.072848
0.036826
0.070957
0.071153
0.050055
0.06855
0.068137
0.068181
0.068414
0.066494
0.066285
0.065496
0.047693
0.075246
0.072868
0.040231
0.040326
0.040249
0.040199
0.040006
0.049116
0.037147
0.047863
0.095495
0.094142
0.09192
0.092532
0.093241
0.054509
0.044339
0.051516
0.036857
0.084398
0.083312
0.036725
0.071232
0.081936
0.069744
0.049869
0.068513
0.037448
0.068165
0.06647
0.065877
0.047624
0.065207
0.075152
0.07398
0.072844
0.049353
0.049514
0.049328
0.049099
0.047633
0.036466
0.048821
0.094117
0.094135
0.094428
0.092515
0.092059
0.08954
0.048163
0.040866
0.037095
0.085971
0.059932
0.084761
0.083445
0.071733
0.050799
0.07045
0.037463
0.037335
0.06751
0.066398
0.066221
0.047692
0.075445
0.073422
0.040931
0.040717
0.039484
0.038958
0.048162
0.048543
0.036485
0.036291
0.036829
0.093682
0.093542
0.092566
0.091462
0.092589
0.091647
0.085504
0.076633
0.087395
0.08651
0.060246
0.085508
0.072245
0.072809
0.070784
0.069769
0.06883
0.067675
0.037215
0.066528
0.065809
0.065305
0.075319
0.041665
0.040953
0.049618
0.04932
0.038732
0.048266
0.039838
0.047648
0.036073
0.047653
0.066587
0.065863
0.092462
0.091342
0.065708
0.091412
0.088765
0.05552
0.076224
0.075167
0.052876
0.052204
0.051919
0.072956
0.071464
0.07011
0.068886
0.068858
0.06779
0.067211
0.04231
0.065337
0.074922
0.041101
0.040328
0.040333
0.04017
0.038812
0.038962
0.047688
0.047599
0.047144
0.04749
0.065905
0.064606
0.091552
0.066212
0.06622
0.065849
0.090973
0.082824
0.078111
0.076286
0.053444
0.052767
0.05311
0.051699
0.051145
0.051264
0.050567
0.068806
0.049013
0.065864
0.0655
0.065394
0.074887
0.073129
0.072919
0.040509
0.040142
0.039305
0.039046
0.04814
0.04805
0.048233
0.038674
0.064718
0.064633
0.06496
0.065557
0.065676
0.064901
0.065834
0.063692
0.056273
0.054696
0.05445
0.076255
0.053318
0.053354
0.052521
0.051427
0.050768
0.049107
0.048268
0.066068
0.065815
0.075418
0.074893
0.072977
0.073229
0.040059
0.040016
0.039215
0.03962
0.049275
0.037048
0.036625
0.047798
0.065289
0.064649
0.065026
0.065577
0.065311
0.065821
0.065841
0.06599
0.059652
0.055229
0.05483
0.054343
0.053373
0.054178
0.052402
0.05099
0.049802
0.048893
0.048706
0.048025
0.055624
0.055245
0.074952
0.073073
0.07304
0.072791
0.040347
0.04016
0.039921
0.049296
0.04926
0.036558
0.048032
0.06768
0.06625
0.066032
0.067178
0.066083
0.065824
0.066129
0.065822
0.062998
0.055146
0.054835
0.041087
0.040073
0.039421
0.052722
0.05177
0.049994
0.04912
0.056507
0.055353
0.054947
0.054974
0.055276
0.073327
0.041664
0.073978
0.041342
0.040968
0.040231
0.04018
0.039609
0.049115
0.049209
0.068971
0.067419
0.067179
0.067404
0.067544
0.066159
0.066372
0.066002
0.064475
0.058652
0.041062
0.041095
0.040178
0.040247
0.03781
0.035904
0.035005
0.034483
0.033706
0.019272
0.01903
0.055589
0.075793
0.074975
0.074832
0.041438
0.041307
0.041102
0.040329
0.040227
0.040175
0.051343
0.040429
0.068883
0.066471
0.041896
0.06684
0.067242
0.065927
0.065866
0.066816
0.065682
0.063122
0.040712
0.040628
0.041297
0.040038
0.038507
0.036197
0.035847
0.035043
0.034207
0.033884
0.033014
0.047629
0.065445
0.065329
0.07522
0.041383
0.04084
0.041085
0.040232
0.04074
0.041053
0.04076
0.04039
0.067451
0.066831
0.042279
0.041814
0.041645
0.066015
0.066638
0.066531
0.065206
0.063858
0.040364
0.041732
0.041637
0.041064
0.039138
0.037528
0.035824
0.034966
0.034742
0.034649
0.033622
0.047923
0.047772
0.065797
0.075493
0.065313
0.042036
0.050797
0.040291
0.072583
0.073649
0.072773
0.07391
0.068763
0.068525
0.043329
0.043673
0.065905
0.066159
0.067256
0.065969
0.065474
0.064714
0.040727
0.041435
0.041623
0.040604
0.039726
0.0387
0.036202
0.035601
0.035015
0.050384
0.049718
0.048403
0.048698
0.048463
0.056383
0.065762
0.036294
0.075201
0.041293
0.040956
0.04025
0.073825
0.072906
0.05705
0.057659
0.057173
0.07007
0.06972
0.06723
0.06717
0.066017
0.089431
0.065656
0.041561
0.042248
0.055684
0.054712
0.041348
0.054679
0.05318
0.051725
0.051781
0.035253
0.034126
0.049485
0.048443
0.048447
0.047892
0.048843
0.036452
0.036064
0.041667
0.041361
0.040721
0.040281
0.040206
0.06189
0.060254
0.058751
0.058212
0.056166
0.094846
0.093074
0.09115
0.06662
0.06771
0.067665
0.054497
0.042877
0.057229
0.054798
0.054943
0.055509
0.052413
0.03549
0.050408
0.034927
0.049856
0.048465
0.048113
0.05578
0.04816
0.066721
0.06617
0.041823
0.041034
0.040314
0.07288
0.040468
0.090949
0.074507
0.064507
0.060233
0.059185
0.081197
0.099414
0.079778
0.091335
0.067293
0.067728
0.068718
0.042678
0.057911
0.056278
0.055754
0.054691
0.038197
0.052091
0.050963
0.050735
0.050743
0.049365
0.066777
0.066368
0.066532
0.067191
0.036297
0.041978
0.075055
0.040577
0.040008
0.049879
0.090907
0.086986
0.074432
0.062789
0.063084
0.060152
0.086412
0.081008
0.070306
0.068168
0.055723
0.056301
0.066606
0.060667
0.057907
0.056122
0.055838
0.039196
0.036896
0.051792
0.071116
0.0704
0.069353
0.067684
0.067609
0.066537
0.066438
0.036462
0.065143
0.041314
0.040544
0.049926
0.050959
0.092417
0.090647
0.06494
0.073951
0.0878
0.084614
0.081313
0.082023
0.080769
0.080198
0.079963
0.069713
0.057171
0.055513
0.058475
0.057757
0.056213
0.054899
0.038089
0.053218
0.071856
0.071743
0.069288
0.068042
0.066845
0.067422
0.036397
0.036112
0.075824
0.075014
0.04086
0.041509
0.051676
0.09169
0.060339
0.058849
0.065482
0.085161
0.060116
0.057675
0.057858
0.081784
0.082874
0.082424
0.07981
0.057393
0.057263
0.064388
0.0585
0.05696
0.054805
0.054473
0.074823
0.07256
0.072586
0.070534
0.068704
0.06721
0.066744
0.066207
0.065948
0.075837
0.075668
0.075158
0.074989
0.041955
0.069859
0.052088
0.073494
0.074696
0.078546
0.04372
0.044533
0.070584
0.042292
0.070247
0.030438
0.031
0.042544
0.069859
0.030375
0.031743
0.029754
0.029472
0.078285
0.028977
0.067012
0.030022
0.028918
0.028649
0.027665
0.044207
0.045814
0.043789
0.032144
0.036144
0.048683
0.046104
0.046356
0.047828
0.053641
0.02963
0.075576
0.045391
0.071934
0.043131
0.069788
0.04221
0.07318
0.03221
0.070537
0.041505
0.04065
0.069645
0.029566
0.030125
0.030027
0.029517
0.039309
0.029085
0.029203
0.035986
0.037723
0.034786
0.045425
0.044178
0.041564
0.032203
0.031352
0.031836
0.048512
0.038765
0.066262
0.035958
0.060844
0.078357
0.046132
0.043383
0.06936
0.069776
0.04204
0.04332
0.068979
0.068835
0.067902
0.070754
0.066092
0.029691
0.030376
0.029853
0.038751
0.030058
0.038222
0.038373
0.038073
0.046708
0.045797
0.044689
0.042564
0.04037
0.031242
0.030706
0.035871
0.031586
0.038567
0.045544
0.083793
0.04601
0.072243
0.045061
0.043644
0.042658
0.068466
0.0705
0.046251
0.068737
0.030521
0.033817
0.031908
0.039371
0.038684
0.029697
0.030141
0.029467
0.0379
0.030163
0.038568
0.037557
0.028492
0.044599
0.043267
0.033088
0.031212
0.030665
0.035231
0.048576
0.04613
0.038411
0.089774
0.079631
0.070683
0.047532
0.045552
0.069924
0.042484
0.068011
0.070107
0.072592
0.031735
0.039632
0.033123
0.042049
0.033647
0.029954
0.029453
0.038614
0.029607
0.030605
0.028938
0.028789
0.036737
0.028815
0.04382
0.034421
0.033629
0.031459
0.031144
0.030972
0.030592
0.036008
0.035193
0.087398
0.080249
0.073472
0.075115
0.071081
0.070001
0.042929
0.069492
0.03197
0.031219
0.028054
0.038179
0.037756
0.025099
0.029037
0.030305
0.02903
0.039019
0.037533
0.034757
0.02848
0.028844
0.028515
0.042977
0.033549
0.042478
0.033244
0.03204
0.033078
0.033306
0.032812
0.039268
0.036191
0.087318
0.080939
0.071835
0.037344
0.071207
0.070539
0.070419
0.070955
0.070276
0.040495
0.02604
0.039405
0.027589
0.025912
0.028509
0.039112
0.029237
0.029316
0.028145
0.044024
0.028951
0.036407
0.043514
0.039567
0.040346
0.03266
0.032013
0.032912
0.028126
0.034215
0.032401
0.031518
0.035544
0.086122
0.051626
0.073046
0.025043
0.074638
0.076794
0.071052
0.073584
0.031716
0.027355
0.041205
0.031359
0.02578
0.025914
0.025394
0.031076
0.037931
0.037417
0.036568
0.028778
0.027763
0.042328
0.042871
0.041989
0.040254
0.033093
0.031362
0.032378
0.033483
0.034008
0.031217
0.031151
0.047489
0.053755
0.081783
0.074069
0.060638
0.073846
0.048058
0.031302
0.021845
0.027966
0.027284
0.026178
0.026226
0.026066
0.025915
0.025832
0.031108
0.03824
0.030126
0.0288
0.043493
0.043911
0.042232
0.041578
0.04118
0.032757
0.040678
0.039774
0.042248
0.042135
0.032113
0.031204
0.030523
0.035595
0.039607
0.037224
0.060262
0.03208
0.060766
0.075502
0.031371
0.061996
0.022118
0.02241
0.028191
0.027677
0.027792
0.025181
0.025833
0.027297
0.039788
0.031626
0.036712
0.042788
0.042632
0.032208
0.030862
0.040983
0.031696
0.039668
0.040287
0.03254
0.032213
0.032029
0.03218
0.030894
0.030951
0.0388
0.038593
0.062801
0.032045
0.032205
0.059625
0.032486
0.062348
0.062854
0.022851
0.022157
0.022265
0.021271
0.032873
0.027451
0.027139
0.029491
0.029518
0.029047
0.034205
0.041718
0.033379
0.039657
0.040956
0.032564
0.031999
0.032462
0.040582
0.031357
0.032079
0.032817
0.032207
0.030904
0.068113
0.067399
0.034425
0.060183
0.060493
0.060886
0.033162
0.063705
0.064568
0.065505
0.061949
0.022073
0.021487
0.021162
0.026448
0.026347
0.032353
0.030775
0.037438
0.028512
0.034347
0.041724
0.031163
0.039222
0.039656
0.040513
0.033249
0.032775
0.030987
0.032338
0.032368
0.032308
0.031239
0.065686
0.039435
0.034704
0.033738
0.033832
0.061993
0.064385
0.066403
0.063388
0.022034
0.021998
0.022079
0.021457
0.027661
0.032442
0.038254
0.038252
0.030745
0.03714
0.035254
0.042955
0.040428
0.030733
0.038234
0.038684
0.031462
0.032117
0.032024
0.032425
0.033802
0.032981
0.032582
0.031361
0.065092
0.039479
0.035744
0.034006
0.033985
0.060241
0.06019
0.06091
0.022335
0.059631
0.021485
0.021393
0.056869
0.026936
0.030274
0.037213
0.029635
0.036893
0.037068
0.035955
0.043998
0.034083
0.039451
0.038744
0.038163
0.031324
0.030764
0.03125
0.03142
0.032985
0.033295
0.033072
0.032526
0.039465
0.039858
0.036595
0.033617
0.033406
0.032945
0.032461
0.031998
0.05964
0.031161
0.05764
0.021026
0.020807
0.030534
0.036976
0.030058
0.038061
0.029039
0.027873
0.044621
0.03471
0.033917
0.040872
0.030778
0.038435
0.036409
0.036342
0.035836
0.031343
0.033112
0.033647
0.033433
0.033186
0.040111
0.039427
0.03718
0.033692
0.032998
0.033688
0.033375
0.033784
0.032699
0.031365
0.030873
0.029942
0.071792
0.065428
0.039016
0.037969
0.037385
0.036495
0.036237
0.045065
0.043269
0.033893
0.039968
0.040578
0.04154
0.040783
0.032603
0.031908
0.031648
0.033995
0.0334
0.032985
0.032956
0.039423
0.059407
0.03865
0.034168
0.033548
0.033227
0.032774
0.032137
0.057815
0.031379
0.031403
0.030593
0.055784
0.020925
0.029908
0.031834
0.038209
0.038488
0.02982
0.035206
0.043795
0.042744
0.033172
0.033401
0.042516
0.042436
0.042567
0.034295
0.032311
0.032458
0.033231
0.034115
0.034079
0.039904
0.03986
0.039522
0.035659
0.033985
0.033707
0.03246
0.032394
0.032055
0.031282
0.056238
0.055133
0.026827
0.02722
0.021248
0.021122
0.041317
0.037747
0.028974
0.035229
0.03457
0.034022
0.042874
0.042797
0.03609
0.036057
0.042763
0.041909
0.031947
0.03238
0.032927
0.034128
0.034423
0.039972
0.040143
0.040215
0.037753
0.058245
0.032932
0.033383
0.033284
0.032345
0.05646
0.05443
0.021911
0.027349
0.027353
0.030273
0.03318
0.030158
0.036789
0.036708
0.03561
0.034589
0.042976
0.043363
0.042818
0.043486
0.034261
0.033685
0.039901
0.039666
0.039014
0.04004
0.03255
0.034737
0.040205
0.040563
0.041215
0.039241
0.034653
0.03347
0.034733
0.033611
0.033042
0.054807
0.021401
0.050924
0.026499
0.039965
0.061742
0.029592
0.058367
0.058109
0.029158
0.035226
0.045058
0.035745
0.028956
0.043485
0.042765
0.041934
0.042032
0.03347
0.032486
0.04033
0.040951
0.041183
0.041764
0.040201
0.040426
0.040823
0.040623
0.035564
0.034095
0.033206
0.032937
0.032259
0.053146
0.051889
0.021824
0.020982
0.030407
0.0298
0.059181
0.029417
0.057939
0.029451
0.037272
0.037071
0.036663
0.036817
0.028484
0.033756
0.064304
0.062897
0.031838
0.063702
0.064766
0.041182
0.042361
0.041341
0.023947
0.041292
0.041249
0.041082
0.036949
0.033233
0.033106
0.03257
0.03234
0.054176
0.027864
0.0221
0.021148
0.032897
0.060214
0.06049
0.030633
0.029802
0.029729
0.037659
0.037751
0.03806
0.029412
0.028517
0.043167
0.042801
0.03426
0.06162
0.042053
0.06484
0.034058
0.040645
0.042357
0.02485
0.024799
0.041269
0.042501
0.038731
0.034002
0.032827
0.032769
0.032966
0.053
0.022284
0.022115
0.027765
0.027295
0.032917
0.062174
0.031714
0.029502
0.03772
0.037814
0.029488
0.036529
0.029134
0.036461
0.02875
0.043437
0.034281
0.063356
0.064701
0.063746
0.062662
0.031357
0.032625
0.041294
0.040718
0.041291
0.041555
0.040647
0.036375
0.033569
0.032487
0.052965
0.051123
0.051352
0.021878
0.022439
0.022092
0.021223
0.020924
0.027306
0.029751
0.030423
0.03
0.029424
0.036482
0.02887
0.03013
0.028921
0.028564
0.034845
0.034245
0.045186
0.045229
0.043825
0.062292
0.033043
0.040692
0.040373
0.04078
0.024502
0.039963
0.037549
0.033569
0.031746
0.032563
0.050527
0.022542
0.022615
0.022129
0.049679
0.047846
0.032382
0.032016
0.02991
0.0316
0.029733
0.055568
0.036116
0.029626
0.029036
0.028421
0.027979
0.028748
0.06742
0.065111
0.065253
0.062595
0.033765
0.034033
0.041204
0.041396
0.024742
0.041153
0.023944
0.037149
0.034813
0.049266
0.032069
0.032373
0.050714
0.021878
0.021749
0.048837
0.047121
0.021185
0.030372
0.032964
0.031559
0.031656
0.038224
0.029154
0.029218
0.036064
0.034968
0.064522
0.066855
0.065413
0.065091
0.044039
0.062342
0.063014
0.063717
0.04057
0.040395
0.040785
0.041318
0.040313
0.039246
0.037431
0.049813
0.03212
0.032399
0.031955
0.050821
0.048442
0.021602
0.020927
0.063931
0.032464
0.057117
0.057476
0.056356
0.055292
0.055056
0.05436
0.064988
0.064653
0.064174
0.064264
0.045441
0.066912
0.063915
0.045246
0.063221
0.062877
0.04042
0.04035
0.040202
0.040231
0.039769
0.038777
0.056833
0.048739
0.047988
0.032772
0.052479
0.031325
0.030558
0.048687
0.048019
0.021349
0.059226
0.058685
0.029817
0.055529
0.055289
0.037714
0.03854
0.038636
0.065557
0.054066
0.063916
0.054214
0.053905
0.054496
0.06346
0.045216
0.063007
0.040836
0.02401
0.039556
0.040232
0.039716
0.038872
0.033865
0.033494
0.032168
0.045436
0.045524
0.050572
0.03051
0.030999
0.046481
0.029889
0.042989
0.063714
0.056265
0.038961
0.045651
0.04633
0.038758
0.039342
0.053948
0.063669
0.064556
0.064628
0.037367
0.044535
0.045299
0.03783
0.044868
0.023966
0.023571
0.039431
0.05827
0.056744
0.033846
0.055637
0.034173
0.033232
0.032332
0.047897
0.045161
0.030799
0.046201
0.046944
0.046084
0.043094
0.042489
0.039288
0.031633
0.046468
0.032028
0.038473
0.038529
0.037533
0.064018
0.063454
0.066056
0.045455
0.045707
0.047052
0.045549
0.044084
0.024083
0.035717
0.058115
0.058292
0.034285
0.033488
0.033247
0.033269
0.033593
0.046589
0.046991
0.045736
0.047643
0.043898
0.030581
0.029879
0.042385
0.040288
0.02703
0.032151
0.046374
0.032315
0.038642
0.038685
0.046558
0.062819
0.044964
0.045204
0.031069
0.044123
0.037065
0.064201
0.06366
0.040628
0.059047
0.035292
0.058518
0.057478
0.055405
0.032936
0.033338
0.034467
0.046099
0.033216
0.047958
0.031546
0.031788
0.031381
0.030887
0.041585
0.027348
0.039891
0.026746
0.039356
0.038677
0.038462
0.038261
0.046113
0.044447
0.044158
0.030282
0.028808
0.030469
0.046014
0.063866
0.045284
0.040345
0.056263
0.033856
0.05653
0.05636
0.033394
0.03296
0.034025
0.032816
0.033443
0.034264
0.046834
0.032277
0.032063
0.031867
0.030593
0.041977
0.040219
0.039771
0.039302
0.048169
0.046097
0.046103
0.047506
0.045232
0.029417
0.043405
0.044451
0.031116
0.031067
0.029323
0.044569
0.042937
0.040488
0.034659
0.033658
0.035431
0.03318
0.033226
0.03282
0.032954
0.032823
0.055248
0.050533
0.032269
0.032413
0.032179
0.031638
0.030811
0.064007
0.041229
0.040628
0.040098
0.03938
0.054427
0.046707
0.046502
0.046064
0.045189
0.042107
0.044389
0.045582
0.046195
0.045274
0.043996
0.043747
0.023994
0.040115
0.035269
0.034483
0.033175
0.03373
0.033196
0.034221
0.03313
0.033202
0.052662
0.032993
0.03273
0.032606
0.031858
0.045097
0.058774
0.043355
0.042984
0.040319
0.04021
0.039249
0.06534
0.046478
0.065527
0.064465
0.044901
0.063514
0.045249
0.045552
0.063436
0.063571
0.043639
0.024606
0.040999
0.040248
0.035348
0.037496
0.023167
0.033947
0.036181
0.023767
0.023389
0.023776
0.033981
0.03299
0.03247
0.031494
0.045046
0.042742
0.042644
0.060605
0.032206
0.056522
0.05497
0.054958
0.055284
0.064005
0.063418
0.0628
0.063432
0.044231
0.044248
0.062894
0.063742
0.063192
0.025962
0.024459
0.024096
0.023921
0.023172
0.023173
0.023664
0.023906
0.023882
0.023187
0.023722
0.037398
0.033187
0.032765
0.031891
0.047691
0.063154
0.043033
0.043677
0.059929
0.058631
0.054906
0.056037
0.06579
0.054287
0.065877
0.06361
0.060488
0.041469
0.059265
0.060248
0.043975
0.044288
0.014436
0.025001
0.024297
0.024174
0.024203
0.024183
0.024093
0.024027
0.024057
0.023275
0.039986
0.039543
0.034444
0.033537
0.032618
0.046556
0.046108
0.030985
0.043127
0.04463
0.057363
0.055528
0.054608
0.054223
0.064349
0.063986
0.061865
0.061643
0.043051
0.061437
0.062448
0.043735
0.043698
0.014987
0.025509
0.024361
0.012854
0.024293
0.0241
0.011538
0.024179
0.024086
0.024004
0.039219
0.039901
0.038211
0.033411
0.032789
0.032294
0.031836
0.031893
0.030967
0.04284
0.031689
0.0562
0.055163
0.039186
0.066012
0.06381
0.063927
0.044472
0.044188
0.044004
0.044302
0.044189
0.043969
0.014449
0.013941
0.024751
0.013135
0.024982
0.024599
0.025013
0.011
0.024197
0.024065
0.023545
0.023922
0.039815
0.036405
0.033614
0.032661
0.032266
0.031833
0.031313
0.02987
0.042705
0.041065
0.040466
0.056144
0.05407
0.037773
0.046167
0.062039
0.044247
0.04492
0.044789
0.043536
0.029141
0.015328
0.013996
0.025225
0.025182
0.025809
0.024329
0.025048
0.024201
0.02458
0.024054
0.023779
0.023788
0.023819
0.023803
0.035057
0.03314
0.032741
0.032473
0.031519
0.03102
0.030537
0.042403
0.044576
0.040426
0.039234
0.04627
0.064583
0.045942
0.045105
0.045136
0.045074
0.045681
0.043984
0.014318
0.025293
0.026174
0.026962
0.025816
0.025491
0.011211
0.010829
0.011679
0.011174
0.024135
0.024463
0.024077
0.040077
0.02381
0.024652
0.033225
0.032065
0.022605
0.02064
0.030246
0.029401
0.029035
0.041276
0.039205
0.037675
0.038552
0.047816
0.046654
0.046485
0.046063
0.04611
0.044424
0.073366
0.061263
0.06296
0.061335
0.060356
0.059869
0.059372
0.057379
0.056681
0.055867
0.076626
0.054824
0.076691
0.075748
0.075037
0.053081
0.054006
0.051288
0.050648
0.052265
0.051337
0.050214
0.050396
0.017191
0.017027
0.016143
0.049794
0.048175
0.047792
0.047192
0.047987
0.047907
0.047726
0.073365
0.07
0.06258
0.061467
0.059695
0.059924
0.057462
0.05698
0.05643
0.054823
0.05481
0.074403
0.073793
0.075199
0.075273
0.073989
0.053175
0.050929
0.016257
0.048524
0.050321
0.052568
0.052569
0.050304
0.016914
0.01586
0.01573
0.015829
0.0478
0.047566
0.047699
0.049123
0.049099
0.073668
0.061446
0.063029
0.061579
0.060644
0.022648
0.055562
0.055754
0.054518
0.053858
0.054118
0.076298
0.076388
0.075693
0.074733
0.075931
0.055034
0.053468
0.048282
0.048363
0.016307
0.016421
0.01701
0.052022
0.015893
0.01604
0.048189
0.049237
0.049442
0.047757
0.047714
0.047837
0.047481
0.07364
0.061627
0.054498
0.053637
0.061207
0.059597
0.057572
0.056931
0.055349
0.055003
0.052774
0.055808
0.076414
0.075369
0.074602
0.075071
0.054328
0.05035
0.048614
0.01619
0.016255
0.01602
0.016186
0.016017
0.049757
0.015975
0.048068
0.047646
0.049119
0.047909
0.046878
0.046722
0.047043
0.072925
0.070628
0.062637
0.061966
0.053515
0.06071
0.058618
0.055952
0.056324
0.055489
0.055196
0.055749
0.056076
0.051599
0.051046
0.052495
0.052769
0.050717
0.050631
0.016828
0.016593
0.016107
0.016209
0.016639
0.016819
0.050904
0.049318
0.047888
0.047595
0.04696
0.047033
0.047051
0.046558
0.023605
0.069587
0.062744
0.061578
0.023514
0.060675
0.058755
0.056951
0.056894
0.053921
0.052737
0.05263
0.055549
0.053381
0.052617
0.050503
0.050735
0.051335
0.051839
0.016947
0.016292
0.016087
0.016168
0.017105
0.016896
0.016067
0.049292
0.047178
0.047126
0.046871
0.046811
0.046689
0.04645
0.022815
0.023538
0.023586
0.023731
0.023583
0.052445
0.052337
0.021641
0.019392
0.018065
0.053165
0.053123
0.055229
0.054696
0.053217
0.05274
0.050074
0.051619
0.016574
0.017439
0.016778
0.01615
0.016345
0.016128
0.016615
0.016079
0.04777
0.04768
0.047112
0.047569
0.047436
0.046797
0.046762
0.023654
0.040302
0.040563
0.023639
0.061358
0.0529
0.052656
0.021892
0.019624
0.018182
0.053459
0.052392
0.053872
0.05562
0.054174
0.052666
0.050357
0.050694
0.01691
0.017005
0.017252
0.017338
0.017594
0.016615
0.051814
0.051488
0.049353
0.049024
0.047782
0.049286
0.047781
0.047443
0.046881
0.063771
0.062649
0.040258
0.023584
0.023651
0.060859
0.059968
0.059303
0.02077
0.019842
0.056488
0.054262
0.018693
0.055543
0.052839
0.050185
0.050056
0.050064
0.016336
0.016695
0.018161
0.018267
0.018251
0.017702
0.017311
0.051518
0.017014
0.049193
0.015969
0.015701
0.049362
0.04906
0.047452
0.040261
0.07255
0.023445
0.061732
0.061271
0.06038
0.060154
0.021963
0.020538
0.019825
0.01999
0.019421
0.019133
0.018017
0.052531
0.050287
0.048786
0.04875
0.050386
0.052222
0.017372
0.017545
0.054092
0.017996
0.053542
0.017017
0.051664
0.049485
0.050858
0.015791
0.049166
0.047756
0.047534
0.040095
0.023657
0.023407
0.062293
0.060987
0.061305
0.023049
0.02168
0.020041
0.020257
0.019871
0.019533
0.056239
0.055579
0.055002
0.052689
0.050368
0.050273
0.052354
0.016429
0.053216
0.05376
0.054106
0.053623
0.052996
0.051782
0.052683
0.051634
0.049812
0.050956
0.049667
0.047577
0.048916
0.040361
0.023448
0.023414
0.053828
0.061359
0.022766
0.022904
0.022456
0.020998
0.019749
0.019894
0.019572
0.019364
0.05611
0.055095
0.053201
0.050812
0.05028
0.0504
0.051439
0.051626
0.053171
0.054432
0.052371
0.050849
0.051743
0.052172
0.01746
0.05259
0.049642
0.047792
0.015753
0.015846
0.040363
0.023821
0.023403
0.062145
0.023385
0.022421
0.060033
0.022434
0.021118
0.020295
0.020158
0.01974
0.019418
0.055064
0.055432
0.052974
0.053753
0.052456
0.050197
0.05133
0.05408
0.054523
0.074738
0.054058
0.05351
0.051863
0.053835
0.053351
0.053042
0.0526
0.051127
0.051294
0.049176
0.023823
0.023552
0.023208
0.023089
0.021985
0.021613
0.02147
0.022333
0.059465
0.020547
0.020182
0.019999
0.019269
0.056214
0.0186
0.054181
0.053713
0.05423
0.052794
0.052329
0.053957
0.054461
0.074729
0.054312
0.05396
0.053352
0.052798
0.053344
0.053363
0.052765
0.051459
0.05046
0.049383
0.040232
0.023661
0.023413
0.022926
0.021974
0.022175
0.023143
0.022785
0.02161
0.020535
0.019827
0.01975
0.01939
0.056457
0.017711
0.054464
0.018026
0.054316
0.054582
0.054385
0.054344
0.054562
0.054439
0.074188
0.074472
0.073859
0.053165
0.053762
0.046592
0.053626
0.053612
0.053727
0.053463
0.040447
0.023703
0.023446
0.022283
0.021769
0.022212
0.023227
0.022795
0.022038
0.02064
0.058417
0.019814
0.056808
0.055737
0.055475
0.018117
0.018354
0.054886
0.054475
0.054072
0.054235
0.05471
0.054461
0.054726
0.065028
0.074733
0.054206
0.046622
0.054324
0.053919
0.054195
0.054134
0.054062
0.040453
0.040463
0.023444
0.022829
0.0232
0.023288
0.022416
0.022623
0.022149
0.05926
0.058257
0.057964
0.056816
0.056336
0.055615
0.055255
0.055233
0.048047
0.04796
0.055123
0.047824
0.047229
0.054646
0.047006
0.065066
0.064511
0.065254
0.04698
0.046745
0.05391
0.053849
0.046423
0.046457
0.040405
0.023697
0.023641
0.023402
0.023374
0.023266
0.023092
0.060133
0.059651
0.058997
0.058825
0.057997
0.057136
0.056865
0.048719
0.047923
0.047854
0.04814
0.048619
0.049073
0.048241
0.048149
0.047702
0.047241
0.066043
0.065415
0.047332
0.047234
0.054161
0.054292
0.053903
0.053854
0.05376
0.040692
0.023673
0.023778
0.023569
0.02311
0.023477
0.023529
0.060691
0.052791
0.051377
0.051178
0.0509
0.050593
0.049824
0.049669
0.049182
0.049343
0.049334
0.048462
0.048265
0.048678
0.048253
0.047785
0.065643
0.06649
0.046898
0.047388
0.047426
0.046896
0.046842
0.054061
0.053927
0.053897
0.040872
0.040622
0.040089
0.040517
0.055767
0.040477
0.040177
0.04048
0.053135
0.05268
0.052185
0.051887
0.051075
0.050796
0.050378
0.049666
0.050212
0.050989
0.048981
0.048764
0.050169
0.048874
0.065905
0.047897
0.047971
0.047577
0.047791
0.047018
0.04662
0.046635
0.05406
0.054271
0.05352
0.041387
0.041057
0.040695
0.040865
0.059399
0.041269
0.040866
0.05407
0.054034
0.054313
0.053574
0.053772
0.053348
0.051874
0.050408
0.05011
0.049488
0.05098
0.04931
0.049103
0.049996
0.048715
0.047952
0.047702
0.04841
0.047968
0.047083
0.065246
0.054198
0.0541
0.046893
0.054215
0.053796
0.065659
0.041308
0.040688
0.04104
0.041302
0.041207
0.04073
0.041042
0.054981
0.040902
0.053988
0.054092
0.053875
0.053421
0.051679
0.051069
0.051754
0.051904
0.051305
0.05092
0.049022
0.048763
0.048863
0.048315
0.048015
0.047195
0.04747
0.053908
0.054244
0.054189
0.054299
0.046504
0.053655
0.041765
0.065556
0.041333
0.041332
0.041808
0.040923
0.041084
0.054587
0.041194
0.041225
0.056318
0.055333
0.054941
0.053335
0.051578
0.073524
0.052248
0.052569
0.051113
0.070207
0.049977
0.049731
0.048568
0.048424
0.032647
0.047054
0.054765
0.032044
0.047161
0.054454
0.046875
0.047163
0.046892
0.067124
0.067031
0.042366
0.042119
0.042124
0.041891
0.054858
0.041897
0.042152
0.042338
0.056287
0.039669
0.038769
0.054657
0.052988
0.053734
0.04183
0.041524
0.051492
0.050195
0.049629
0.048697
0.048611
0.048136
0.048037
0.04757
0.047239
0.032084
0.032488
0.046797
0.04754
0.047873
0.046875
0.068289
0.068513
0.067266
0.068187
0.068127
0.042148
0.057031
0.042163
0.041781
0.042865
0.041964
0.040065
0.039347
0.043622
0.037356
0.053421
0.053323
0.05231
0.050695
0.049309
0.049089
0.048631
0.048033
0.048187
0.048473
0.048004
0.047663
0.032319
0.047613
0.032203
0.047605
0.047886
0.047994
0.043425
0.069182
0.043527
0.069197
0.069735
0.067346
0.043103
0.05629
0.042764
0.034301
0.033608
0.056796
0.055504
0.044238
0.054332
0.053693
0.0535
0.05233
0.050172
0.049723
0.049322
0.048471
0.048634
0.048575
0.048427
0.047924
0.048369
0.04891
0.04821
0.047735
0.047687
0.047616
0.066088
0.056114
0.057113
0.034718
0.069657
0.069951
0.068377
0.067068
0.059298
0.043825
0.035612
0.046139
0.045052
0.055539
0.044128
0.043542
0.054626
0.053586
0.052744
0.05249
0.070529
0.050507
0.048961
0.049061
0.050205
0.049559
0.050245
0.049446
0.049404
0.049142
0.048153
0.047345
0.047988
0.049046
0.056165
0.035983
0.057623
0.056254
0.056983
0.034765
0.056581
0.035014
0.035312
0.047122
0.04651
0.057125
0.055986
0.056043
0.055146
0.054721
0.042698
0.042133
0.051809
0.057337
0.050558
0.049946
0.050427
0.049773
0.050196
0.049662
0.049517
0.050499
0.049361
0.066525
0.047478
0.048444
0.048137
0.057976
0.05786
0.056709
0.035279
0.057363
0.055605
0.056235
0.056861
0.047698
0.046872
0.04595
0.045297
0.044817
0.044787
0.055486
0.043432
0.043011
0.042305
0.051954
0.051232
0.069572
0.051565
0.050089
0.049403
0.050327
0.050073
0.049735
0.051056
0.050609
0.049322
0.048209
0.066706
0.047875
0.036194
0.03613
0.035351
0.035663
0.034838
0.034731
0.056531
0.057737
0.049925
0.047082
0.04768
0.04573
0.045165
0.044692
0.044169
0.055325
0.054659
0.042391
0.07281
0.051154
0.04979
0.049766
0.050248
0.05033
0.050196
0.050622
0.050343
0.049937
0.051079
0.070269
0.049234
0.067035
0.048023
0.035644
0.036693
0.034853
0.035452
0.058266
0.036516
0.060206
0.060171
0.054276
0.049335
0.048384
0.035582
0.046288
0.045818
0.04526
0.04459
0.043197
0.05927
0.052455
0.050886
0.049852
0.049612
0.050339
0.049864
0.049808
0.049654
0.050684
0.051736
0.050897
0.050859
0.049252
0.048123
0.048123
0.035493
0.056965
0.035392
0.03604
0.036761
0.061157
0.039567
0.038675
0.059533
0.036132
0.034574
0.034902
0.045601
0.046068
0.045005
0.044984
0.043344
0.054089
0.052931
0.050642
0.049069
0.050586
0.050532
0.049823
0.050561
0.051604
0.050971
0.051819
0.049952
0.070094
0.067881
0.067512
0.049904
0.057958
0.059018
0.036745
0.036908
0.036672
0.038804
0.032378
0.03939
0.062147
0.055127
0.03575
0.044282
0.034888
0.045342
0.045563
0.045142
0.044188
0.054476
0.053353
0.051853
0.050028
0.049817
0.052342
0.051217
0.050813
0.051296
0.040869
0.051393
0.050059
0.050412
0.069653
0.066256
0.049261
0.059157
0.059076
0.036798
0.036881
0.036957
0.038817
0.040161
0.062853
0.062144
0.03714
0.053363
0.036839
0.046612
0.045557
0.045259
0.045359
0.043965
0.04392
0.053678
0.051824
0.05103
0.070162
0.051656
0.052311
0.051644
0.040962
0.051856
0.051893
0.051099
0.050304
0.069704
0.049459
0.049793
0.038263
0.036304
0.058619
0.036763
0.038655
0.038029
0.039254
0.039335
0.062107
0.061997
0.056849
0.052997
0.050223
0.047202
0.047305
0.04501
0.045027
0.043462
0.054384
0.042451
0.071769
0.051131
0.051861
0.041291
0.041216
0.057721
0.058882
0.041376
0.051342
0.050077
0.049456
0.067895
0.066475
0.038809
0.037841
0.036775
0.037112
0.038726
0.039316
0.039379
0.064588
0.063236
0.061458
0.062263
0.056167
0.051034
0.049115
0.046092
0.045613
0.044404
0.044105
0.043301
0.059958
0.058565
0.042013
0.041711
0.041597
0.04115
0.041479
0.059274
0.040884
0.070392
0.050838
0.051039
0.069724
0.069135
0.06299
0.039574
0.038095
0.037604
0.038515
0.039828
0.0628
0.064052
0.061922
0.063386
0.052069
0.060091
0.051591
0.047284
0.047285
0.045759
0.044725
0.045483
0.0445
0.042851
0.059516
0.043166
0.042715
0.042318
0.041735
0.041722
0.057899
0.057058
0.050657
0.069718
0.070669
0.070427
0.069229
0.039193
0.037123
0.036979
0.037369
0.03684
0.038539
0.063533
0.06392
0.064139
0.062992
0.052431
0.051131
0.055941
0.049753
0.048432
0.046767
0.045982
0.046585
0.047449
0.061304
0.043625
0.044235
0.045061
0.060768
0.059392
0.04176
0.058678
0.056969
0.071308
0.056872
0.070745
0.056884
0.070873
0.03739
0.035723
0.036003
0.035945
0.038274
0.061376
0.03937
0.051394
0.063423
0.051134
0.064447
0.051433
0.060036
0.051056
0.04737
0.048215
0.049116
0.068927
0.066051
0.062286
0.064155
0.044531
0.045292
0.064223
0.061167
0.059045
0.058925
0.057523
0.057121
0.05692
0.058071
0.056919
0.056849
0.036486
0.036487
0.03607
0.036419
0.038087
0.039107
0.040153
0.039828
0.062653
0.062804
0.062484
0.051557
0.062205
0.057988
0.069674
0.050163
0.048073
0.065349
0.067339
0.064914
0.045453
0.044868
0.063466
0.062551
0.043242
0.058512
0.058034
0.059072
0.057819
0.057123
0.058584
0.056973
0.056702
0.035717
0.036149
0.037872
0.038378
0.039217
0.038719
0.061043
0.062033
0.062766
0.062688
0.061888
0.060274
0.060291
0.060552
0.053739
0.050845
0.0506
0.068305
0.067715
0.044199
0.044468
0.064161
0.044731
0.061938
0.063218
0.058856
0.059412
0.058005
0.057245
0.04197
0.071545
0.056978
0.070679
0.035848
0.035622
0.037212
0.036064
0.038154
0.038173
0.060178
0.039747
0.039575
0.038851
0.038003
0.058594
0.060201
0.062119
0.061014
0.053018
0.071664
0.072624
0.047679
0.046585
0.04522
0.06556
0.046387
0.045565
0.060569
0.041424
0.041352
0.072037
0.041104
0.071801
0.056949
0.071457
0.051235
0.023041
0.023302
0.022251
0.022236
0.02169
0.022096
0.020504
0.019623
0.018258
0.017729
0.017151
0.017208
0.017016
0.051063
0.049252
0.049006
0.053037
0.051588
0.051937
0.050152
0.048598
0.049861
0.048489
0.049656
0.048268
0.047487
0.047419
0.047997
0.047727
0.047205
0.04702
0.047437
0.046804
0.023485
0.0232
0.02241
0.022222
0.02178
0.022157
0.020224
0.019435
0.018257
0.017743
0.017371
0.01725
0.016965
0.016592
0.049137
0.048736
0.048914
0.05065
0.051726
0.051192
0.050703
0.04997
0.048481
0.047937
0.047453
0.047453
0.047556
0.047893
0.047696
0.047061
0.04695
0.047144
0.047572
0.02329
0.022895
0.022291
0.021215
0.021462
0.021057
0.020537
0.020445
0.018521
0.017927
0.017556
0.01723
0.017092
0.051139
0.049043
0.016173
0.052477
0.016343
0.017016
0.051536
0.016964
0.049801
0.048175
0.047274
0.047167
0.047957
0.048097
0.047809
0.047393
0.047789
0.047179
0.047088
0.047081
0.023263
0.022457
0.022512
0.023118
0.022252
0.022159
0.021612
0.021596
0.019587
0.018843
0.018772
0.017252
0.017126
0.016765
0.048797
0.016195
0.017044
0.016579
0.016923
0.052319
0.05129
0.049716
0.048007
0.04795
0.047281
0.048136
0.048078
0.047785
0.047761
0.047741
0.047726
0.04748
0.047045
0.022892
0.022309
0.022502
0.022723
0.022774
0.02216
0.022126
0.021584
0.020022
0.019981
0.018353
0.01732
0.017181
0.016769
0.016551
0.016091
0.016289
0.016452
0.016332
0.016191
0.016169
0.048473
0.047667
0.048026
0.047411
0.047872
0.04796
0.047673
0.047589
0.047595
0.047668
0.04703
0.047763
0.021797
0.022291
0.022273
0.022466
0.022408
0.022434
0.022549
0.022017
0.020742
0.018748
0.018753
0.017203
0.016884
0.016563
0.016254
0.016167
0.016406
0.016389
0.016218
0.01609
0.015964
0.048365
0.047718
0.047873
0.047802
0.047958
0.047551
0.047199
0.047502
0.04753
0.049156
0.047045
0.047757
0.022304
0.021767
0.02115
0.021308
0.021047
0.021696
0.020687
0.020856
0.019734
0.019119
0.018336
0.017488
0.01712
0.01678
0.01645
0.016178
0.016402
0.01612
0.016077
0.016041
0.048218
0.015614
0.015598
0.048203
0.047802
0.047708
0.047205
0.046985
0.047111
0.046944
0.047447
0.047706
0.078481
0.02286
0.021015
0.021119
0.021075
0.021357
0.021013
0.020515
0.020738
0.018717
0.01812
0.017655
0.017708
0.016807
0.016604
0.016296
0.016199
0.016122
0.01607
0.01589
0.015829
0.015745
0.01583
0.015726
0.015621
0.015664
0.047282
0.047138
0.046927
0.04753
0.047058
0.04699
0.046718
0.047117
0.022541
0.022307
0.021613
0.022252
0.022085
0.021003
0.020227
0.019559
0.018744
0.019006
0.017865
0.017521
0.017126
0.016947
0.017255
0.016445
0.016394
0.015918
0.015581
0.015646
0.015852
0.015912
0.015881
0.015755
0.015638
0.047795
0.047021
0.047567
0.049202
0.047454
0.046763
0.046885
0.077217
0.022528
0.022354
0.022494
0.02228
0.022598
0.021244
0.021219
0.020086
0.018862
0.017899
0.018289
0.018182
0.018994
0.017879
0.017566
0.017001
0.016986
0.016152
0.015872
0.01599
0.015958
0.015788
0.015888
0.015683
0.015683
0.015641
0.047207
0.047614
0.04764
0.047812
0.046978
0.07712
0.04665
0.022593
0.023223
0.022578
0.022862
0.022228
0.02258
0.021832
0.021285
0.020063
0.018234
0.018461
0.019094
0.018767
0.017934
0.017607
0.017449
0.01701
0.016242
0.016151
0.016038
0.015995
0.015917
0.015879
0.015734
0.015648
0.015453
0.047175
0.047096
0.046837
0.046963
0.046949
0.077295
0.04662
0.023604
0.023628
0.023416
0.023556
0.023338
0.022768
0.022494
0.021378
0.019179
0.018455
0.018976
0.018867
0.019027
0.018152
0.01761
0.017599
0.017004
0.016795
0.016325
0.016288
0.016586
0.015944
0.015757
0.015846
0.015655
0.015438
0.015339
0.046735
0.046648
0.04653
0.046832
0.046916
0.047414
0.023702
0.023652
0.023399
0.023364
0.023404
0.023101
0.022816
0.022055
0.02103
0.020341
0.018948
0.019232
0.018465
0.018042
0.017684
0.016651
0.01636
0.016466
0.016732
0.016478
0.016121
0.015896
0.015881
0.015704
0.015745
0.015688
0.015559
0.047526
0.047084
0.047282
0.046973
0.046693
0.047425
0.040115
0.023569
0.023606
0.023396
0.022834
0.023506
0.060263
0.022415
0.021638
0.020494
0.019563
0.018724
0.019384
0.018457
0.017711
0.017514
0.016416
0.016532
0.017173
0.01694
0.016181
0.016361
0.015803
0.016118
0.015968
0.015787
0.015854
0.015637
0.015725
0.047488
0.047383
0.047438
0.047284
0.023841
0.023402
0.023573
0.023415
0.023484
0.023334
0.02325
0.021756
0.02188
0.058684
0.019747
0.01961
0.019464
0.018546
0.017779
0.017655
0.016709
0.016386
0.016213
0.017324
0.016454
0.016258
0.016178
0.016742
0.049711
0.049569
0.051303
0.01599
0.015996
0.016145
0.049063
0.047592
0.04746
0.023681
0.023503
0.023386
0.022842
0.022926
0.023318
0.02331
0.0228
0.021644
0.020387
0.019009
0.019928
0.019454
0.018716
0.018367
0.017059
0.016629
0.016329
0.016252
0.01686
0.017252
0.016874
0.016772
0.016144
0.049713
0.049521
0.049956
0.016554
0.051629
0.049082
0.049071
0.049116
0.049213
0.023644
0.023615
0.023625
0.023122
0.022716
0.02313
0.023325
0.02294
0.059861
0.020876
0.020134
0.020075
0.0196
0.019347
0.018874
0.01773
0.016416
0.016267
0.016113
0.016068
0.016469
0.016286
0.016178
0.049645
0.049605
0.050841
0.050855
0.052822
0.05332
0.050559
0.051545
0.050444
0.051448
0.040259
0.040396
0.02382
0.023415
0.023408
0.023385
0.03987
0.023264
0.060319
0.021531
0.020333
0.018994
0.019522
0.019333
0.018959
0.017626
0.01703
0.017286
0.016381
0.016205
0.016305
0.015846
0.015917
0.049778
0.047989
0.049429
0.051392
0.052098
0.051848
0.051652
0.05083
0.050862
0.051432
0.040507
0.040396
0.040347
0.023447
0.023547
0.023717
0.023561
0.023204
0.06024
0.021777
0.020722
0.058294
0.019785
0.019074
0.019047
0.018698
0.017456
0.016494
0.016418
0.016094
0.016045
0.048488
0.048282
0.048292
0.049854
0.049731
0.050055
0.051733
0.05005
0.052721
0.052049
0.053459
0.049267
0.040728
0.040975
0.040222
0.040498
0.04001
0.023698
0.023487
0.023438
0.052716
0.038055
0.020928
0.020215
0.01965
0.057079
0.018346
0.017282
0.016512
0.016628
0.016973
0.016105
0.015938
0.016149
0.049848
0.049666
0.016315
0.016303
0.051852
0.053582
0.051063
0.05164
0.051627
0.052559
0.049684
0.040747
0.040823
0.040578
0.040159
0.040719
0.023756
0.023318
0.023293
0.039478
0.038761
0.020986
0.058624
0.019896
0.056989
0.018261
0.016903
0.016858
0.017448
0.017026
0.016556
0.016513
0.01647
0.01634
0.016147
0.015891
0.017046
0.051877
0.052748
0.017482
0.051739
0.050867
0.051544
0.016218
0.040757
0.041
0.040835
0.040616
0.040612
0.023721
0.023353
0.023473
0.023336
0.022647
0.021688
0.058649
0.057451
0.056817
0.018588
0.017029
0.016829
0.017287
0.018231
0.017753
0.051419
0.01719
0.017439
0.017044
0.017162
0.016506
0.017073
0.017303
0.017766
0.052893
0.052485
0.05355
0.051518
0.041205
0.04111
0.040868
0.040811
0.041298
0.040674
0.040223
0.02371
0.023287
0.039335
0.022299
0.05912
0.058404
0.019661
0.019304
0.018109
0.01748
0.018091
0.018549
0.017412
0.017341
0.01775
0.017747
0.016769
0.01747
0.017128
0.017113
0.017477
0.017771
0.017949
0.017728
0.053262
0.052591
0.065641
0.065441
0.041479
0.041383
0.041063
0.041125
0.041167
0.040772
0.039983
0.023307
0.038531
0.021235
0.020557
0.020084
0.01955
0.018885
0.018276
0.018495
0.018529
0.016944
0.051635
0.017315
0.018005
0.017758
0.017956
0.01792
0.017348
0.016816
0.017211
0.01718
0.017548
0.053164
0.052294
0.041668
0.065312
0.041472
0.041102
0.041012
0.041027
0.040909
0.040683
0.040393
0.039934
0.022941
0.021535
0.020522
0.019879
0.018616
0.018506
0.018928
0.018621
0.018405
0.017414
0.016864
0.018005
0.018186
0.017764
0.017726
0.017147
0.016562
0.017093
0.017074
0.017118
0.016993
0.051973
0.052731
0.067913
0.042534
0.041974
0.041794
0.065117
0.041342
0.040694
0.040233
0.040554
0.040367
0.023048
0.02205
0.020459
0.0191
0.017821
0.018503
0.018903
0.018897
0.018433
0.018571
0.018471
0.018304
0.018199
0.018032
0.017391
0.016408
0.016731
0.017591
0.017072
0.016609
0.053322
0.052153
0.052736
0.043273
0.042567
0.042412
0.066979
0.067027
0.06629
0.041396
0.040854
0.040522
0.039989
0.023225
0.021901
0.019587
0.01928
0.018806
0.018739
0.019374
0.018817
0.018369
0.018586
0.018342
0.017889
0.018256
0.018223
0.017586
0.016921
0.016253
0.016803
0.017081
0.016734
0.049607
0.016171
0.049815
0.069595
0.069115
0.067417
0.042328
0.067451
0.066829
0.042225
0.041216
0.041003
0.061754
0.023183
0.021388
0.054617
0.018561
0.019242
0.0195
0.019416
0.018996
0.018768
0.018307
0.017924
0.017973
0.017829
0.017319
0.01656
0.016243
0.015925
0.016206
0.049788
0.016269
0.015811
0.0507
0.050352
0.069641
0.069596
0.07026
0.043276
0.042835
0.042505
0.042215
0.041301
0.040913
0.023529
0.059631
0.057744
0.057104
0.019308
0.01974
0.019545
0.019416
0.019378
0.018871
0.018507
0.017602
0.018346
0.017375
0.017466
0.01646
0.016215
0.015853
0.015878
0.048127
0.049687
0.016255
0.052069
0.051255
0.06908
0.069082
0.056127
0.057171
0.068756
0.043643
0.04343
0.042233
0.040616
0.023658
0.023476
0.059507
0.0221
0.019774
0.020251
0.020078
0.019573
0.033847
0.033527
0.018541
0.018307
0.01832
0.017822
0.017458
0.016282
0.015858
0.015766
0.01555
0.047656
0.050381
0.050505
0.049347
0.050761
0.068761
0.070425
0.055984
0.055871
0.069584
0.042441
0.042349
0.041948
0.040957
0.02375
0.023291
0.022176
0.022286
0.021703
0.035882
0.035065
0.034871
0.034016
0.019159
0.018625
0.018206
0.017577
0.017131
0.016462
0.016034
0.015893
0.015938
0.015833
0.049711
0.052075
0.050685
0.049616
0.050393
0.056371
0.057422
0.0573
0.05611
0.044188
0.043337
0.067004
0.065954
0.041737
0.040698
0.023346
0.022732
0.022615
0.022428
0.036787
0.03582
0.035295
0.034755
0.034156
0.033161
0.01844
0.017436
0.01657
0.016291
0.016106
0.016013
0.01575
0.015945
0.016641
0.016355
0.049267
0.01606
0.050631
0.056441
0.070522
0.056066
0.07022
0.069329
0.069427
0.06793
0.042823
0.041975
0.040639
0.023751
0.02349
0.023454
0.022999
0.038095
0.036424
0.03581
0.035238
0.034745
0.033811
0.018693
0.018394
0.017569
0.017345
0.016324
0.016287
0.015853
0.015968
0.016388
0.016151
0.016311
0.016135
0.016095
0.05737
0.056599
0.056266
0.070066
0.070042
0.068468
0.042878
0.042817
0.042367
0.064672
0.040324
0.040225
0.040609
0.040142
0.039341
0.037354
0.036405
0.035493
0.035108
0.033609
0.018678
0.017679
0.017534
0.017812
0.016533
0.016302
0.016276
0.016538
0.016209
0.016535
0.016092
0.01605
0.016616
0.058098
0.057862
0.057246
0.070549
0.068652
0.068941
0.042595
0.066939
0.065463
0.064672
0.062428
0.040237
0.040584
0.040725
0.039943
0.038334
0.036443
0.035948
0.035177
0.034248
0.055631
0.017457
0.018404
0.017623
0.016308
0.01632
0.016195
0.016149
0.01682
0.016377
0.016343
0.01622
0.016078
0.057178
0.060584
0.059103
0.05639
0.069872
0.068811
0.043044
0.04211
0.041683
0.06553
0.041175
0.041002
0.040524
0.040452
0.040319
0.039384
0.037548
0.052183
0.035993
0.03425
0.056282
0.054822
0.017823
0.017408
0.016803
0.016365
0.016276
0.016262
0.016637
0.017193
0.016741
0.017131
0.016137
0.061604
0.062368
0.060217
0.060051
0.056303
0.043957
0.044133
0.043611
0.042563
0.04142
0.0413
0.041344
0.041224
0.041222
0.041437
0.040193
0.053063
0.053433
0.051564
0.019861
0.01916
0.018966
0.018461
0.017162
0.016538
0.017034
0.016641
0.016835
0.016625
0.017021
0.017003
0.016845
0.017322
0.0625
0.061221
0.061177
0.037656
0.037602
0.044574
0.043655
0.043491
0.042593
0.041668
0.042192
0.042379
0.041849
0.041871
0.04107
0.040611
0.040308
0.037354
0.051845
0.035151
0.019516
0.018933
0.018337
0.017011
0.016415
0.017118
0.017353
0.01721
0.017876
0.017388
0.017721
0.017326
0.017616
0.064843
0.062398
0.062398
0.036457
0.037086
0.04444
0.04355
0.044008
0.043687
0.043359
0.042808
0.041552
0.041448
0.041212
0.04099
0.041195
0.039863
0.038489
0.036621
0.035561
0.034289
0.019297
0.018789
0.017661
0.017602
0.016933
0.017827
0.018275
0.018084
0.017853
0.017721
0.017957
0.018058
0.054717
0.063923
0.062965
0.038175
0.036591
0.044495
0.044937
0.044828
0.035246
0.034871
0.034673
0.043162
0.043189
0.041884
0.042197
0.041772
0.040476
0.039808
0.037025
0.035946
0.01995
0.01944
0.019141
0.018756
0.018423
0.018364
0.018366
0.018298
0.018041
0.018086
0.01809
0.01774
0.018142
0.07813
0.053431
0.053259
0.06367
0.037859
0.037461
0.036963
0.035103
0.035738
0.036166
0.035301
0.034803
0.03516
0.043782
0.042639
0.042169
0.042141
0.040121
0.03919
0.03663
0.035257
0.034803
0.034559
0.03342
0.018501
0.018585
0.018488
0.018452
0.018449
0.018256
0.018212
0.018189
0.018158
0.077061
0.076757
0.05209
0.063327
0.060816
0.039103
0.037651
0.036678
0.036731
0.036851
0.036725
0.035206
0.034749
0.043774
0.043914
0.043398
0.042969
0.04096
0.039998
0.037341
0.035777
0.035074
0.034587
0.019285
0.032945
0.018616
0.018668
0.018337
0.018412
0.01846
0.018251
0.01855
0.018197
0.098675
0.098656
0.085682
0.083622
0.083143
0.082548
0.081697
0.080424
0.080967
0.079783
0.079003
0.068381
0.068481
0.036718
0.066325
0.042456
0.036495
0.036197
0.042046
0.075142
0.074433
0.074602
0.073151
0.074854
0.07457
0.074626
0.074147
0.074017
0.074033
0.074376
0.074672
0.07461
0.074301
0.098822
0.098035
0.089012
0.0808
0.083143
0.081968
0.080166
0.078765
0.079872
0.07904
0.076712
0.042481
0.036761
0.067915
0.036607
0.042381
0.042237
0.075909
0.075372
0.075206
0.074479
0.073393
0.052537
0.052456
0.071593
0.07418
0.074036
0.073965
0.074039
0.074407
0.074095
0.074206
0.064314
0.098427
0.09478
0.088388
0.082367
0.044235
0.082556
0.081872
0.081069
0.079859
0.078254
0.07602
0.076837
0.077611
0.067024
0.066915
0.075705
0.065554
0.075802
0.075194
0.075244
0.054177
0.073287
0.074378
0.071736
0.069238
0.07273
0.074502
0.073965
0.073858
0.064431
0.074123
0.074229
0.074453
0.096115
0.068953
0.087598
0.083624
0.083088
0.082806
0.081748
0.080133
0.078152
0.077123
0.042116
0.042042
0.075843
0.076457
0.076088
0.075615
0.065777
0.0751
0.075601
0.074747
0.074549
0.07394
0.073014
0.071505
0.071362
0.071124
0.073809
0.073885
0.073823
0.073083
0.074065
0.074208
0.064461
0.098504
0.094856
0.086205
0.081263
0.044758
0.082558
0.080729
0.08038
0.07741
0.076906
0.041442
0.077544
0.077187
0.076871
0.075928
0.05444
0.075582
0.075103
0.07473
0.074652
0.073207
0.053908
0.072971
0.07368
0.073556
0.071727
0.072078
0.074238
0.073893
0.064472
0.074126
0.074496
0.064235
0.099182
0.096535
0.089242
0.084217
0.083185
0.08257
0.081849
0.080026
0.079075
0.07617
0.075905
0.055271
0.05602
0.053908
0.075558
0.074741
0.074921
0.072964
0.054558
0.053312
0.05226
0.072667
0.053581
0.053208
0.074542
0.073971
0.073943
0.074232
0.06453
0.074228
0.074433
0.06465
0.074302
0.086811
0.099525
0.09062
0.084476
0.0737
0.072223
0.042694
0.080411
0.077553
0.076733
0.076452
0.075731
0.05404
0.073486
0.052994
0.074984
0.074317
0.074182
0.075235
0.054741
0.053357
0.054633
0.054147
0.053895
0.074114
0.064766
0.074711
0.074697
0.064897
0.074465
0.06426
0.065074
0.064664
0.099415
0.098549
0.091378
0.073464
0.083856
0.036948
0.072115
0.081701
0.078939
0.055974
0.076471
0.074449
0.075011
0.07579
0.075617
0.075417
0.075463
0.075245
0.054922
0.055099
0.054649
0.0549
0.046947
0.054389
0.065068
0.074795
0.065272
0.074737
0.064684
0.064665
0.074099
0.064906
0.064801
0.086814
0.06643
0.080952
0.043794
0.03921
0.043192
0.082128
0.08184
0.07994
0.079695
0.055633
0.077212
0.077219
0.076654
0.055513
0.076025
0.055379
0.055272
0.047956
0.048095
0.047724
0.047638
0.074205
0.065125
0.065706
0.065288
0.064895
0.064787
0.064488
0.046855
0.046511
0.06482
0.064965
0.099529
0.099218
0.05419
0.044443
0.040291
0.037375
0.036865
0.08237
0.080541
0.080002
0.079347
0.057415
0.06797
0.067297
0.066946
0.06616
0.066469
0.048098
0.048503
0.048276
0.047896
0.04774
0.065467
0.065517
0.065365
0.065332
0.064636
0.064949
0.065126
0.064698
0.05363
0.073975
0.073866
0.088327
0.087675
0.082894
0.045498
0.074348
0.073988
0.073433
0.071759
0.071108
0.080767
0.069279
0.069225
0.068281
0.067356
0.067428
0.067028
0.048834
0.048498
0.067096
0.048273
0.0666
0.065837
0.065592
0.065512
0.065231
0.065301
0.065204
0.065158
0.047171
0.064551
0.073813
0.073456
0.073454
0.087011
0.086913
0.095609
0.075252
0.074264
0.074152
0.073047
0.071886
0.081574
0.07992
0.069192
0.069424
0.056964
0.067329
0.067101
0.067407
0.066916
0.066594
0.066185
0.066913
0.067367
0.066356
0.066287
0.066111
0.065415
0.065262
0.065669
0.066244
0.065014
0.074332
0.074024
0.073781
0.073268
0.087128
0.087044
0.096398
0.086726
0.074893
0.073937
0.073048
0.07136
0.081336
0.08041
0.070075
0.079287
0.067798
0.067813
0.066967
0.06638
0.066349
0.06666
0.066443
0.067054
0.066279
0.067526
0.06621
0.066127
0.065428
0.065315
0.065452
0.065632
0.06508
0.064423
0.054185
0.053835
0.073806
0.099423
0.086713
0.085912
0.077678
0.041996
0.073924
0.073715
0.072419
0.071223
0.070534
0.069492
0.079417
0.068491
0.067434
0.067723
0.066128
0.066391
0.065917
0.066053
0.065677
0.065931
0.065907
0.066163
0.065816
0.065069
0.064562
0.064995
0.074609
0.054042
0.074502
0.074295
0.073867
0.073424
0.098855
0.086571
0.06207
0.050185
0.073842
0.073621
0.073711
0.072406
0.072153
0.071249
0.069569
0.069716
0.069531
0.049233
0.067505
0.066606
0.066745
0.066782
0.066374
0.066364
0.066357
0.065384
0.065326
0.065598
0.07456
0.073964
0.064459
0.07401
0.05327
0.073613
0.074262
0.073829
0.07382
0.063739
0.087214
0.099436
0.052259
0.074435
0.074427
0.073164
0.073422
0.07282
0.071917
0.070102
0.069815
0.069089
0.067947
0.068015
0.066669
0.066397
0.066073
0.066242
0.067089
0.065926
0.065754
0.06581
0.065547
0.054411
0.053987
0.054176
0.053789
0.052696
0.072475
0.073527
0.073755
0.074208
0.099282
0.087102
0.086446
0.09418
0.074164
0.073176
0.073004
0.072776
0.072933
0.072271
0.070732
0.079933
0.06966
0.069094
0.067573
0.06598
0.066401
0.036765
0.06824
0.067262
0.066038
0.065881
0.065744
0.047496
0.054519
0.054018
0.054194
0.053854
0.053738
0.073611
0.073017
0.07388
0.064035
0.099281
0.087288
0.073771
0.084943
0.075865
0.084402
0.072581
0.072765
0.071358
0.071524
0.070887
0.070708
0.070601
0.069721
0.069125
0.067773
0.067025
0.066694
0.067327
0.067099
0.066643
0.066911
0.066083
0.065965
0.047063
0.054418
0.074635
0.054142
0.053131
0.072401
0.073415
0.073532
0.064476
0.10009
0.10214
0.091461
0.086088
0.077906
0.04182
0.038339
0.03713
0.072207
0.071846
0.070729
0.070607
0.070583
0.069898
0.069221
0.068188
0.06703
0.036945
0.067087
0.068663
0.066748
0.066949
0.04812
0.065635
0.065544
0.06545
0.07448
0.064786
0.073814
0.073762
0.074113
0.073922
0.073796
0.087007
0.099829
0.099166
0.076731
0.080392
0.043777
0.039279
0.037212
0.037449
0.0377
0.037626
0.071582
0.07205
0.071264
0.070139
0.068558
0.066941
0.067566
0.06734
0.068736
0.067436
0.067951
0.066087
0.065711
0.065351
0.065482
0.065434
0.064888
0.074142
0.073694
0.073716
0.040898
0.07349
0.086989
0.099688
0.098795
0.083912
0.05705
0.046069
0.040792
0.038008
0.037849
0.037984
0.037937
0.071736
0.07105
0.071785
0.07064
0.069638
0.067926
0.067517
0.068848
0.068727
0.069591
0.067516
0.06689
0.066618
0.066221
0.065508
0.064618
0.064482
0.073825
0.073627
0.040978
0.064268
0.074306
0.098971
0.099899
0.099249
0.093213
0.08572
0.050089
0.05165
0.03819
0.037532
0.038453
0.074571
0.073349
0.072285
0.070743
0.071212
0.06986
0.069627
0.067631
0.068927
0.068736
0.049392
0.068141
0.0691
0.067253
0.066714
0.06567
0.064954
0.074096
0.073411
0.073171
0.073709
0.074058
0.065343
0.09896
0.09791
0.12346
0.10373
0.0797
0.053526
0.050717
0.039276
0.037542
0.038025
0.075229
0.073883
0.072639
0.072326
0.071388
0.072043
0.070612
0.070395
0.070927
0.070043
0.069158
0.069641
0.069711
0.069583
0.067638
0.066541
0.065111
0.074261
0.073993
0.074148
0.064377
0.065651
0.066486
0.099158
0.097015
0.12131
0.11713
0.089195
0.05909
0.054596
0.040886
0.038196
0.038667
0.038265
0.07483
0.073491
0.073702
0.072495
0.072153
0.070787
0.07164
0.069535
0.068506
0.070374
0.070684
0.070565
0.070155
0.06887
0.067155
0.064901
0.065414
0.074731
0.065571
0.065755
0.066135
0.036412
0.099739
0.097396
0.12423
0.12152
0.10173
0.066311
0.051902
0.042839
0.03851
0.037361
0.038306
0.075648
0.075264
0.074037
0.072603
0.070452
0.071135
0.0708
0.068675
0.067632
0.068786
0.068635
0.069363
0.071293
0.069394
0.066296
0.065411
0.065492
0.065847
0.065656
0.067241
0.036527
0.037233
0.09736
0.097595
0.098923
0.12497
0.11602
0.075861
0.057695
0.04598
0.040489
0.037979
0.037817
0.073777
0.075159
0.075244
0.074671
0.073348
0.071368
0.070545
0.068774
0.068012
0.048989
0.066797
0.067576
0.069174
0.068325
0.065391
0.065537
0.065124
0.065955
0.065877
0.066266
0.037291
0.068007
0.099554
0.099182
0.099515
0.12446
0.099969
0.087918
0.086953
0.079069
0.075693
0.03872
0.074743
0.075415
0.075014
0.075484
0.060419
0.05995
0.072958
0.070243
0.049581
0.049025
0.049294
0.048842
0.048793
0.066614
0.066406
0.065742
0.065839
0.065968
0.066411
0.066493
0.066149
0.066487
0.067301
0.10043
0.10006
0.10013
0.10942
0.099921
0.087708
0.087794
0.083064
0.075656
0.074835
0.075165
0.076379
0.076185
0.075201
0.074146
0.053874
0.072192
0.050968
0.050581
0.049861
0.050036
0.049174
0.067255
0.066763
0.065868
0.036507
0.066466
0.066675
0.067124
0.066484
0.036431
0.037061
0.03659
0.088083
0.087142
0.099745
0.099882
0.099511
0.087188
0.086791
0.085993
0.077137
0.074643
0.0761
0.076763
0.076115
0.055845
0.055657
0.052638
0.052538
0.052654
0.050706
0.05042
0.050771
0.06882
0.048825
0.066679
0.067054
0.066082
0.066632
0.067118
0.036883
0.036313
0.036563
0.036771
0.037257
0.088367
0.088151
0.074152
0.10019
0.098952
0.099953
0.088167
0.087621
0.082263
0.076783
0.076436
0.077505
0.076779
0.077387
0.076475
0.07563
0.054045
0.052808
0.051672
0.051238
0.070413
0.069914
0.068714
0.068477
0.068179
0.067192
0.036464
0.066632
0.037113
0.037618
0.038647
0.037806
0.038112
0.089328
0.088682
0.064801
0.087706
0.10013
0.08763
0.087816
0.088398
0.088042
0.08005
0.079194
0.077179
0.076104
0.076723
0.076119
0.075495
0.054184
0.053249
0.051237
0.050442
0.071389
0.070205
0.049832
0.069626
0.067934
0.0672
0.036814
0.037983
0.038387
0.038507
0.068937
0.068271
0.037166
0.088284
0.088406
0.088297
0.088138
0.088393
0.088279
0.089061
0.089676
0.090736
0.08389
0.07761
0.056311
0.077261
0.077059
0.061839
0.061211
0.073725
0.052376
0.05144
0.051265
0.071791
0.057494
0.071233
0.069727
0.067868
0.037325
0.037653
0.037456
0.047634
0.038756
0.038209
0.068417
0.037364
0.088366
0.088534
0.088629
0.088491
0.08893
0.089302
0.09107
0.092593
0.090949
0.088828
0.058094
0.056484
0.063481
0.062858
0.076955
0.075184
0.074667
0.053552
0.053365
0.072382
0.072548
0.057556
0.057918
0.071633
0.069774
0.068386
0.038092
0.038654
0.04716
0.038615
0.068186
0.068606
0.038239
0.088108
0.087712
0.06472
0.089123
0.089022
0.066389
0.091447
0.093946
0.091776
0.067941
0.062192
0.058024
0.063563
0.078907
0.077023
0.055598
0.053747
0.053622
0.074427
0.072795
0.072109
0.071681
0.070983
0.071065
0.070671
0.069992
0.03773
0.038984
0.04794
0.038989
0.03826
0.037394
0.038708
0.10102
0.074397
0.088638
0.08964
0.089705
0.09216
0.091235
0.091836
0.091687
0.069109
0.06601
0.05762
0.079139
0.07811
0.056542
0.054617
0.054881
0.074752
0.059906
0.059264
0.072516
0.072037
0.070207
0.069149
0.069947
0.070139
0.070075
0.038482
0.038472
0.038341
0.048005
0.039336
0.039233
0.064504
0.074384
0.087727
0.089273
0.065932
0.065933
0.06725
0.092667
0.093571
0.068186
0.068788
0.062994
0.058257
0.056408
0.055106
0.055066
0.075071
0.075116
0.074123
0.059521
0.072605
0.071988
0.071438
0.071168
0.071188
0.05709
0.039716
0.038544
0.048518
0.038859
0.048384
0.048889
0.038896
0.074791
0.074771
0.088448
0.089119
0.066282
0.067711
0.068667
0.093378
0.069124
0.068195
0.069704
0.074959
0.060168
0.057236
0.055484
0.055781
0.075783
0.074708
0.073622
0.074218
0.072768
0.071996
0.057642
0.058135
0.05723
0.030932
0.030735
0.048836
0.04894
0.047726
0.038184
0.046519
0.047019
0.065069
0.065381
0.065817
0.090566
0.065544
0.067365
0.069023
0.07006
0.069385
0.069875
0.05563
0.055528
0.064759
0.057847
0.055685
0.055316
0.077098
0.076311
0.075975
0.074427
0.072523
0.072542
0.071908
0.071669
0.057399
0.057655
0.030895
0.048424
0.048603
0.047366
0.047118
0.036746
0.045853
0.065892
0.066032
0.066
0.067694
0.066211
0.067059
0.067195
0.068984
0.06948
0.055965
0.069385
0.069907
0.068557
0.060387
0.055937
0.055739
0.055881
0.05608
0.075909
0.074658
0.074903
0.073086
0.071513
0.071837
0.058204
0.032366
0.031276
0.039729
0.038165
0.046809
0.045837
0.046419
0.047107
0.067336
0.06725
0.066307
0.067738
0.092687
0.067274
0.067446
0.068095
0.068029
0.069741
0.069406
0.057027
0.055775
0.066166
0.05716
0.057855
0.056645
0.056631
0.076681
0.061132
0.060939
0.074543
0.071996
0.072447
0.031092
0.032053
0.030847
0.070931
0.046927
0.046052
0.045293
0.046126
0.046223
0.067673
0.068054
0.066686
0.069382
0.067676
0.068
0.069218
0.069874
0.069812
0.070036
0.069204
0.055877
0.069397
0.069027
0.062485
0.056683
0.057165
0.056899
0.062079
0.076714
0.075919
0.07329
0.072071
0.071344
0.072084
0.057541
0.031001
0.039494
0.037889
0.036971
0.045538
0.045511
0.036463
0.06683
0.067133
0.067911
0.069122
0.068533
0.068184
0.069144
0.070545
0.056056
0.056138
0.069133
0.069749
0.069631
0.069144
0.066571
0.059136
0.05782
0.046968
0.077529
0.07699
0.075874
0.073447
0.071248
0.070692
0.071644
0.057484
0.071626
0.070524
0.037473
0.037636
0.046457
0.045441
0.045667
0.064845
0.064246
0.059431
0.053917
0.053298
0.052869
0.052356
0.051521
0.050834
0.050391
0.050698
0.050315
0.049757
0.049556
0.049327
0.048853
0.050039
0.068982
0.069228
0.079681
0.048401
0.079407
0.078187
0.078263
0.047529
0.078082
0.078174
0.077893
0.078578
0.07793
0.047109
0.046375
0.0465
0.064846
0.064726
0.059511
0.054166
0.053804
0.053321
0.052673
0.051389
0.049713
0.049953
0.050739
0.050878
0.049684
0.04869
0.049218
0.048861
0.048551
0.079575
0.048624
0.048711
0.048623
0.048012
0.047414
0.047364
0.046647
0.077841
0.047396
0.047153
0.046871
0.047277
0.047032
0.04635
0.046356
0.064282
0.063614
0.05953
0.054874
0.054287
0.053282
0.052536
0.051783
0.050893
0.051085
0.083224
0.050107
0.049227
0.049062
0.079698
0.079824
0.079874
0.079534
0.049999
0.069226
0.049858
0.079059
0.077855
0.078038
0.047616
0.047138
0.046553
0.046957
0.047049
0.047191
0.047018
0.046809
0.047441
0.064326
0.064378
0.06057
0.055137
0.054364
0.053194
0.052684
0.052067
0.05179
0.050963
0.050815
0.050182
0.049334
0.048668
0.078569
0.07979
0.079642
0.048017
0.079985
0.079834
0.048553
0.048099
0.079025
0.077624
0.047329
0.047112
0.077442
0.046443
0.047274
0.047021
0.047485
0.047909
0.047597
0.064217
0.064784
0.060621
0.054902
0.053566
0.053783
0.052847
0.052151
0.084776
0.084674
0.082846
0.082985
0.050034
0.080298
0.07913
0.078818
0.078809
0.078568
0.07848
0.048366
0.079136
0.078758
0.079001
0.078133
0.078069
0.07815
0.077559
0.077476
0.047154
0.046923
0.047313
0.047679
0.078643
0.064939
0.064923
0.061147
0.054984
0.053812
0.054261
0.055126
0.085916
0.085484
0.08408
0.05061
0.082099
0.081155
0.080227
0.079297
0.078834
0.078758
0.078731
0.078494
0.079248
0.078808
0.078992
0.078875
0.077823
0.077689
0.078569
0.04708
0.077532
0.047177
0.046907
0.046888
0.047469
0.078716
0.065292
0.06533
0.061368
0.057026
0.054413
0.054281
0.053817
0.086845
0.086197
0.084907
0.050813
0.05
0.081311
0.079855
0.079058
0.078946
0.077691
0.078838
0.078155
0.078156
0.078308
0.078173
0.078188
0.07782
0.077812
0.078555
0.078222
0.078598
0.047205
0.047316
0.047492
0.078284
0.067515
0.068898
0.066948
0.061841
0.055018
0.054638
0.053852
0.053576
0.08691
0.074262
0.084854
0.084104
0.05034
0.08112
0.079822
0.079688
0.07906
0.047787
0.079273
0.078507
0.047532
0.047393
0.048024
0.078061
0.078147
0.077909
0.078811
0.04763
0.047735
0.077576
0.078351
0.078343
0.078561
0.078508
0.067864
0.067078
0.064354
0.055409
0.05425
0.053604
0.052956
0.074915
0.086156
0.051917
0.083275
0.082049
0.081825
0.080611
0.048505
0.04796
0.047802
0.078861
0.078729
0.077949
0.078422
0.078278
0.078345
0.07831
0.078851
0.078561
0.047218
0.077804
0.07733
0.04711
0.078256
0.04778
0.068354
0.067265
0.064994
0.064901
0.055878
0.05419
0.053128
0.052934
0.086985
0.085854
0.052032
0.083978
0.08213
0.08142
0.049123
0.0485
0.04811
0.047943
0.078859
0.078755
0.078854
0.078954
0.079104
0.078752
0.078453
0.078128
0.047718
0.047271
0.049066
0.047639
0.047479
0.047265
0.078517
0.067444
0.065362
0.067599
0.064746
0.055883
0.054401
0.053539
0.087254
0.085711
0.085021
0.051506
0.050853
0.081971
0.049248
0.049042
0.079488
0.048648
0.078834
0.078632
0.079509
0.079216
0.079239
0.079194
0.07887
0.047873
0.04762
0.047521
0.04806
0.047853
0.047972
0.047854
0.047572
0.047437
0.067809
0.065302
0.065356
0.063303
0.05641
0.056093
0.088743
0.053516
0.053142
0.052326
0.0515
0.050486
0.05
0.049321
0.080569
0.048271
0.048093
0.048344
0.078861
0.078797
0.079752
0.068568
0.079384
0.079456
0.048011
0.078779
0.047869
0.068176
0.049512
0.06947
0.051558
0.049137
0.047364
0.067252
0.067125
0.067047
0.064462
0.057147
0.056283
0.076452
0.053684
0.053233
0.052738
0.051906
0.051515
0.050742
0.049469
0.048744
0.04835
0.048198
0.048519
0.048385
0.048657
0.048222
0.048566
0.048137
0.079499
0.048052
0.079129
0.069069
0.068289
0.050556
0.071033
0.078695
0.047599
0.047385
0.046926
0.07052
0.068747
0.066862
0.060417
0.058052
0.076965
0.088195
0.05317
0.053045
0.052285
0.052022
0.051116
0.049105
0.049112
0.048583
0.04858
0.048645
0.048789
0.0485
0.048568
0.04827
0.047711
0.048074
0.047958
0.048052
0.049709
0.069999
0.047946
0.078786
0.078761
0.07868
0.0781
0.078416
0.07068
0.07176
0.070476
0.064485
0.079452
0.079693
0.0883
0.075776
0.053164
0.052492
0.052054
0.051075
0.050273
0.049156
0.048956
0.048863
0.048949
0.050411
0.048762
0.048452
0.04816
0.047858
0.04833
0.048042
0.04821
0.049341
0.050024
0.078909
0.047723
0.047837
0.067845
0.07861
0.078536
0.072373
0.072046
0.072303
0.090138
0.078741
0.076706
0.088249
0.075914
0.053155
0.052661
0.051923
0.051601
0.051102
0.050204
0.049429
0.048998
0.048967
0.050393
0.050033
0.048606
0.048546
0.047544
0.047258
0.047462
0.048002
0.049709
0.049302
0.078856
0.067767
0.067858
0.068031
0.067367
0.078117
0.071658
0.072126
0.072029
0.068308
0.058857
0.054526
0.053896
0.053624
0.054801
0.052649
0.052052
0.051427
0.050914
0.052111
0.049572
0.034752
0.051336
0.051548
0.050302
0.048712
0.033823
0.047978
0.047586
0.047839
0.048024
0.048097
0.048054
0.048054
0.069921
0.069616
0.067667
0.04912
0.047503
0.071288
0.072872
0.07323
0.067969
0.059246
0.056383
0.054399
0.053931
0.08717
0.052812
0.05399
0.051619
0.051249
0.052322
0.051741
0.035656
0.035515
0.052135
0.050075
0.04874
0.048562
0.048125
0.047458
0.047513
0.048038
0.047909
0.049333
0.049682
0.050771
0.068006
0.078731
0.067953
0.049079
0.070223
0.070271
0.072557
0.096596
0.087134
0.079247
0.078122
0.076353
0.087473
0.074718
0.052604
0.051676
0.051328
0.052735
0.051851
0.052386
0.035581
0.050442
0.034405
0.050455
0.034525
0.03377
0.04806
0.048051
0.033397
0.048203
0.049499
0.047874
0.049283
0.049434
0.067674
0.06794
0.078608
0.071866
0.06895
0.07232
0.096858
0.064464
0.078124
0.078534
0.041275
0.07583
0.077918
0.054425
0.052222
0.055516
0.053779
0.051706
0.051689
0.035816
0.036317
0.035509
0.036943
0.036089
0.03378
0.03385
0.033882
0.031906
0.04797
0.029591
0.049726
0.049531
0.068025
0.069287
0.067943
0.068107
0.073028
0.070513
0.070164
0.096917
0.093864
0.081962
0.077349
0.078513
0.077988
0.05554
0.054535
0.053975
0.056717
0.055107
0.054523
0.052943
0.036059
0.036213
0.034862
0.034735
0.036182
0.034494
0.034187
0.033784
0.03316
0.049527
0.049681
0.049483
0.049574
0.048011
0.067858
0.068055
0.050559
0.073652
0.07242
0.071511
0.098028
0.096386
0.086889
0.080818
0.080839
0.080806
0.079086
0.054699
0.078051
0.056137
0.056445
0.054658
0.036727
0.034995
0.035682
0.034663
0.034593
0.035599
0.034777
0.034533
0.033828
0.033587
0.034276
0.051278
0.049357
0.048098
0.069825
0.049298
0.07868
0.049368
0.073683
0.072551
0.071027
0.070971
0.095082
0.091128
0.083392
0.080683
0.082556
0.082021
0.080132
0.08044
0.07959
0.054439
0.054931
0.053342
0.036327
0.035124
0.034675
0.034692
0.03541
0.049813
0.048336
0.033892
0.049642
0.049912
0.051702
0.049711
0.049435
0.04798
0.048004
0.049115
0.049672
0.06467
0.073135
0.072437
0.098721
0.098632
0.097252
0.084422
0.083605
0.083472
0.036762
0.082084
0.070684
0.069889
0.057874
0.055418
0.056625
0.038882
0.036982
0.034598
0.036034
0.03658
0.034498
0.048537
0.048298
0.049469
0.049637
0.0483
0.050748
0.051129
0.047992
0.049064
0.049462
0.069541
0.065337
0.087862
0.087053
0.086705
0.087659
0.098828
0.092375
0.085099
0.084174
0.07261
0.072535
0.071387
0.071485
0.079811
0.056473
0.056825
0.039337
0.03871
0.038016
0.054442
0.054662
0.053404
0.05028
0.049771
0.049786
0.050206
0.049822
0.049525
0.049458
0.047869
0.047777
0.049271
0.049435
0.089879
0.089181
0.088689
0.088138
0.087761
0.099353
0.097033
0.085987
0.084082
0.083025
0.071933
0.072956
0.071822
0.070928
0.050447
0.057389
0.056361
0.048489
0.055334
0.054767
0.054724
0.054094
0.051836
0.051296
0.051172
0.049666
0.048315
0.048034
0.049287
0.048051
0.049349
0.048011
0.049321
0.08962
0.089426
0.089504
0.089078
0.088623
0.099755
0.078748
0.09084
0.083123
0.0825
0.072021
0.072285
0.071431
0.070931
0.069209
0.050013
0.049477
0.056504
0.055502
0.054935
0.054965
0.053991
0.05239
0.051042
0.051258
0.049721
0.0497
0.050274
0.049423
0.049417
0.049587
0.049288
0.047876
0.089724
0.091389
0.090082
0.088649
0.11167
0.10581
0.091989
0.068125
0.083538
0.082356
0.083114
0.071608
0.071781
0.071034
0.070287
0.06906
0.067902
0.049316
0.055852
0.055205
0.054812
0.054668
0.050683
0.050318
0.034708
0.049945
0.04945
0.051745
0.050285
0.048195
0.047704
0.048072
0.049491
0.066505
0.090728
0.090314
0.088679
0.11312
0.11248
0.092699
0.077335
0.088765
0.084041
0.083576
0.072292
0.071998
0.070855
0.070525
0.06983
0.050087
0.06808
0.04835
0.055287
0.075275
0.054074
0.050767
0.051537
0.052151
0.051952
0.051539
0.050211
0.049808
0.047905
0.047685
0.048099
0.049527
0.090569
0.089554
0.089039
0.088276
0.11227
0.11205
0.10546
0.088374
0.05638
0.044431
0.08382
0.072217
0.082563
0.070881
0.070311
0.069556
0.057638
0.077914
0.048509
0.055193
0.054861
0.054546
0.053811
0.052828
0.033625
0.034221
0.05115
0.049626
0.049506
0.048118
0.048007
0.049356
0.050578
0.090263
0.090406
0.089088
0.088289
0.08806
0.11196
0.087794
0.087863
0.087327
0.077397
0.073549
0.083795
0.072161
0.071841
0.070689
0.080018
0.068762
0.078276
0.056244
0.055732
0.054988
0.054813
0.054101
0.037126
0.034597
0.03161
0.050936
0.049881
0.04959
0.048282
0.048149
0.049647
0.050904
0.092578
0.091161
0.091545
0.089148
0.089217
0.088623
0.087831
0.087366
0.087608
0.08227
0.074045
0.083642
0.082853
0.071738
0.081596
0.080676
0.079638
0.049871
0.056613
0.048492
0.054439
0.054754
0.054936
0.036183
0.035069
0.031551
0.029219
0.049641
0.03401
0.049564
0.049741
0.049679
0.049793
0.091866
0.093424
0.090932
0.089621
0.089159
0.088165
0.087775
0.088853
0.08813
0.086805
0.076672
0.084499
0.072446
0.08247
0.071057
0.059188
0.079542
0.057725
0.056651
0.056031
0.055533
0.055321
0.054834
0.037864
0.036358
0.035572
0.029821
0.031895
0.050338
0.05003
0.035048
0.049577
0.049686
0.092707
0.092617
0.091212
0.08917
0.09
0.089456
0.088718
0.089226
0.088623
0.088287
0.060166
0.062085
0.061322
0.082332
0.059212
0.059449
0.058229
0.057327
0.056981
0.056602
0.055811
0.054812
0.055093
0.054284
0.037047
0.034482
0.031958
0.050412
0.050552
0.035853
0.034491
0.049821
0.050114
0.091976
0.090609
0.089861
0.089375
0.089625
0.09
0.089469
0.089203
0.065143
0.064523
0.063189
0.063325
0.06139
0.060882
0.059881
0.059304
0.058553
0.056708
0.057239
0.056691
0.056143
0.054186
0.05482
0.037773
0.037649
0.035521
0.03363
0.049663
0.050416
0.051357
0.049866
0.049552
0.049876
0.092937
0.090418
0.090854
0.0905
0.089704
0.089015
0.089042
0.088702
0.064627
0.064434
0.072824
0.068738
0.062007
0.061585
0.060757
0.059637
0.059134
0.058088
0.05716
0.056763
0.056492
0.055069
0.054912
0.037115
0.035483
0.034506
0.034286
0.035671
0.034731
0.052554
0.052298
0.051999
0.049832
0.093043
0.091783
0.091138
0.066689
0.089693
0.065016
0.088941
0.088575
0.087921
0.073768
0.073562
0.072668
0.056062
0.053629
0.06133
0.059967
0.035472
0.057804
0.057858
0.056493
0.056754
0.055679
0.053354
0.052683
0.054292
0.035478
0.033217
0.034589
0.052245
0.053308
0.053262
0.05215
0.049552
0.092357
0.091291
0.092031
0.06699
0.066063
0.065067
0.08909
0.064808
0.087946
0.064162
0.064326
0.063777
0.070054
0.062779
0.032355
0.034658
0.059124
0.058372
0.057162
0.057204
0.056937
0.054879
0.053191
0.052755
0.034635
0.033779
0.035554
0.032191
0.052045
0.05395
0.05268
0.051559
0.049982
0.068733
0.066961
0.066979
0.067807
0.067543
0.090377
0.065468
0.065395
0.064979
0.063829
0.064181
0.073303
0.072661
0.066246
0.034124
0.035809
0.03613
0.059505
0.058838
0.057555
0.056874
0.053567
0.053573
0.054296
0.053933
0.054718
0.053609
0.054541
0.05223
0.05336
0.052175
0.050088
0.049995
0.069344
0.068078
0.066693
0.06709
0.067732
0.06776
0.066109
0.065379
0.065046
0.063914
0.063824
0.073795
0.064015
0.062784
0.06334
0.036893
0.038636
0.059732
0.058996
0.058171
0.057462
0.031789
0.054449
0.035947
0.034121
0.054348
0.054319
0.052582
0.052437
0.052349
0.050066
0.05179
0.050361
0.067586
0.067134
0.067974
0.066464
0.066391
0.066763
0.066245
0.065587
0.065329
0.064798
0.064679
0.040728
0.065073
0.040937
0.040155
0.040212
0.037912
0.05998
0.059163
0.05821
0.030387
0.027989
0.054266
0.054862
0.054588
0.054842
0.053806
0.0517
0.05049
0.050186
0.049959
0.05005
0.050015
0.04253
0.041538
0.066366
0.066014
0.06676
0.066672
0.067353
0.066696
0.066125
0.065638
0.065602
0.064977
0.04085
0.040658
0.034616
0.037187
0.035238
0.060505
0.059707
0.059311
0.058592
0.057443
0.056786
0.05642
0.054863
0.055364
0.054717
0.053249
0.051449
0.050021
0.050795
0.051155
0.050035
0.073407
0.064087
0.061366
0.056064
0.055193
0.054045
0.054261
0.053308
0.052052
0.051507
0.069382
0.079029
0.068035
0.049316
0.056118
0.055539
0.055282
0.055188
0.05503
0.037767
0.054549
0.054434
0.053836
0.074345
0.07286
0.07136
0.070101
0.070382
0.068802
0.068435
0.068307
0.06876
0.070493
0.073709
0.063616
0.061385
0.055295
0.054822
0.054761
0.053986
0.053387
0.052139
0.051132
0.057984
0.057848
0.057247
0.05624
0.055951
0.055788
0.048002
0.05517
0.055017
0.054601
0.054343
0.053821
0.073122
0.073244
0.074265
0.073073
0.071381
0.051934
0.049247
0.079051
0.049502
0.067839
0.068198
0.064027
0.063961
0.061164
0.055381
0.054806
0.054295
0.053793
0.052983
0.052377
0.050893
0.056794
0.057258
0.056665
0.056194
0.055838
0.05518
0.055008
0.055031
0.054719
0.054801
0.054767
0.054376
0.054288
0.051891
0.05153
0.071412
0.071339
0.05165
0.067866
0.049273
0.049497
0.069524
0.068629
0.06414
0.064365
0.061861
0.055573
0.0548
0.05429
0.053563
0.053037
0.051746
0.051011
0.056915
0.05584
0.056286
0.05609
0.054515
0.053775
0.054244
0.054306
0.054609
0.037761
0.053551
0.053321
0.052801
0.051684
0.071949
0.07415
0.072583
0.07121
0.070884
0.071299
0.078966
0.068675
0.068138
0.073538
0.064693
0.085029
0.076057
0.054912
0.053524
0.053875
0.052528
0.059844
0.058575
0.05819
0.055584
0.056713
0.055594
0.054504
0.052732
0.053366
0.053749
0.037716
0.054175
0.054483
0.052233
0.052152
0.05208
0.07149
0.072615
0.072844
0.069929
0.072477
0.072445
0.050681
0.04945
0.067936
0.045262
0.045464
0.062469
0.055716
0.055784
0.054794
0.053446
0.052946
0.051539
0.041596
0.058615
0.056327
0.055235
0.053911
0.055259
0.054365
0.052968
0.054293
0.052903
0.054487
0.054484
0.053433
0.051046
0.049935
0.073013
0.051931
0.071199
0.069955
0.071026
0.071454
0.070376
0.049701
0.067662
0.045378
0.064351
0.06222
0.056108
0.054808
0.054351
0.053261
0.052131
0.05923
0.058343
0.056314
0.055434
0.055069
0.053815
0.0512
0.051606
0.052716
0.054729
0.052952
0.0506
0.052261
0.052211
0.052123
0.051992
0.072388
0.051992
0.049815
0.071077
0.07124
0.050373
0.069133
0.047821
0.047581
0.045374
0.045187
0.062577
0.055599
0.05434
0.05386
0.052785
0.059765
0.059183
0.058267
0.054738
0.056815
0.055188
0.053766
0.052196
0.053094
0.054494
0.052841
0.051095
0.052377
0.052006
0.052733
0.052119
0.052019
0.072003
0.071725
0.051891
0.071089
0.052012
0.050662
0.049162
0.04763
0.078023
0.045207
0.044684
0.046898
0.046734
0.046684
0.061424
0.061006
0.060094
0.059655
0.058592
0.054714
0.055579
0.076363
0.075223
0.053512
0.05293
0.074389
0.074871
0.053933
0.054469
0.05436
0.054721
0.054513
0.053476
0.070813
0.051275
0.050041
0.06869
0.0724
0.071436
0.068199
0.06777
0.078169
0.064681
0.073705
0.062509
0.063643
0.061338
0.061161
0.060545
0.060629
0.08092
0.058534
0.055813
0.055183
0.056217
0.076619
0.074409
0.072832
0.075122
0.074928
0.074873
0.054762
0.054755
0.047101
0.074859
0.074149
0.071695
0.072682
0.070956
0.049543
0.05162
0.07135
0.069745
0.067913
0.078245
0.064463
0.063953
0.046271
0.0644
0.061733
0.061002
0.060628
0.060209
0.079524
0.05813
0.057432
0.056897
0.056675
0.05544
0.075941
0.053872
0.075154
0.053643
0.073543
0.05451
0.053227
0.073984
0.052132
0.07315
0.050891
0.072608
0.070864
0.049246
0.049476
0.070674
0.049064
0.047185
0.078591
0.046915
0.046633
0.072312
0.04585
0.061456
0.060829
0.060519
0.060345
0.059334
0.080219
0.076836
0.05532
0.056523
0.055302
0.055621
0.075274
0.074552
0.073784
0.073814
0.05235
0.050404
0.069672
0.074199
0.073424
0.071559
0.073044
0.070147
0.068173
0.04917
0.068569
0.078717
0.067848
0.047518
0.046843
0.046685
0.072705
0.066783
0.061847
0.046346
0.0613
0.060744
0.05989
0.05883
0.078833
0.078749
0.054781
0.054094
0.075996
0.075166
0.073701
0.07266
0.071426
0.072224
0.069631
0.068735
0.068816
0.070153
0.071274
0.070249
0.049295
0.047949
0.07875
0.078708
0.049107
0.06788
0.078265
0.046695
0.046645
0.073167
0.067987
0.062167
0.0619
0.053032
0.052399
0.042676
0.059394
0.05839
0.058064
0.056049
0.054145
0.054704
0.07487
0.073832
0.052576
0.051275
0.069188
0.07065
0.068682
0.070414
0.049973
0.071748
0.06871
0.068273
0.067646
0.047159
0.047589
0.049619
0.048832
0.047754
0.046386
0.046322
0.073635
0.069689
0.062858
0.053235
0.052848
0.052456
0.052142
0.059813
0.058533
0.057725
0.057383
0.056422
0.05585
0.05286
0.052992
0.072085
0.070455
0.05025
0.072418
0.0717
0.049811
0.071418
0.051969
0.069972
0.079113
0.067883
0.047718
0.047822
0.047876
0.07812
0.078188
0.046429
0.045796
0.073309
0.062001
0.055068
0.061988
0.053322
0.052826
0.052069
0.059568
0.05086
0.050293
0.057681
0.049484
0.056523
0.054284
0.054744
0.052912
0.05038
0.070868
0.071845
0.072198
0.0716
0.071484
0.050085
0.071254
0.06809
0.048072
0.047979
0.047829
0.047637
0.078538
0.077949
0.070404
0.046252
0.064248
0.062984
0.056197
0.054123
0.054189
0.044951
0.060508
0.059569
0.041917
0.041093
0.058
0.057206
0.056545
0.055897
0.05519
0.053007
0.072311
0.071915
0.073502
0.073989
0.052161
0.072888
0.072818
0.068487
0.070508
0.048019
0.0477
0.047953
0.047086
0.047759
0.078155
0.04479
0.045436
0.073662
0.073281
0.066808
0.045216
0.045211
0.045229
0.044491
0.043674
0.041108
0.051227
0.050007
0.049445
0.056835
0.055874
0.074778
0.074967
0.074436
0.074263
0.072549
0.073724
0.072317
0.073262
0.072985
0.072515
0.0693
0.049264
0.047756
0.04798
0.047649
0.078571
0.077564
0.046398
0.046355
0.073363
0.073314
0.046816
0.045265
0.045093
0.045091
0.044796
0.043935
0.052485
0.051619
0.058166
0.057537
0.056708
0.054627
0.074426
0.073079
0.073417
0.074495
0.07201
0.06948
0.071839
0.074334
0.074505
0.072821
0.072978
0.049531
0.048046
0.049551
0.067776
0.067931
0.078274
0.046766
0.046314
0.073221
0.063789
0.062807
0.044927
0.044916
0.044726
0.046223
0.044159
0.051709
0.051459
0.058331
0.057444
0.056047
0.054242
0.055547
0.07471
0.073354
0.074653
0.071943
0.070222
0.073959
0.074334
0.0742
0.073628
0.073847
0.072476
0.06889
0.067977
0.078843
0.049067
0.078567
0.044815
0.073384
0.073849
0.063632
0.044534
0.045037
0.045307
0.046456
0.052644
0.060578
0.059259
0.05899
0.058296
0.057738
0.057147
0.056732
0.055728
0.055214
0.075434
0.074722
0.072487
0.071815
0.074703
0.074889
0.074305
0.07423
0.074537
0.074175
0.072831
0.049239
0.068312
0.068018
0.067678
0.044406
0.044627
0.046752
0.046732
0.073593
0.046515
0.046461
0.046374
0.046605
0.060341
0.051713
0.059187
0.058279
0.058032
0.068605
0.0681
0.056042
0.055071
0.05557
0.074987
0.071961
0.073199
0.07456
0.07501
0.074581
0.074993
0.074135
0.073814
0.071146
0.068744
0.049162
0.047858
0.067806
0.044966
0.04465
0.064284
0.073298
0.073026
0.046274
0.04551
0.046767
0.046434
0.045353
0.060048
0.059494
0.059105
0.050891
0.050331
0.067968
0.067755
0.066782
0.07566
0.07389
0.074345
0.074689
0.074628
0.074864
0.07432
0.073445
0.074174
0.073675
0.040482
0.071518
0.068696
0.068072
0.068919
0.04517
0.044612
0.06415
0.046768
0.046647
0.046313
0.045586
0.045314
0.045966
0.046011
0.059844
0.051488
0.051267
0.050752
0.05018
0.049361
0.067382
0.067085
0.065717
0.075271
0.074693
0.074667
0.074609
0.073981
0.072527
0.074301
0.074322
0.074425
0.074501
0.073697
0.073753
0.070945
0.03734
0.044062
0.04489
0.044388
0.044516
0.073733
0.073311
0.069707
0.060851
0.046004
0.061062
0.06066
0.059838
0.05127
0.058693
0.050383
0.049804
0.048825
0.06707
0.066152
0.075645
0.075444
0.07518
0.071946
0.073943
0.074208
0.074707
0.074514
0.04124
0.050942
0.041416
0.040786
0.071019
0.039332
0.044261
0.04418
0.044304
0.044902
0.044329
0.044655
0.072292
0.063958
0.046124
0.046337
0.061045
0.059729
0.043247
0.050724
0.05061
0.057795
0.049283
0.067244
0.076227
0.075483
0.065887
0.075335
0.074922
0.074569
0.073567
0.074445
0.041628
0.041773
0.041196
0.041145
0.040516
0.038722
0.070965
0.044903
0.044684
0.044488
0.043922
0.044244
0.046675
0.072634
0.046495
0.046145
0.0461
0.044571
0.045436
0.059707
0.051143
0.051013
0.050101
0.049784
0.06763
0.066581
0.075648
0.074422
0.075292
0.075155
0.074034
0.073387
0.074895
0.041598
0.041599
0.041461
0.041235
0.040177
0.03919
0.040434
0.065896
0.066433
0.044498
0.065058
0.044303
0.046734
0.064028
0.04447
0.046511
0.046412
0.046208
0.046043
0.042854
0.059591
0.051239
0.070054
0.068883
0.067986
0.048151
0.07528
0.075092
0.075405
0.075188
0.074702
0.074945
0.073191
0.040676
0.041338
0.041761
0.041373
0.049739
0.039479
0.039405
0.066545
0.046459
0.045337
0.065231
0.04421
0.0447
0.045375
0.045451
0.04426
0.044328
0.04663
0.046388
0.052113
0.051411
0.051106
0.050788
0.069188
0.049588
0.077112
0.07555
0.075118
0.074973
0.074813
0.073653
0.075013
0.040144
0.04026
0.041389
0.041352
0.041205
0.040917
0.040221
0.039726
0.044631
0.04599
0.045234
0.06521
0.065366
0.065298
0.04567
0.046041
0.045171
0.044833
0.053486
0.052711
0.052269
0.052261
0.051613
0.051521
0.05086
0.069139
0.06778
0.066175
0.036288
0.075489
0.074503
0.040916
0.041891
0.041742
0.041116
0.041002
0.041301
0.041434
0.041173
0.040951
0.040336
0.066291
0.045571
0.04503
0.064781
0.065271
0.065243
0.045155
0.065475
0.045668
0.058633
0.045115
0.053512
0.060766
0.052444
0.051514
0.070493
0.070518
0.069609
0.069041
0.067253
0.066642
0.07593
0.075306
0.041843
0.041252
0.041518
0.050829
0.04098
0.051459
0.041255
0.041019
0.074077
0.041102
0.067294
0.046671
0.044965
0.044741
0.065797
0.06704
0.045289
0.066004
0.065154
0.063008
0.055208
0.053459
0.052571
0.052017
0.05987
0.059252
0.070097
0.069833
0.068787
0.076839
0.066043
0.075895
0.042084
0.041692
0.04161
0.041533
0.051217
0.051395
0.041577
0.039884
0.040928
0.039796
0.038823
0.067655
0.067346
0.045455
0.065321
0.045063
0.065727
0.065683
0.065972
0.065326
0.064613
0.058122
0.05491
0.053492
0.053064
0.052009
0.05143
0.058839
0.069271
0.078603
0.076329
0.075019
0.075563
0.042106
0.074921
0.075148
0.04076
0.041493
0.050298
0.040505
0.070146
0.038784
0.069964
0.06835
0.069256
0.067676
0.065667
0.065573
0.044856
0.065287
0.065619
0.065101
0.065416
0.065374
0.062109
0.055076
0.054285
0.053789
0.052859
0.051852
0.051063
0.069446
0.068183
0.07731
0.074754
0.074195
0.075447
0.065414
0.075331
0.041727
0.040873
0.040525
0.071273
0.069197
0.068213
0.079307
0.079107
0.069042
0.067164
0.066904
0.065167
0.065109
0.064797
0.065335
0.064616
0.065494
0.065379
0.065025
0.058085
0.054835
0.053688
0.072681
0.052348
0.059117
0.069704
0.05735
0.077419
0.075344
0.075025
0.075084
0.075384
0.074837
0.072644
0.041269
0.071871
0.071662
0.07133
0.06832
0.079382
0.068177
0.068418
0.066962
0.067146
0.066066
0.06559
0.065749
0.065407
0.064767
0.065099
0.064666
0.065523
0.062415
0.056587
0.053823
0.052826
0.072098
0.059195
0.057905
0.078686
0.077186
0.07633
0.0763
0.075187
0.075116
0.074893
0.072557
0.073635
0.072381
0.072328
0.0721
0.07154
0.06909
0.069964
0.068527
0.067518
0.066168
0.066612
0.065622
0.066731
0.065103
0.064872
0.06548
0.066285
0.065919
0.066199
0.058784
0.054521
0.053631
0.060712
0.059383
0.080488
0.079479
0.075298
0.075062
0.076832
0.075871
0.07355
0.075499
0.074744
0.07407
0.07497
0.074033
0.072745
0.071549
0.072922
0.071383
0.066541
0.066451
0.06577
0.065803
0.065311
0.065582
0.066369
0.066135
0.066611
0.06572
0.065488
0.065375
0.063562
0.055421
0.053184
0.052489
0.060143
0.059666
0.058613
0.078661
0.055003
0.077337
0.048315
0.055549
0.075602
0.075506
0.074667
0.075278
0.074704
0.073161
0.070998
0.07296
0.041007
0.066669
0.066004
0.065943
0.065886
0.065506
0.065561
0.066963
0.067961
0.067822
0.067396
0.065282
0.065027
0.064749
0.058764
0.062111
0.061191
0.060457
0.071686
0.070437
0.057496
0.057247
0.057094
0.048367
0.047814
0.075678
0.075414
0.074892
0.041962
0.075568
0.074174
0.073114
0.074356
0.071983
0.065937
0.066572
0.066397
0.066072
0.066278
0.065826
0.066941
0.06673
0.068949
0.067217
0.066077
0.065726
0.064822
0.062786
0.063869
0.053287
0.060757
0.08222
0.081084
0.05829
0.057519
0.05685
0.056103
0.055524
0.074238
0.074971
0.074918
0.041585
0.074707
0.074712
0.073514
0.072105
0.07029
0.067837
0.067679
0.06635
0.066433
0.066348
0.066448
0.066886
0.066092
0.066905
0.066925
0.065394
0.065172
0.064613
0.073801
0.069113
0.061263
0.060068
0.060053
0.059708
0.058385
0.057466
0.057186
0.056538
0.055944
0.076013
0.073805
0.07499
0.075382
0.075171
0.074737
0.074103
0.071745
0.07137
0.067403
0.067107
0.066063
0.06649
0.066341
0.068319
0.067846
0.067068
0.066381
0.065818
0.065335
0.064631
0.064371
0.073397
0.073044
0.065327
0.061281
0.060458
0.059778
0.05907
0.05835
0.057613
0.056892
0.056629
0.055863
0.075681
0.075467
0.075475
0.074926
0.073879
0.071969
0.070505
0.072562
0.046714
0.046607
0.045358
0.044308
0.045187
0.042086
0.053837
0.053195
0.052188
0.052062
0.051314
0.050734
0.082415
0.082018
0.04943
0.04848
0.079776
0.04772
0.047967
0.078232
0.078529
0.078281
0.078505
0.047673
0.07839
0.041716
0.078186
0.078815
0.079298
0.049681
0.071175
0.071139
0.072965
0.073473
0.045963
0.070236
0.063464
0.044694
0.042159
0.053883
0.052673
0.052045
0.05131
0.050855
0.050564
0.082604
0.050047
0.048923
0.048255
0.078776
0.078931
0.078979
0.079225
0.079543
0.068559
0.07973
0.078789
0.078287
0.07831
0.068153
0.068553
0.068346
0.071215
0.072532
0.071025
0.071083
0.046557
0.046309
0.04618
0.045581
0.043567
0.057424
0.053867
0.053143
0.052045
0.051375
0.051016
0.051341
0.052036
0.081093
0.049276
0.048125
0.047825
0.078897
0.068682
0.069101
0.068549
0.068731
0.068438
0.07916
0.068171
0.067976
0.070056
0.070943
0.071828
0.072564
0.072417
0.073454
0.073106
0.063733
0.072921
0.06976
0.061015
0.057019
0.056138
0.053887
0.052357
0.051755
0.05126
0.050857
0.08391
0.082399
0.081412
0.080773
0.079099
0.079262
0.079902
0.068901
0.069979
0.06919
0.068824
0.048493
0.079507
0.068652
0.068526
0.06841
0.070305
0.071267
0.073885
0.073864
0.073838
0.052802
0.063866
0.072817
0.070917
0.060508
0.058101
0.056465
0.053913
0.052396
0.051702
0.051801
0.051528
0.05098
0.07154
0.049766
0.08096
0.079567
0.079968
0.068808
0.068707
0.079856
0.068503
0.070452
0.068412
0.078878
0.078978
0.079215
0.079251
0.068636
0.072551
0.073787
0.074572
0.053528
0.052816
0.042484
0.046631
0.046266
0.061954
0.057623
0.05633
0.053717
0.052789
0.051953
0.052151
0.051565
0.051168
0.051928
0.049816
0.049301
0.080441
0.079854
0.068999
0.068773
0.068987
0.079882
0.079458
0.07914
0.047958
0.079008
0.079162
0.068435
0.068299
0.071591
0.071509
0.073601
0.0735
0.051608
0.046546
0.046559
0.072051
0.064067
0.060091
0.056141
0.053996
0.053409
0.038821
0.051583
0.05144
0.050532
0.082972
0.082051
0.081129
0.069158
0.080167
0.079836
0.06914
0.068907
0.069024
0.079268
0.078861
0.078912
0.048005
0.078695
0.067805
0.067977
0.071546
0.072383
0.072484
0.07399
0.07317
0.045655
0.046292
0.045899
0.061999
0.057251
0.056829
0.055656
0.054861
0.052863
0.052395
0.051586
0.050814
0.083132
0.050083
0.05108
0.069524
0.050184
0.080066
0.080054
0.07083
0.070598
0.068448
0.068681
0.079024
0.048022
0.0789
0.068388
0.06982
0.068581
0.069689
0.072348
0.073545
0.0538
0.046384
0.07284
0.072192
0.064579
0.059101
0.056428
0.058181
0.057531
0.056995
0.055496
0.053304
0.05093
0.050781
0.070658
0.069944
0.069399
0.069237
0.07008
0.06894
0.070575
0.068692
0.079622
0.07961
0.078768
0.078817
0.068954
0.069878
0.068528
0.068824
0.07309
0.073602
0.073929
0.073782
0.04597
0.072591
0.09809
0.06548
0.059438
0.057159
0.059186
0.057632
0.057742
0.057777
0.078871
0.073288
0.07551
0.074172
0.040283
0.069763
0.040157
0.039952
0.040317
0.039005
0.068348
0.068624
0.068674
0.079171
0.079267
0.070035
0.068687
0.069891
0.071004
0.073635
0.074067
0.073542
0.073284
0.046389
0.073044
0.072669
0.091042
0.083808
0.058741
0.080943
0.057039
0.058207
0.059006
0.07951
0.077464
0.07817
0.075572
0.074736
0.071976
0.039479
0.04084
0.039964
0.037912
0.068726
0.070645
0.068893
0.071108
0.068469
0.06994
0.071697
0.071072
0.0737
0.073703
0.073727
0.072662
0.07289
0.07264
0.071415
0.07277
0.091925
0.084488
0.083238
0.059477
0.059683
0.059499
0.058943
0.079619
0.076936
0.077261
0.077037
0.076206
0.074122
0.074093
0.041023
0.041117
0.039905
0.069648
0.069176
0.070236
0.071541
0.070153
0.071209
0.071727
0.072046
0.073746
0.073653
0.072981
0.073441
0.040502
0.072445
0.072361
0.097902
0.093017
0.085194
0.083204
0.060617
0.060087
0.058871
0.08051
0.080225
0.078859
0.078029
0.07756
0.076253
0.07541
0.073825
0.040071
0.038969
0.040206
0.039896
0.039732
0.072174
0.06999
0.040531
0.040354
0.068123
0.070113
0.07093
0.072092
0.071363
0.072199
0.041122
0.070752
0.071721
0.097107
0.095336
0.084791
0.083471
0.083203
0.060208
0.081344
0.080469
0.079796
0.079366
0.078659
0.068446
0.077261
0.041401
0.041215
0.040371
0.040297
0.039925
0.039689
0.069371
0.069285
0.071394
0.068489
0.038966
0.039525
0.039365
0.039149
0.068437
0.068014
0.039554
0.040828
0.0988
0.099142
0.099113
0.097127
0.086206
0.083569
0.082872
0.081046
0.080104
0.080758
0.070634
0.03645
0.068809
0.078299
0.077226
0.041964
0.041429
0.041788
0.04194
0.073501
0.039937
0.070529
0.068957
0.068996
0.038034
0.038532
0.037839
0.038599
0.039319
0.03928
0.038436
0.03949
0.040726
0.099885
0.099473
0.099129
0.060813
0.076966
0.084585
0.08348
0.083248
0.08216
0.081395
0.07048
0.042321
0.079223
0.036504
0.067192
0.0362
0.041882
0.042055
0.04165
0.04166
0.039874
0.041473
0.040638
0.068695
0.037816
0.040156
0.038988
0.039368
0.038651
0.039235
0.038298
0.039495
0.040773
0.073819
0.086925
0.086569
0.086445
0.07942
0.073781
0.073237
0.072262
0.08239
0.081452
0.080852
0.042283
0.079026
0.042484
0.042431
0.036377
0.052167
0.035991
0.041754
0.040841
0.071919
0.074561
0.039742
0.038709
0.038747
0.040816
0.040131
0.039723
0.040066
0.039589
0.039087
0.040848
0.040843
0.073845
0.087616
0.098721
0.09902
0.082033
0.07411
0.07341
0.072329
0.071661
0.071357
0.081054
0.03643
0.042543
0.0788
0.067857
0.036647
0.045008
0.042164
0.036178
0.074645
0.041586
0.04152
0.041419
0.040958
0.041277
0.04158
0.073963
0.040786
0.040526
0.071197
0.040934
0.041202
0.040891
0.07358
0.099445
0.098687
0.098598
0.095863
0.074886
0.040696
0.037684
0.072276
0.071633
0.070945
0.080513
0.069421
0.079045
0.078286
0.036144
0.036351
0.036031
0.036221
0.075247
0.041645
0.041787
0.041808
0.04141
0.035552
0.035597
0.041545
0.041321
0.040235
0.040026
0.038748
0.040487
0.04081
0.086925
0.087316
0.099778
0.099362
0.098528
0.07766
0.074168
0.073511
0.083247
0.072422
0.037379
0.042715
0.06973
0.068855
0.03664
0.067762
0.067128
0.067086
0.036243
0.036028
0.075141
0.035764
0.042005
0.041929
0.044208
0.044218
0.035466
0.050862
0.051107
0.050718
0.040125
0.040523
0.040861
0.088095
0.087833
0.10935
0.099514
0.086785
0.0809
0.074829
0.072824
0.072754
0.071673
0.037048
0.03671
0.042539
0.079495
0.06879
0.068023
0.037028
0.037762
0.036853
0.036412
0.035856
0.065693
0.06559
0.036353
0.036173
0.035999
0.0355
0.04171
0.040776
0.050344
0.050677
0.049983
0.040627
0.088288
0.088385
0.088477
0.086907
0.099662
0.084679
0.075364
0.073384
0.072802
0.082539
0.036557
0.036585
0.080225
0.079367
0.068246
0.036755
0.037034
0.037077
0.066929
0.065452
0.065765
0.066227
0.066025
0.066466
0.066686
0.06656
0.065594
0.074831
0.073603
0.041317
0.043901
0.040964
0.038182
0.064337
0.087936
0.088287
0.086924
0.087962
0.086687
0.077829
0.073666
0.073807
0.072891
0.036933
0.042691
0.080518
0.080044
0.069219
0.068503
0.03686
0.037326
0.066503
0.065724
0.066288
0.066486
0.066539
0.036755
0.066376
0.036427
0.065718
0.074954
0.073834
0.041075
0.041335
0.04098
0.039841
0.064729
0.064876
0.088626
0.087377
0.088346
0.087925
0.082051
0.074838
0.073752
0.037428
0.037094
0.037008
0.071181
0.036848
0.037019
0.068521
0.068499
0.067869
0.067597
0.066956
0.066628
0.066776
0.066581
0.066912
0.066443
0.065737
0.065797
0.035465
0.073826
0.073382
0.074178
0.040329
0.040189
0.064436
0.064532
0.088649
0.088575
0.087862
0.087611
0.085452
0.075592
0.074548
0.0736
0.037021
0.0373
0.036939
0.080686
0.079742
0.068951
0.068389
0.068009
0.067283
0.067474
0.066839
0.066594
0.066823
0.066548
0.066247
0.065713
0.065622
0.065127
0.074509
0.073942
0.072201
0.072493
0.069503
0.073834
0.064023
0.088675
0.064654
0.088339
0.08771
0.08815
0.079191
0.074491
0.073432
0.073381
0.072159
0.042772
0.080492
0.079514
0.069132
0.069494
0.06775
0.067506
0.067397
0.066863
0.066558
0.066306
0.066589
0.066414
0.065858
0.035641
0.074686
0.074421
0.073991
0.071126
0.070372
0.069706
0.074225
0.064757
0.065671
0.064629
0.064195
0.064751
0.0881
0.084123
0.074951
0.073886
0.073098
0.071984
0.071068
0.080721
0.069925
0.070117
0.069895
0.068524
0.068923
0.068303
0.067542
0.067607
0.06647
0.065386
0.065895
0.065487
0.035999
0.064998
0.041336
0.071756
0.06885
0.071524
0.069709
0.064585
0.064897
0.064641
0.064708
0.064851
0.06459
0.088428
0.086925
0.07695
0.074117
0.073424
0.072372
0.071268
0.070509
0.070512
0.071214
0.070085
0.068308
0.06858
0.067674
0.067475
0.067836
0.066725
0.066155
0.066184
0.065453
0.065333
0.065284
0.073642
0.072167
0.071175
0.071069
0.069327
0.064611
0.064515
0.064236
0.064197
0.064735
0.065163
0.088694
0.087612
0.082394
0.074407
0.07325
0.073024
0.071813
0.07119
0.07073
0.03725
0.068991
0.067613
0.068042
0.066749
0.066437
0.067013
0.066816
0.066849
0.066258
0.065569
0.065763
0.065757
0.074623
0.074236
0.07122
0.049622
0.070211
0.074109
0.064188
0.064102
0.064006
0.06491
0.065003
0.088266
0.088132
0.085758
0.076164
0.073468
0.073572
0.073067
0.07229
0.071904
0.070733
0.069031
0.068677
0.067139
0.076612
0.075731
0.066049
0.066265
0.066896
0.06598
0.065895
0.065618
0.065074
0.074584
0.071379
0.071862
0.070785
0.071073
0.065244
0.064402
0.074351
0.064824
0.065067
0.065209
0.088307
0.088362
0.087025
0.080437
0.073455
0.074201
0.073689
0.072686
0.071361
0.070189
0.069733
0.068084
0.077631
0.066619
0.075894
0.075925
0.075897
0.066145
0.036335
0.036215
0.065437
0.074806
0.052123
0.070113
0.071287
0.07216
0.071861
0.065393
0.065479
0.064183
0.088545
0.089929
0.089102
0.089124
0.088315
0.064031
0.062922
0.055464
0.074738
0.074306
0.073535
0.072458
0.071319
0.070111
0.068851
0.067941
0.067408
0.06649
0.065727
0.075304
0.074887
0.075125
0.065964
0.06556
0.074894
0.073127
0.071171
0.071286
0.051908
0.072226
0.065227
0.065441
0.065291
0.08902
0.090885
0.089996
0.088734
0.088348
0.064487
0.065187
0.059196
0.055632
0.054746
0.075061
0.053038
0.071833
0.070373
0.069496
0.068821
0.068228
0.067134
0.076179
0.075563
0.074885
0.0756
0.07522
0.075104
0.074841
0.074256
0.07217
0.070764
0.051774
0.071874
0.06558
0.066118
0.066088
0.065649
0.065827
0.090336
0.090843
0.0885
0.088079
0.065428
0.062931
0.056313
0.054709
0.07375
0.073716
0.072168
0.051577
0.069944
0.069699
0.068242
0.067436
0.066044
0.042442
0.07534
0.074659
0.074547
0.074593
0.075475
0.074425
0.053462
0.052346
0.051979
0.073951
0.066295
0.041222
0.065665
0.065671
0.065918
0.090132
0.090518
0.088743
0.089086
0.089975
0.06531
0.059377
0.054579
0.053874
0.053828
0.052862
0.051955
0.051402
0.070427
0.068724
0.067717
0.076518
0.036068
0.065544
0.075281
0.074802
0.074631
0.074583
0.0743
0.073824
0.051921
0.068976
0.072001
0.042042
0.041631
0.066173
0.066075
0.090443
0.091375
0.090893
0.090801
0.091866
0.090823
0.066574
0.063645
0.0561
0.054604
0.054045
0.05318
0.052005
0.051414
0.051638
0.069649
0.06785
0.076482
0.076091
0.066325
0.065947
0.074862
0.074215
0.074999
0.074187
0.073702
0.072098
0.070651
0.071679
0.042035
0.066394
0.066452
0.067674
0.06723
0.066901
0.090745
0.090674
0.092629
0.091973
0.090772
0.06592
0.05985
0.054659
0.055016
0.053927
0.05263
0.052152
0.051404
0.069949
0.067974
0.067273
0.066098
0.075954
0.036173
0.075255
0.074252
0.074779
0.07514
0.073152
0.071803
0.072864
0.07192
0.042481
0.066472
0.06788
0.093577
0.067863
0.067038
0.066856
0.092258
0.092787
0.090543
0.091809
0.090671
0.088571
0.057167
0.054756
0.05412
0.053106
0.05275
0.071221
0.070029
0.068677
0.067992
0.0665
0.066546
0.066321
0.075327
0.074858
0.075052
0.074586
0.073191
0.071894
0.07152
0.071448
0.067026
0.067352
0.068756
0.069366
0.067724
0.065855
0.066018
0.090233
0.06654
0.06598
0.091972
0.091582
0.067957
0.082831
0.055201
0.054876
0.053754
0.053617
0.07197
0.070756
0.069801
0.068468
0.067629
0.067269
0.066104
0.036434
0.036146
0.074781
0.073401
0.074428
0.070732
0.06924
0.071556
0.067766
0.067296
0.068522
0.068713
0.067219
0.066191
0.065619
0.066128
0.06591
0.06563
0.066395
0.067577
0.067826
0.065642
0.058676
0.055937
0.054098
0.053888
0.071961
0.07113
0.069705
0.068799
0.06736
0.067233
0.066548
0.036536
0.036426
0.041724
0.041464
0.071875
0.069258
0.068818
0.072817
0.068847
0.068751
0.070028
0.06917
0.068717
0.066456
0.066104
0.066499
0.067092
0.066352
0.066197
0.066756
0.065966
0.065021
0.062427
0.055562
0.054572
0.055088
0.07286
0.071181
0.070283
0.069183
0.068034
0.067693
0.0366
0.036684
0.065721
0.065519
0.042177
0.071953
0.071969
0.072286
0.074347
0.068225
0.070221
0.069735
0.06949
0.069135
0.068485
0.066671
0.042407
0.06647
0.066919
0.067974
0.066354
0.041144
0.040673
0.063999
0.080166
0.075399
0.055002
0.073512
0.072071
0.070601
0.07939
0.04987
0.067686
0.066923
0.066314
0.065802
0.065735
0.065452
0.035895
0.074299
0.041318
0.041563
0.065558
0.041189
0.041249
0.057959
0.06186
0.052993
0.061215
0.060694
0.059669
0.059163
0.058258
0.056674
0.05493
0.054729
0.052564
0.050821
0.050557
0.048936
0.04792
0.047502
0.047777
0.048215
0.048156
0.049992
0.049671
0.048177
0.049708
0.048348
0.049504
0.049725
0.049684
0.049457
0.047843
0.065371
0.065078
0.040834
0.057566
0.023566
0.023316
0.060909
0.052473
0.05185
0.051112
0.058004
0.055924
0.054844
0.054291
0.052326
0.051117
0.050694
0.049983
0.047847
0.04768
0.047855
0.04819
0.050069
0.04851
0.048264
0.047877
0.048272
0.049742
0.049548
0.049793
0.050069
0.051769
0.016215
0.065085
0.064371
0.040572
0.065613
0.023588
0.023528
0.061151
0.052813
0.051663
0.059351
0.057556
0.055408
0.054797
0.052619
0.051097
0.051248
0.050908
0.048718
0.047947
0.048341
0.048245
0.048298
0.048395
0.048433
0.049913
0.048115
0.048312
0.049661
0.048192
0.050262
0.051784
0.016576
0.01614
0.065225
0.065427
0.064176
0.057798
0.054123
0.05311
0.053008
0.052755
0.052489
0.051297
0.058048
0.055761
0.054775
0.052248
0.051433
0.05075
0.051691
0.050087
0.050322
0.050422
0.048655
0.049666
0.049788
0.051133
0.053216
0.050721
0.05019
0.052058
0.052229
0.017121
0.049819
0.016552
0.016008
0.065496
0.065499
0.065351
0.05826
0.054121
0.053351
0.053695
0.052427
0.052464
0.051244
0.05858
0.05536
0.054761
0.053085
0.051497
0.050466
0.048983
0.050443
0.050406
0.050123
0.0486
0.052263
0.05219
0.054529
0.05417
0.05306
0.052353
0.053231
0.017788
0.017202
0.05169
0.015939
0.015622
0.06766
0.067102
0.066474
0.058668
0.054164
0.061813
0.053226
0.052249
0.051645
0.051132
0.058844
0.05754
0.054728
0.053567
0.051436
0.050385
0.050215
0.050764
0.052468
0.054146
0.054564
0.053203
0.052531
0.054512
0.054439
0.053185
0.052295
0.05326
0.05217
0.016213
0.016204
0.016011
0.015629
0.066862
0.067126
0.066671
0.059048
0.054386
0.053355
0.060939
0.060653
0.05975
0.059153
0.058201
0.057152
0.055296
0.053704
0.051448
0.049134
0.051605
0.05128
0.053071
0.052789
0.054057
0.054342
0.053883
0.053802
0.052796
0.053019
0.052035
0.050904
0.049665
0.049641
0.047756
0.016017
0.016122
0.067226
0.06616
0.064844
0.059536
0.054508
0.0534
0.060871
0.059417
0.059121
0.020674
0.020224
0.018876
0.054692
0.053097
0.017849
0.05041
0.016388
0.052846
0.052464
0.050624
0.052669
0.052695
0.050374
0.051354
0.053075
0.051509
0.050848
0.050741
0.049292
0.049876
0.015993
0.047855
0.051197
0.06593
0.065476
0.06607
0.059801
0.076967
0.053924
0.061017
0.059563
0.059405
0.058362
0.020229
0.01906
0.018703
0.018497
0.017855
0.016534
0.016878
0.052542
0.05062
0.051106
0.050105
0.049732
0.051074
0.050713
0.051778
0.050844
0.052211
0.050266
0.051545
0.051635
0.050473
0.049395
0.05176
0.066638
0.089195
0.089208
0.060231
0.076098
0.053955
0.052786
0.060517
0.059463
0.058939
0.058388
0.019857
0.01956
0.019131
0.017862
0.016736
0.017272
0.051934
0.016555
0.051548
0.05021
0.049556
0.052145
0.052524
0.050103
0.049646
0.050431
0.051588
0.052807
0.051826
0.051646
0.050545
0.051598
0.093017
0.0907
0.090917
0.084815
0.055421
0.078476
0.053876
0.052862
0.060235
0.059284
0.058639
0.056566
0.019532
0.019252
0.018834
0.017168
0.016995
0.017439
0.017337
0.052228
0.052369
0.052281
0.052606
0.052461
0.051084
0.049474
0.049655
0.051767
0.052777
0.052144
0.050288
0.049493
0.051472
0.095619
0.093159
0.092484
0.087215
0.055534
0.078133
0.054369
0.053427
0.052526
0.051876
0.020525
0.019961
0.057214
0.056433
0.018453
0.017578
0.017438
0.016944
0.017346
0.017596
0.053949
0.052408
0.052256
0.053954
0.051959
0.049862
0.051828
0.052275
0.053777
0.051992
0.049616
0.050531
0.049342
0.095663
0.096922
0.092813
0.088144
0.079539
0.054786
0.055271
0.078143
0.053589
0.052489
0.051452
0.058163
0.057438
0.056839
0.019017
0.018549
0.017454
0.017734
0.017182
0.01771
0.053973
0.053518
0.052513
0.054183
0.051981
0.051883
0.052624
0.051712
0.051401
0.05264
0.05154
0.051711
0.050257
0.097227
0.096129
0.094416
0.091441
0.081007
0.05457
0.079745
0.055136
0.053283
0.052939
0.051577
0.058381
0.057719
0.01939
0.01892
0.018645
0.05516
0.054446
0.018015
0.016874
0.05288
0.052318
0.052438
0.017933
0.017668
0.052505
0.052434
0.050826
0.05171
0.051938
0.051918
0.0519
0.052299
0.098744
0.082713
0.081883
0.096113
0.082694
0.078694
0.079262
0.055022
0.0756
0.052961
0.051501
0.058784
0.057434
0.056728
0.055478
0.05454
0.054889
0.05475
0.018107
0.017308
0.017293
0.016839
0.017046
0.018108
0.017476
0.017881
0.017557
0.051772
0.051676
0.050471
0.052193
0.053108
0.051837
0.098602
0.081484
0.081509
0.098035
0.086535
0.080689
0.077124
0.077927
0.076531
0.075248
0.051566
0.050527
0.057827
0.01947
0.056139
0.054512
0.052988
0.053134
0.017912
0.018239
0.017305
0.017716
0.017668
0.017347
0.017854
0.054021
0.053201
0.053851
0.053068
0.05136
0.052649
0.051914
0.053456
0.097833
0.082657
0.081896
0.081189
0.090986
0.052268
0.078063
0.077934
0.076728
0.074881
0.073885
0.051275
0.058001
0.056691
0.055789
0.053454
0.052853
0.050709
0.0523
0.054014
0.017831
0.017831
0.054302
0.017172
0.017318
0.052407
0.052921
0.053734
0.0179
0.052296
0.052673
0.052536
0.053015
0.097566
0.097815
0.097765
0.080196
0.070106
0.082141
0.078095
0.076344
0.076136
0.074717
0.052172
0.051122
0.058194
0.05745
0.056379
0.054198
0.055116
0.053066
0.052048
0.052513
0.016815
0.01719
0.052234
0.053281
0.05309
0.053131
0.053981
0.053894
0.05385
0.05262
0.053318
0.053654
0.053908
0.082136
0.081526
0.097837
0.095918
0.072847
0.082768
0.0796
0.078384
0.054317
0.052961
0.052243
0.05156
0.058294
0.057709
0.057358
0.056408
0.055301
0.053922
0.054412
0.053763
0.052446
0.016886
0.053394
0.017953
0.05416
0.054088
0.054045
0.053935
0.054168
0.053695
0.053631
0.077298
0.052037
0.080788
0.081104
0.096753
0.097726
0.095513
0.086048
0.077518
0.07758
0.079479
0.053719
0.052369
0.05135
0.058618
0.057871
0.056786
0.056505
0.055551
0.054996
0.054625
0.05467
0.018169
0.01779
0.053284
0.054716
0.054363
0.054862
0.054408
0.054397
0.054258
0.053845
0.053786
0.053707
0.050675
0.11572
0.07995
0.09761
0.094223
0.094778
0.063065
0.056488
0.078083
0.055354
0.053281
0.052401
0.052629
0.050969
0.020192
0.057237
0.0192
0.018963
0.047738
0.047543
0.055138
0.018471
0.054546
0.054813
0.054411
0.054529
0.054784
0.046892
0.054041
0.053612
0.054213
0.053396
0.052009
0.050747
0.079448
0.079675
0.095943
0.094023
0.09383
0.090461
0.079716
0.055256
0.054498
0.053692
0.052586
0.052795
0.051583
0.020289
0.049657
0.0193
0.019112
0.048216
0.032647
0.055124
0.018453
0.054844
0.05446
0.054616
0.018286
0.054714
0.047178
0.054647
0.04707
0.054248
0.05292
0.051622
0.053643
0.079676
0.079649
0.09576
0.093609
0.067808
0.065652
0.059328
0.054737
0.054444
0.054105
0.053584
0.053022
0.05176
0.051075
0.050305
0.057364
0.019333
0.018843
0.032687
0.05514
0.018502
0.018288
0.054902
0.054814
0.018115
0.018407
0.054685
0.054787
0.054228
0.052818
0.053424
0.052821
0.053321
0.096862
0.0963
0.095484
0.093287
0.066848
0.065632
0.06397
0.056246
0.054857
0.054434
0.053443
0.052816
0.051785
0.051453
0.050702
0.019797
0.019319
0.01882
0.018635
0.032717
0.018335
0.018291
0.01839
0.054783
0.018374
0.018271
0.054526
0.054435
0.053019
0.050692
0.050797
0.051755
0.016577
0.096985
0.097413
0.096376
0.06827
0.066959
0.067081
0.066094
0.060004
0.056345
0.055175
0.053984
0.05288
0.052752
0.051844
0.050839
0.05753
0.049312
0.033448
0.033187
0.03309
0.01863
0.018551
0.018438
0.054733
0.054647
0.032507
0.04729
0.054111
0.017589
0.051903
0.051682
0.049539
0.047635
0.097119
0.095778
0.069223
0.06697
0.068243
0.066873
0.066812
0.062809
0.05673
0.054773
0.054025
0.053491
0.052478
0.052744
0.051022
0.050145
0.034277
0.033759
0.033087
0.033137
0.018563
0.01852
0.018447
0.018256
0.018236
0.018379
0.018257
0.054136
0.054129
0.053967
0.016522
0.015597
0.04776
0.095927
0.06912
0.069586
0.068706
0.068323
0.067971
0.067451
0.065533
0.05824
0.056406
0.055433
0.054075
0.0526
0.052115
0.051964
0.035392
0.034448
0.034322
0.033193
0.032849
0.018673
0.018358
0.018391
0.018333
0.018339
0.018213
0.032234
0.018275
0.054056
0.05286
0.049403
0.015652
0.047797
0.057881
0.069435
0.056093
0.069206
0.069106
0.0692
0.067599
0.067091
0.059763
0.057536
0.056002
0.055163
0.05362
0.052352
0.03629
0.035457
0.019888
0.034358
0.03411
0.033043
0.018569
0.018385
0.018329
0.018274
0.018254
0.018256
0.018342
0.01743
0.017125
0.05012
0.049826
0.015957
0.015715
0.082408
0.057395
0.056149
0.069624
0.078492
0.068069
0.093191
0.068078
0.065406
0.058732
0.056457
0.055107
0.0412
0.039416
0.036998
0.03596
0.034984
0.034459
0.034021
0.033427
0.032657
0.017521
0.01827
0.017929
0.018078
0.018217
0.01814
0.017824
0.01715
0.016053
0.050365
0.050065
0.048095
0.059082
0.057363
0.056033
0.078899
0.095673
0.069094
0.067523
0.068066
0.067059
0.059543
0.057141
0.041858
0.041717
0.040613
0.037965
0.036946
0.035788
0.034668
0.033981
0.033539
0.018585
0.018072
0.018356
0.017575
0.016854
0.016906
0.017488
0.017171
0.016905
0.016317
0.05197
0.050364
0.015953
0.058609
0.056266
0.080598
0.07838
0.070407
0.068379
0.066987
0.066868
0.067569
0.062722
0.057564
0.056862
0.04308
0.042021
0.040546
0.037579
0.036134
0.034859
0.033842
0.033771
0.018551
0.018093
0.018333
0.018303
0.017308
0.016287
0.017093
0.017827
0.017176
0.016804
0.016594
0.017201
0.015831
0.070619
0.056333
0.070365
0.06946
0.068766
0.068342
0.068087
0.066673
0.067569
0.065943
0.059548
0.057994
0.043242
0.041927
0.040577
0.037154
0.03599
0.035085
0.019677
0.033503
0.018743
0.018411
0.018057
0.017881
0.016535
0.016455
0.01725
0.01699
0.01694
0.052072
0.05199
0.052982
0.016113
0.056301
0.0707
0.070121
0.06871
0.068596
0.068859
0.068233
0.068537
0.067624
0.068185
0.064503
0.058935
0.043551
0.04226
0.040899
0.037952
0.035863
0.035286
0.034501
0.019143
0.018956
0.018574
0.018027
0.017376
0.017538
0.017128
0.016818
0.017117
0.016213
0.016081
0.016342
0.052503
0.051248
0.056513
0.057422
0.069713
0.069578
0.06742
0.067822
0.067437
0.068539
0.067286
0.067588
0.068124
0.06088
0.043312
0.042023
0.040407
0.038832
0.036173
0.03537
0.019893
0.019481
0.018886
0.018713
0.018343
0.017566
0.017543
0.016885
0.016848
0.017742
0.016423
0.016273
0.016245
0.017068
0.050934
0.070613
0.070136
0.069597
0.069208
0.066739
0.06702
0.067759
0.067706
0.068273
0.066825
0.055533
0.051618
0.058828
0.042522
0.040904
0.039555
0.037094
0.035801
0.011756
0.034106
0.019057
0.018728
0.018421
0.017611
0.017553
0.016995
0.017306
0.017062
0.016246
0.015974
0.016074
0.017371
0.016628
0.070779
0.070083
0.069807
0.070134
0.067789
0.068132
0.069366
0.06836
0.067796
0.043782
0.057065
0.055424
0.03461
0.042611
0.041366
0.040262
0.01323
0.011889
0.011683
0.011349
0.019333
0.019003
0.018495
0.018422
0.018323
0.017857
0.018065
0.017385
0.016263
0.049996
0.052135
0.017581
0.017077
0.056661
0.069665
0.070025
0.06924
0.069229
0.069492
0.070228
0.069293
0.069039
0.070157
0.070139
0.055723
0.044233
0.043338
0.041293
0.040956
0.013886
0.012591
0.012174
0.011593
0.011183
0.018821
0.018818
0.018595
0.032578
0.018466
0.018251
0.018213
0.017436
0.016593
0.016412
0.016191
0.016274
0.071099
0.057677
0.0564
0.069719
0.070149
0.044101
0.056233
0.044649
0.055851
0.069708
0.069014
0.043943
0.044055
0.044266
0.04195
0.042049
0.0412
0.013237
0.012324
0.011619
0.011175
0.033989
0.033266
0.033013
0.018668
0.01841
0.018326
0.018085
0.018183
0.052514
0.05216
0.05212
0.016714
0.070827
0.070911
0.057266
0.069961
0.070574
0.070136
0.056664
0.056143
0.056828
0.056395
0.03593
0.043268
0.044312
0.043667
0.043331
0.04253
0.041632
0.013931
0.012783
0.012279
0.03499
0.034004
0.033975
0.033397
0.032691
0.032698
0.032826
0.018432
0.018361
0.054051
0.05222
0.016324
0.051202
0.056636
0.056555
0.070917
0.056606
0.056519
0.056466
0.056362
0.03585
0.057169
0.044247
0.034727
0.043288
0.04437
0.043458
0.043535
0.043307
0.042917
0.040635
0.013495
0.036683
0.035384
0.035081
0.034591
0.033964
0.03319
0.032631
0.018526
0.032729
0.018619
0.01833
0.053795
0.052222
0.052191
0.071067
0.071302
0.05711
0.057193
0.056798
0.057548
0.058064
0.058775
0.035047
0.069962
0.043961
0.042355
0.042444
0.043265
0.043796
0.043776
0.042515
0.042513
0.041032
0.037629
0.036035
0.035481
0.035109
0.034518
0.034515
0.033663
0.032727
0.018625
0.018598
0.054936
0.054866
0.05402
0.05301
0.071006
0.056673
0.056804
0.056727
0.057735
0.0582
0.05802
0.03554
0.035501
0.056228
0.044264
0.042848
0.042832
0.043441
0.043791
0.043602
0.043556
0.042698
0.042201
0.039445
0.03705
0.035995
0.035735
0.035547
0.03474
0.033688
0.03294
0.032811
0.032786
0.054976
0.055281
0.054451
0.053321
0.043779
0.043159
0.043098
0.042186
0.041164
0.0411
0.040373
0.040029
0.039349
0.037471
0.03651
0.035808
0.035248
0.04992
0.049311
0.049269
0.03352
0.033152
0.034051
0.050964
0.034972
0.033984
0.033199
0.033092
0.032499
0.018548
0.018242
0.018205
0.018208
0.03207
0.032524
0.047886
0.032808
0.04233
0.042346
0.041985
0.041253
0.040547
0.040851
0.040391
0.039446
0.038951
0.037063
0.035912
0.035315
0.03498
0.04977
0.049258
0.033528
0.033908
0.034485
0.034599
0.03504
0.034684
0.034105
0.033617
0.033055
0.032335
0.018512
0.01825
0.018113
0.017838
0.018263
0.03248
0.032485
0.032643
0.04216
0.042125
0.041594
0.040747
0.0407
0.040885
0.040516
0.039618
0.038376
0.036716
0.036027
0.035326
0.03467
0.020675
0.020207
0.033514
0.03367
0.03451
0.035641
0.035777
0.034532
0.034738
0.034562
0.033082
0.032722
0.032811
0.032411
0.018318
0.018142
0.018131
0.018389
0.032027
0.032786
0.041716
0.041852
0.041382
0.040792
0.040232
0.04053
0.040125
0.025898
0.038873
0.036931
0.021965
0.021139
0.02089
0.020101
0.020187
0.033187
0.033362
0.033615
0.034683
0.034799
0.03425
0.034061
0.033768
0.033315
0.033223
0.033189
0.032843
0.03265
0.032045
0.032301
0.03211
0.018295
0.018412
0.042116
0.042323
0.041369
0.040285
0.040557
0.040742
0.040485
0.039963
0.038994
0.036907
0.035349
0.021084
0.020653
0.020306
0.020202
0.03333
0.03329
0.033421
0.034233
0.033715
0.033678
0.033595
0.033306
0.033191
0.033201
0.033167
0.032878
0.032512
0.032255
0.032121
0.01828
0.01813
0.018044
0.041464
0.041285
0.041048
0.040008
0.040495
0.040558
0.03995
0.039825
0.038908
0.036919
0.035879
0.035354
0.034394
0.034608
0.033887
0.033977
0.033939
0.033623
0.034214
0.033753
0.033733
0.033429
0.033394
0.033266
0.033288
0.033146
0.032653
0.018324
0.018251
0.018022
0.017713
0.017329
0.017081
0.041412
0.041044
0.04095
0.040572
0.040238
0.040111
0.02694
0.040218
0.038984
0.037005
0.036127
0.035436
0.03517
0.034365
0.034161
0.03469
0.03411
0.033809
0.034483
0.033652
0.033942
0.033423
0.03323
0.033045
0.032944
0.03318
0.032699
0.032065
0.018064
0.017684
0.017085
0.017061
0.016326
0.041267
0.041319
0.041024
0.04107
0.040018
0.027396
0.026229
0.025216
0.038956
0.037141
0.035973
0.035625
0.050625
0.034784
0.050597
0.050885
0.034577
0.034052
0.033749
0.033687
0.033205
0.03337
0.033367
0.033091
0.032608
0.032628
0.047535
0.018285
0.018028
0.017588
0.016918
0.017163
0.017232
0.040879
0.041045
0.041057
0.040802
0.040502
0.039986
0.040458
0.040146
0.039439
0.037492
0.036076
0.035959
0.035467
0.03528
0.051979
0.035455
0.05082
0.034318
0.034808
0.033813
0.033146
0.033503
0.033047
0.032862
0.032964
0.03261
0.046807
0.05358
0.017263
0.0175
0.017339
0.017186
0.017195
0.041101
0.040741
0.040189
0.040615
0.040718
0.02535
0.040399
0.040365
0.039557
0.037298
0.052818
0.03603
0.035778
0.035603
0.035473
0.035928
0.035641
0.034473
0.034065
0.034497
0.033238
0.033199
0.033076
0.032667
0.033163
0.047549
0.047241
0.053807
0.016191
0.017154
0.017095
0.017435
0.017092
0.041244
0.041108
0.04051
0.040021
0.02474
0.040445
0.054715
0.040154
0.039937
0.052893
0.05229
0.036133
0.036016
0.035282
0.035384
0.035196
0.034859
0.035389
0.034331
0.033716
0.033315
0.033328
0.033007
0.032953
0.032932
0.046895
0.01858
0.016888
0.01695
0.017555
0.016252
0.017113
0.051889
0.041084
0.041102
0.041001
0.04031
0.040286
0.054625
0.040812
0.040672
0.040296
0.052933
0.053247
0.03672
0.036828
0.036451
0.036034
0.035716
0.051939
0.035674
0.034387
0.033491
0.033157
0.033677
0.033078
0.032971
0.032965
0.018394
0.018318
0.017996
0.016934
0.017273
0.017324
0.017269
0.050513
0.040786
0.040655
0.041031
0.064632
0.040769
0.040216
0.054743
0.041193
0.041029
0.039098
0.052577
0.052499
0.052958
0.036761
0.035139
0.052113
0.051412
0.035467
0.034568
0.034374
0.033251
0.0329
0.032758
0.032971
0.032739
0.03257
0.032261
0.018142
0.053396
0.017171
0.016922
0.016639
0.015752
0.040785
0.040425
0.040536
0.040285
0.0406
0.040859
0.040467
0.054217
0.040457
0.054368
0.052858
0.051864
0.051679
0.036798
0.035411
0.051786
0.035584
0.033896
0.035148
0.034356
0.033448
0.033113
0.032743
0.032904
0.032589
0.032601
0.032485
0.032181
0.018152
0.017578
0.017248
0.016119
0.016026
0.040871
0.040556
0.040626
0.040603
0.040939
0.055023
0.040531
0.040782
0.053971
0.040802
0.037912
0.036338
0.036112
0.051919
0.052329
0.035835
0.035034
0.03484
0.034927
0.035798
0.034024
0.033394
0.032741
0.032989
0.032783
0.032598
0.032343
0.032237
0.018194
0.018043
0.016208
0.017195
0.01575
0.041398
0.040818
0.040652
0.06489
0.040846
0.053908
0.054429
0.054594
0.055557
0.055011
0.038447
0.037687
0.051947
0.036291
0.036088
0.035344
0.035637
0.036223
0.035637
0.035039
0.034755
0.033535
0.032459
0.032729
0.032717
0.032609
0.032484
0.032223
0.032007
0.017519
0.017644
0.017231
0.016517
0.041748
0.041309
0.041284
0.041044
0.062331
0.040633
0.054388
0.054277
0.054991
0.040845
0.038281
0.037544
0.036501
0.036251
0.035558
0.035296
0.035035
0.035474
0.035615
0.034454
0.033772
0.03426
0.032814
0.032436
0.032397
0.032237
0.018221
0.032242
0.032327
0.018191
0.018138
0.052748
0.051292
0.041417
0.041481
0.066468
0.041358
0.041143
0.056858
0.055763
0.041733
0.041643
0.040708
0.038374
0.03743
0.036419
0.036292
0.035624
0.035921
0.035799
0.034647
0.034142
0.034202
0.0335
0.033083
0.032524
0.032376
0.018437
0.018248
0.01815
0.018161
0.018139
0.01827
0.018197
0.017264
0.053163
0.066536
0.041518
0.066276
0.066633
0.064829
0.05977
0.055385
0.054629
0.055055
0.040769
0.053695
0.037313
0.036337
0.036447
0.036453
0.036709
0.036104
0.034916
0.033862
0.033723
0.03348
0.033178
0.03306
0.03271
0.018294
0.018188
0.018039
0.017902
0.01725
0.018137
0.018163
0.01809
0.017325
0.067123
0.041495
0.06762
0.068579
0.067408
0.063446
0.057063
0.054998
0.041081
0.041051
0.054295
0.038556
0.037317
0.038036
0.037189
0.035856
0.035182
0.034583
0.033946
0.033888
0.0015359
0.033452
0.033399
0.032755
0.03235
0.018297
0.018096
0.017643
0.017708
0.017837
0.017931
0.017604
0.053675
0.042999
0.042466
0.067398
0.067499
0.065962
0.066023
0.042062
0.055828
0.055596
0.041022
0.040147
0.038664
0.037466
0.03741
0.037631
0.036593
0.035663
0.034252
0.033442
0.033936
0.033551
0.033737
0.033266
0.033069
0.032735
0.032476
0.018097
0.017399
0.018167
0.017831
0.017472
0.017247
0.017041
0.043953
0.042961
0.042604
0.06597
0.065832
0.041665
0.042623
0.042106
0.042041
0.041097
0.041007
0.039848
0.03756
0.037765
0.036325
0.035549
0.035443
0.034468
0.034536
0.034286
0.034345
0.033777
0.033858
0.033375
0.032931
0.032416
0.018413
0.01816
0.018267
0.018006
0.017826
0.016782
0.053592
0.044286
0.04419
0.043619
0.042335
0.04188
0.041336
0.041986
0.042122
0.041726
0.041598
0.042186
0.040159
0.038251
0.037249
0.035862
0.035232
0.035933
0.035463
0.034673
0.034322
0.03444
0.034046
0.033383
0.033178
0.033078
0.032736
0.032416
0.03233
0.018274
0.018177
0.017987
0.017726
0.053772
0.044039
0.043603
0.070288
0.069548
0.04277
0.042117
0.064855
0.042055
0.0421
0.041859
0.042259
0.041179
0.039392
0.037136
0.036091
0.036123
0.035766
0.035942
0.03502
0.034664
0.034828
0.033602
0.033248
0.033028
0.032617
0.032755
0.047561
0.032564
0.032059
0.018207
0.054167
0.054049
0.054276
0.044277
0.044073
0.044236
0.043837
0.043202
0.041683
0.042047
0.041239
0.041384
0.042583
0.042365
0.040852
0.040127
0.038414
0.037668
0.036922
0.036944
0.036878
0.036207
0.036358
0.034876
0.03407
0.033547
0.033213
0.032762
0.047755
0.032788
0.032874
0.047941
0.046955
0.053929
0.047099
0.053817
0.044682
0.044252
0.044224
0.044296
0.043063
0.04342
0.042376
0.042044
0.04163
0.041568
0.041583
0.041341
0.039894
0.038453
0.038465
0.037894
0.037562
0.03675
0.035736
0.034584
0.034557
0.033993
0.033284
0.032885
0.032774
0.032728
0.048439
0.047986
0.032617
0.046921
0.054321
0.05416
0.046798
0.044331
0.044278
0.043965
0.044208
0.043951
0.043259
0.042391
0.042772
0.04263
0.042336
0.041303
0.041201
0.040706
0.039443
0.039098
0.037805
0.037535
0.037106
0.035557
0.0017441
0.033952
0.033638
0.032971
0.0327
0.032811
0.047523
0.04843
0.048084
0.047949
0.03247
0.054469
0.053926
0.054143
0.013048
0.044304
0.044575
0.044177
0.044439
0.043241
0.042307
0.042557
0.04334
0.043041
0.042932
0.042696
0.041549
0.040923
0.03838
0.038046
0.037705
0.037331
0.035407
0.0018113
0.034211
0.034291
0.033039
0.033048
0.032862
0.047509
0.03279
0.048064
0.047584
0.018252
0.054403
0.053943
0.05444
0.013464
0.035053
0.044853
0.0442
0.042687
0.043636
0.043194
0.043875
0.043362
0.043903
0.044094
0.043208
0.042921
0.041027
0.039271
0.03842
0.038598
0.037516
0.036065
0.001947
0.0015618
0.033362
0.033015
0.032927
0.033228
0.03317
0.032982
0.04787
0.047278
0.032574
0.054335
0.053931
0.054254
0.013022
0.035524
0.044663
0.044173
0.043035
0.042444
0.042962
0.04374
0.0044709
0.043805
0.034824
0.043741
0.042977
0.041532
0.0031492
0.037395
0.037956
0.037773
0.036943
0.035892
0.03403
0.033806
0.033806
0.033495
0.048767
0.048983
0.03303
0.04736
0.018366
0.054528
0.053919
0.054295
0.054346
0.014105
0.013719
0.035222
0.044317
0.043459
0.042309
0.043298
0.043795
0.0045971
0.0044468
0.043332
0.042934
0.042505
0.043017
0.040348
0.038084
0.037033
0.029566
0.037452
0.036662
0.035756
0.034731
0.03419
0.034406
0.048741
0.048286
0.048395
0.047773
0.032263
0.04696
0.054157
0.054163
0.047072
0.037064
0.037116
0.036042
0.035328
0.04415
0.043972
0.043894
0.044067
0.043478
0.043419
0.043103
0.043027
0.043118
0.042066
0.041005
0.038736
0.037553
0.038303
0.03768
0.036753
0.036447
0.034926
0.034897
0.050244
0.049146
0.048852
0.032986
0.047738
0.018444
0.018284
0.018085
0.054331
0.047211
0.037046
0.036433
0.036942
0.035051
0.035005
0.044014
0.044072
0.04413
0.0044723
0.043134
0.043401
0.04346
0.043302
0.041734
0.041364
0.039516
0.038951
0.038475
0.038073
0.037081
0.036488
0.035607
0.034658
0.034273
0.050055
0.04888
0.048299
0.032818
0.032519
0.054865
0.018254
0.054293
0.054406
0.037107
0.037037
0.036939
0.03497
0.044686
0.043588
0.044443
0.043685
0.043488
0.043078
0.043311
0.0429
0.043198
0.042338
0.041236
0.04005
0.03923
0.038481
0.037995
0.037361
0.036915
0.035503
0.034931
0.034102
0.033509
0.032923
0.03284
0.032848
0.048224
0.047795
0.047277
0.047128
0.047518
0.036441
0.036002
0.036449
0.035137
0.044841
0.044485
0.034947
0.035278
0.043601
0.042389
0.043507
0.034624
0.043824
0.043211
0.042258
0.042058
0.031578
0.038675
0.037999
0.037429
0.037193
0.035773
0.033997
0.033905
0.03365
0.033579
0.033171
0.033849
0.049257
0.048885
0.048101
0.047972
0.048297
0.037026
0.037304
0.037085
0.038255
0.035495
0.035652
0.036747
0.035729
0.044443
0.044615
0.034737
0.044344
0.034605
0.043864
0.03437
0.033886
0.032534
0.039228
0.037777
0.037906
0.037274
0.036493
0.03515
0.033927
0.034085
0.034411
0.033687
0.033493
0.049032
0.048516
0.048259
0.048083
0.048253
0.039052
0.039037
0.038391
0.039985
0.038231
0.036914
0.036202
0.061358
0.059712
0.037288
0.035165
0.035928
0.036195
0.035771
0.036421
0.034653
0.033237
0.031457
0.038531
0.029806
0.037864
0.02875
0.036335
0.034723
0.034081
0.034494
0.034148
0.033601
0.048918
0.048587
0.048996
0.048203
0.048713
0.039893
0.039916
0.033034
0.0392
0.037951
0.038252
0.060654
0.037
0.062228
0.038315
0.037844
0.038673
0.037798
0.038163
0.048938
0.034999
0.033847
0.032456
0.03065
0.030744
0.029473
0.029121
0.035967
0.035389
0.034598
0.033848
0.033875
0.033466
0.033314
0.048309
0.048448
0.047901
0.048434
0.040366
0.033092
0.033552
0.04038
0.038731
0.038772
0.03906
0.038309
0.039504
0.063028
0.038113
0.036583
0.035919
0.035944
0.049685
0.03699
0.035904
0.034209
0.031773
0.031057
0.029855
0.037397
0.036108
0.035329
0.034578
0.033966
0.034026
0.033855
0.033618
0.048266
0.048631
0.049279
0.048415
0.039991
0.033143
0.03729
0.035471
0.034625
0.031844
0.040219
0.03985
0.039443
0.039478
0.039169
0.036052
0.036447
0.036472
0.037429
0.037256
0.037172
0.036476
0.033727
0.030766
0.038542
0.037322
0.03613
0.034986
0.03454
0.033843
0.033842
0.033648
0.033366
0.033301
0.049139
0.049037
0.049137
0.033802
0.037482
0.037363
0.035941
0.0378
0.032941
0.032909
0.040112
0.039074
0.039814
0.039511
0.039575
0.039041
0.03817
0.036667
0.037706
0.037821
0.035854
0.034499
0.040374
0.038087
0.037852
0.037059
0.035942
0.034748
0.033708
0.033921
0.034116
0.034335
0.050862
0.049222
0.033427
0.033323
0.036374
0.037698
0.023526
0.037858
0.035872
0.035321
0.032949
0.032897
0.040192
0.040052
0.038948
0.03973
0.039321
0.039564
0.013653
0.0137
0.013752
0.035964
0.035942
0.011929
0.0032256
0.0028304
0.037857
0.036837
0.036031
0.034072
0.034601
0.034309
0.034385
0.033975
0.033727
0.033419
0.033159
0.024514
0.035653
0.034706
0.035546
0.023798
0.034553
0.035037
0.033802
0.033259
0.031887
0.043681
0.030207
0.030314
0.029668
0.042234
0.042674
0.040155
0.039846
0.026048
0.026663
0.027878
0.040732
0.03942
0.039032
0.03807
0.046578
0.046885
0.046126
0.045587
0.04417
0.043449
0.048825
0.049226
0.023983
0.037121
0.0241
0.03639
0.035043
0.034562
0.034308
0.033363
0.033111
0.032661
0.031145
0.030209
0.029761
0.02933
0.029151
0.040709
0.041293
0.04111
0.039887
0.040572
0.039528
0.040169
0.038197
0.038314
0.047706
0.046814
0.046443
0.045586
0.045572
0.044873
0.04518
0.043711
0.04293
0.022999
0.023916
0.024807
0.023633
0.035437
0.034056
0.033828
0.033969
0.032685
0.031995
0.030158
0.030013
0.029444
0.029808
0.028222
0.040525
0.041193
0.040881
0.039604
0.040933
0.039654
0.040252
0.040262
0.037957
0.037623
0.046665
0.046346
0.04521
0.044835
0.044292
0.043833
0.044821
0.043067
0.040028
0.035679
0.034708
0.034659
0.034623
0.034333
0.033509
0.033572
0.033386
0.020938
0.030106
0.043464
0.045941
0.043438
0.042311
0.041068
0.04078
0.041084
0.040581
0.039342
0.040967
0.040702
0.04019
0.03855
0.037476
0.04651
0.046137
0.044891
0.044317
0.042809
0.043844
0.049621
0.043038
0.035695
0.034445
0.034248
0.035811
0.034702
0.034053
0.033221
0.032724
0.045181
0.032241
0.044266
0.044101
0.044445
0.044826
0.044325
0.041401
0.040171
0.040779
0.04078
0.041209
0.03946
0.039373
0.039417
0.03926
0.046961
0.046639
0.046424
0.04511
0.044651
0.044353
0.044094
0.04372
0.041525
0.03482
0.03461
0.034692
0.035234
0.034331
0.033738
0.033727
0.033242
0.045625
0.044601
0.031429
0.043573
0.04293
0.029159
0.030067
0.041606
0.03973
0.041158
0.039894
0.03757
0.038847
0.039363
0.064732
0.04671
0.046516
0.046278
0.046188
0.045428
0.045886
0.075591
0.074392
0.044411
0.043708
0.034838
0.055789
0.055021
0.054809
0.047125
0.034102
0.034359
0.034152
0.04494
0.045533
0.032514
0.043868
0.030434
0.061713
0.045244
0.04142
0.039986
0.040476
0.038886
0.037552
0.039441
0.038166
0.047834
0.045624
0.045725
0.045905
0.045482
0.045776
0.062509
0.076575
0.045218
0.044547
0.042849
0.03479
0.034702
0.03448
0.037851
0.03482
0.036513
0.034515
0.046348
0.045232
0.032252
0.045589
0.043971
0.060152
0.060134
0.059353
0.041707
0.041115
0.040799
0.039585
0.039471
0.038308
0.046695
0.046672
0.046194
0.045629
0.046098
0.044981
0.045504
0.04609
0.046197
0.044348
0.044153
0.042239
0.034458
0.034751
0.034715
0.024223
0.034633
0.036153
0.02386
0.032466
0.03315
0.030501
0.063315
0.063596
0.062673
0.060337
0.058766
0.04171
0.041399
0.041084
0.039461
0.048131
0.037379
0.046688
0.046446
0.046138
0.045992
0.045489
0.044801
0.046077
0.045879
0.045114
0.044284
0.043847
0.042798
0.024242
0.0368
0.023148
0.023574
0.024344
0.035691
0.02387
0.035284
0.035111
0.034799
0.065855
0.065278
0.031057
0.028951
0.057007
0.044695
0.041477
0.041359
0.040059
0.046947
0.046814
0.046156
0.045107
0.04613
0.045415
0.045223
0.045169
0.045504
0.045238
0.074329
0.074447
0.043954
0.073213
0.036794
0.024434
0.024518
0.023204
0.024064
0.024977
0.026257
0.035542
0.035515
0.035156
0.034648
0.034009
0.032259
0.043863
0.031276
0.029445
0.040632
0.040589
0.039559
0.04691
0.04675
0.046684
0.045757
0.046102
0.045851
0.074162
0.045556
0.045082
0.073494
0.073623
0.074422
0.073301
0.072977
0.024249
0.04057
0.024702
0.025161
0.037133
0.036231
0.026597
0.035731
0.035592
0.037132
0.034812
0.034231
0.033122
0.031649
0.028911
0.044719
0.041712
0.041316
0.04069
0.038571
0.046835
0.046688
0.045326
0.044436
0.045498
0.045729
0.075075
0.073674
0.072387
0.073054
0.073454
0.074018
0.073515
0.041341
0.041984
0.024187
0.026449
0.026654
0.036612
0.036347
0.03754
0.035611
0.034988
0.034587
0.061992
0.032863
0.061413
0.042916
0.041765
0.041327
0.041307
0.040537
0.038356
0.046881
0.04617
0.044892
0.043431
0.044111
0.045057
0.073655
0.073874
0.073814
0.075368
0.074361
0.073783
0.073247
0.042214
0.024287
0.041877
0.026526
0.02669
0.036473
0.034744
0.034324
0.035499
0.035197
0.033247
0.033042
0.032403
0.03056
0.042263
0.041221
0.066592
0.040301
0.040461
0.038569
0.03786
0.046705
0.044603
0.044229
0.044436
0.044902
0.07216
0.072132
0.072993
0.074816
0.075062
0.034225
0.048379
0.040224
0.041654
0.024561
0.043414
0.026379
0.026153
0.02572
0.025249
0.0349
0.023742
0.033309
0.030964
0.030725
0.042996
0.041346
0.041638
0.041274
0.03967
0.038479
0.038205
0.047284
0.046718
0.046225
0.044801
0.044592
0.072613
0.071715
0.071541
0.033552
0.07445
0.075001
0.048161
0.048449
0.042231
0.02406
0.024023
0.04265
0.025383
0.03714
0.02654
0.026603
0.026161
0.024345
0.022636
0.020702
0.044926
0.043037
0.04267
0.041831
0.041003
0.039677
0.039209
0.038291
0.047427
0.046734
0.045899
0.046004
0.046371
0.045824
0.073881
0.073281
0.073558
0.049483
0.034484
0.048134
0.03398
0.024004
0.035874
0.025078
0.025385
0.026402
0.026361
0.026167
0.025273
0.034241
0.024389
0.024111
0.032788
0.031667
0.045194
0.042255
0.042258
0.041493
0.04129
0.040688
0.037902
0.037762
0.04679
0.046469
0.046532
0.046511
0.046438
0.046408
0.075289
0.073692
0.074023
0.074474
0.075471
0.074742
0.02451
0.024532
0.025372
0.026422
0.02654
0.026513
0.025208
0.025848
0.025734
0.023698
0.033485
0.032175
0.031044
0.060256
0.029217
0.03102
0.042422
0.040972
0.039543
0.037976
0.047049
0.046771
0.046943
0.046754
0.037195
0.038017
0.046497
0.046197
0.074102
0.073999
0.074284
0.075519
0.074545
0.025009
0.042368
0.025936
0.044008
0.043924
0.025444
0.026464
0.026613
0.026238
0.033994
0.033563
0.061312
0.060659
0.05905
0.042571
0.043284
0.041532
0.039825
0.039686
0.038233
0.047161
0.047
0.047273
0.046644
0.047027
0.046536
0.046353
0.045228
0.044951
0.044277
0.044791
0.044813
0.075651
0.025573
0.026432
0.044041
0.043928
0.043905
0.041854
0.026695
0.026634
0.03599
0.0341
0.033035
0.031757
0.029935
0.043911
0.042849
0.041754
0.041127
0.039874
0.039681
0.038
0.038258
0.038305
0.06543
0.047309
0.04661
0.046466
0.046378
0.046158
0.045342
0.045099
0.045267
0.045338
0.045492
0.025577
0.026185
0.026566
0.026725
0.026498
0.02662
0.026386
0.036219
0.035184
0.034682
0.06151
0.063377
0.031298
0.043638
0.04263
0.041659
0.040869
0.03999
0.040369
0.066502
0.040365
0.039496
0.039687
0.03815
0.046593
0.046183
0.045371
0.045187
0.04534
0.045546
0.045469
0.045982
0.074747
0.025398
0.026749
0.026739
0.026663
0.025682
0.025408
0.026227
0.025378
0.035287
0.035668
0.064707
0.064182
0.030866
0.044784
0.042828
0.04257
0.042285
0.04123
0.040771
0.067048
0.040609
0.066663
0.039881
0.038143
0.046924
0.046664
0.046467
0.044907
0.030588
0.045834
0.046115
0.044925
0.046071
0.02692
0.026818
0.026795
0.026844
0.02541
0.025365
0.039683
0.025902
0.036185
0.065233
0.063136
0.064348
0.06537
0.06274
0.044572
0.043067
0.04255
0.04105
0.067014
0.066243
0.066306
0.06481
0.039467
0.039362
0.063155
0.046908
0.046491
0.045985
0.046069
0.04502
0.044616
0.044148
0.044772
0.0268
0.026623
0.026866
0.026839
0.026614
0.04381
0.043252
0.03578
0.035317
0.035561
0.063226
0.06269
0.065613
0.064627
0.032106
0.058764
0.072043
0.041498
0.041374
0.040862
0.040194
0.06511
0.038855
0.066172
0.064389
0.062928
0.046786
0.046468
0.046327
0.046225
0.045491
0.044915
0.045238
0.043998
0.026239
0.026657
0.026667
0.025445
0.024266
0.042217
0.023511
0.035084
0.066641
0.066224
0.066401
0.065916
0.065023
0.062678
0.044028
0.043103
0.041814
0.041789
0.040763
0.039627
0.038257
0.040292
0.064339
0.062419
0.03743
0.038003
0.04678
0.046403
0.046272
0.045554
0.045839
0.0459
0.026834
0.02691
0.026805
0.026761
0.02574
0.0097261
0.024693
0.022916
0.034256
0.034964
0.066936
0.067978
0.065523
0.066243
0.062862
0.061035
0.042868
0.071371
0.041956
0.041501
0.038762
0.039591
0.039547
0.038355
0.047163
0.046658
0.046953
0.046558
0.046481
0.045796
0.045537
0.045705
0.046127
0.02655
0.026347
0.026728
0.044372
0.026496
0.02429
0.02498
0.023159
0.024126
0.034714
0.033995
0.068057
0.064194
0.065206
0.03149
0.044174
0.043994
0.041987
0.04159
0.03995
0.039463
0.039633
0.039197
0.04795
0.04708
0.046673
0.046596
0.046553
0.046771
0.046389
0.046222
0.046274
0.046075
0.026218
0.026213
0.042835
0.043461
0.02505
0.023992
0.036822
0.0352
0.036554
0.036395
0.066784
0.0329
0.032082
0.033246
0.062623
0.031386
0.043245
0.042787
0.041741
0.040599
0.0397
0.038523
0.03873
0.038709
0.047912
0.03795
0.046624
0.037837
0.037968
0.037892
0.046353
0.046297
0.045836
0.026819
0.025516
0.041021
0.04339
0.041665
0.024105
0.034793
0.034733
0.023973
0.034646
0.046981
0.033195
0.03215
0.032844
0.031913
0.0313
0.043672
0.045074
0.041752
0.040186
0.047282
0.048406
0.039163
0.039841
0.038493
0.046817
0.046886
0.046877
0.046935
0.046135
0.046251
0.04655
0.045816
0.025254
0.024546
0.024516
0.038986
0.036375
0.034875
0.035501
0.035087
0.023988
0.037811
0.031917
0.046711
0.03241
0.047894
0.030876
0.047417
0.043975
0.043203
0.040887
0.025825
0.038189
0.025704
0.038654
0.038537
0.038076
0.046753
0.046676
0.047018
0.03186
0.046505
0.046542
0.046347
0.045504
0.025565
0.036674
0.023184
0.023433
0.035298
0.034897
0.034818
0.034772
0.034738
0.035435
0.050153
0.047387
0.031868
0.0455
0.032163
0.031393
0.043925
0.028607
0.028395
0.026515
0.038132
0.02579
0.038969
0.038822
0.047851
0.046735
0.046701
0.04663
0.031871
0.031415
0.046668
0.046374
0.04632
0.026824
0.023946
0.036352
0.023888
0.023266
0.057186
0.034503
0.034802
0.035621
0.055671
0.034646
0.023305
0.024327
0.06764
0.033981
0.033116
0.0438
0.028608
0.04128
0.028027
0.040698
0.039284
0.038644
0.038424
0.047259
0.046662
0.04637
0.031766
0.030947
0.031648
0.046523
0.046096
0.046348
0.025688
0.036171
0.035158
0.036848
0.036816
0.034964
0.0346
0.035311
0.034311
0.034735
0.035478
0.036548
0.025336
0.035521
0.069121
0.032178
0.044195
0.041989
0.041447
0.040901
0.039303
0.04791
0.04756
0.038197
0.046917
0.03157
0.046047
0.046456
0.031916
0.031866
0.030946
0.045963
0.030581
0.026252
0.035969
0.035185
0.03772
0.034979
0.034986
0.034353
0.034672
0.034336
0.059637
0.023957
0.036861
0.034827
0.069079
0.033923
0.032444
0.04716
0.043318
0.042549
0.041901
0.040587
0.039249
0.037959
0.048124
0.047287
0.04687
0.045446
0.046447
0.046667
0.046708
0.046371
0.04565
0.045305
0.025673
0.025677
0.037478
0.036143
0.035012
0.035293
0.03496
0.035919
0.034824
0.034778
0.023598
0.040682
0.036502
0.036071
0.067405
0.032867
0.044524
0.04424
0.043675
0.042091
0.041896
0.040257
0.048289
0.048087
0.04718
0.046956
0.046796
0.046755
0.046647
0.04662
0.046557
0.046047
0.045247
0.027143
0.027122
0.025803
0.023585
0.024591
0.02469
0.035773
0.024212
0.025509
0.025096
0.025468
0.041888
0.039095
0.03526
0.033258
0.046304
0.044934
0.044451
0.044117
0.072241
0.070439
0.040497
0.039958
0.039252
0.047031
0.046939
0.046864
0.046792
0.046242
0.046148
0.046326
0.0462
0.045829
0.02866
0.02709
0.025864
0.025752
0.024878
0.024862
0.025556
0.025821
0.025919
0.024813
0.025446
0.043777
0.041946
0.072072
0.033964
0.03163
0.046619
0.031357
0.044172
0.043596
0.043007
0.040696
0.041289
0.038158
0.038919
0.04829
0.046902
0.045974
0.044716
0.04503
0.045465
0.045701
0.045819
0.012574
0.02729
0.026947
0.026542
0.026889
0.02689
0.026783
0.026704
0.026759
0.02514
0.026473
0.025904
0.041807
0.039877
0.071808
0.048406
0.047193
0.032557
0.062958
0.044479
0.071386
0.040971
0.040329
0.039265
0.047501
0.047302
0.046595
0.046302
0.045757
0.045818
0.046134
0.045569
0.045393
0.029773
0.028423
0.02705
0.026885
0.027029
0.026606
0.026954
0.026927
0.026826
0.026707
0.042042
0.042987
0.042342
0.041461
0.036814
0.034682
0.03401
0.035099
0.032701
0.063342
0.072393
0.041935
0.040677
0.040038
0.038125
0.047231
0.04707
0.046613
0.04627
0.046011
0.046126
0.045921
0.045599
0.013292
0.027368
0.027293
0.027233
0.02723
0.027163
0.027567
0.027086
0.026952
0.026819
0.025497
0.026545
0.042877
0.043839
0.040857
0.035921
0.035304
0.034573
0.033551
0.0471
0.04382
0.042614
0.041908
0.041416
0.03884
0.038274
0.047237
0.046557
0.046338
0.04661
0.046451
0.045568
0.030772
0.029751
0.0274
0.027356
0.028133
0.029254
0.027109
0.028285
0.027015
0.02707
0.026844
0.025982
0.025808
0.025713
0.02573
0.043668
0.038094
0.03608
0.035666
0.033717
0.032726
0.031568
0.043381
0.04302
0.041636
0.039826
0.047489
0.047367
0.047002
0.046818
0.046707
0.046565
0.04671
0.045633
0.012604
0.027423
0.029342
0.029956
0.029309
0.029189
0.027184
0.026961
0.027085
0.026591
0.026913
0.026931
0.026733
0.043845
0.025768
0.026714
0.036716
0.033856
0.025129
0.022575
0.030544
0.044769
0.043933
0.042146
0.03971
0.038419
0.038326
0.047727
0.047242
0.047059
0.046885
0.046802
0.046008
0.069849
0.043039
0.066944
0.064098
0.057081
0.055831
0.042039
0.041214
0.040779
0.052868
0.051498
0.051247
0.050952
0.050588
0.050057
0.049286
0.048693
0.048643
0.04807
0.055244
0.055218
0.054792
0.054664
0.054676
0.05386
0.047257
0.054845
0.054773
0.047229
0.047075
0.047422
0.048337
0.047716
0.066973
0.066652
0.067534
0.064265
0.05767
0.04167
0.041072
0.040843
0.054746
0.053069
0.052075
0.052352
0.051931
0.051681
0.050193
0.049946
0.049302
0.048926
0.048432
0.055302
0.047371
0.055138
0.055058
0.054481
0.054936
0.047071
0.047615
0.047135
0.047178
0.04722
0.04733
0.048289
0.049753
0.069191
0.067913
0.066992
0.066137
0.057732
0.041674
0.054102
0.053444
0.039586
0.037944
0.052752
0.052781
0.052229
0.051997
0.051104
0.051134
0.049791
0.067496
0.067593
0.065668
0.07551
0.047647
0.065394
0.054758
0.047251
0.054797
0.065005
0.066488
0.065428
0.065746
0.047189
0.048084
0.067926
0.056389
0.06948
0.068548
0.064447
0.056401
0.055064
0.054473
0.040484
0.053372
0.052662
0.053579
0.052752
0.052192
0.053181
0.05201
0.050593
0.050541
0.049061
0.066847
0.066405
0.065506
0.075593
0.065317
0.06543
0.066115
0.065319
0.047456
0.065676
0.065976
0.047343
0.065634
0.065985
0.066761
0.056037
0.069559
0.069555
0.043259
0.043128
0.056653
0.055328
0.055128
0.054117
0.053564
0.053526
0.052963
0.052044
0.052684
0.070998
0.051127
0.04998
0.049418
0.067142
0.067488
0.067442
0.065687
0.065533
0.065727
0.066019
0.04816
0.06611
0.065356
0.066074
0.047939
0.066619
0.066592
0.06644
0.069849
0.06909
0.067538
0.043425
0.042165
0.042084
0.055391
0.055623
0.054493
0.054319
0.055397
0.054758
0.053608
0.05201
0.072036
0.052037
0.069795
0.068907
0.069781
0.067509
0.037929
0.06685
0.067024
0.067239
0.066283
0.066005
0.066806
0.066243
0.066329
0.066648
0.06649
0.066737
0.066568
0.05613
0.067996
0.041783
0.041853
0.04268
0.057608
0.043454
0.042972
0.057164
0.056199
0.055647
0.054355
0.054131
0.053449
0.070434
0.071387
0.070621
0.071795
0.069857
0.038976
0.03838
0.067845
0.067579
0.067582
0.068204
0.049473
0.066461
0.067776
0.067672
0.066028
0.065133
0.065066
0.065749
0.057062
0.068768
0.04278
0.042547
0.043979
0.058414
0.058185
0.057612
0.056696
0.044864
0.055881
0.054764
0.053177
0.052553
0.050734
0.052311
0.071876
0.070566
0.069779
0.069042
0.06943
0.06873
0.068054
0.068246
0.068688
0.068395
0.067656
0.067861
0.068261
0.067682
0.066747
0.065242
0.065393
0.056314
0.068921
0.069443
0.067382
0.048221
0.046496
0.057882
0.045969
0.056929
0.04515
0.055086
0.054065
0.053673
0.051255
0.050658
0.051753
0.07124
0.070754
0.069494
0.038504
0.037797
0.068146
0.068458
0.03809
0.068944
0.06819
0.068327
0.068544
0.067528
0.06785
0.067501
0.066677
0.065082
0.034914
0.068788
0.068554
0.067834
0.061111
0.046593
0.046182
0.046288
0.045221
0.056544
0.055221
0.054405
0.053572
0.051206
0.05153
0.050267
0.069137
0.070586
0.069001
0.070243
0.069533
0.068917
0.068451
0.070081
0.069174
0.038548
0.068802
0.068062
0.067286
0.067106
0.067378
0.066853
0.066204
0.069573
0.067676
0.068177
0.067451
0.061155
0.046844
0.046169
0.057452
0.056794
0.056196
0.055627
0.054394
0.052615
0.052648
0.051762
0.050981
0.050145
0.050185
0.069852
0.06932
0.07023
0.070283
0.070005
0.070388
0.069243
0.070398
0.069545
0.068536
0.066364
0.06667
0.066669
0.066886
0.049024
0.06869
0.068316
0.067561
0.068864
0.061858
0.057858
0.057312
0.055883
0.055665
0.055093
0.054553
0.05291
0.051919
0.051932
0.050825
0.051462
0.049622
0.049492
0.049997
0.06997
0.069614
0.069514
0.068991
0.069884
0.0691
0.069423
0.051047
0.050036
0.048761
0.048661
0.067554
0.067485
0.066897
0.069588
0.068724
0.067791
0.068085
0.063466
0.04656
0.046385
0.05719
0.054989
0.055574
0.054327
0.053715
0.052541
0.051398
0.051359
0.050862
0.049956
0.049783
0.050474
0.050412
0.049607
0.067793
0.068654
0.070138
0.067475
0.0688
0.049497
0.050517
0.049674
0.067456
0.066959
0.066896
0.067449
0.068963
0.068622
0.068571
0.068945
0.065328
0.047223
0.058391
0.057408
0.056378
0.055078
0.055255
0.054355
0.053233
0.05219
0.052277
0.051282
0.050994
0.051502
0.049548
0.049748
0.050074
0.0498
0.049764
0.049966
0.049516
0.048839
0.049347
0.050291
0.04933
0.067811
0.067609
0.067647
0.066579
0.068027
0.06956
0.0685
0.069207
0.0664
0.047315
0.057886
0.043533
0.042243
0.055344
0.054057
0.055388
0.052572
0.052412
0.052599
0.051868
0.05157
0.052303
0.050838
0.049908
0.050607
0.050553
0.050181
0.050087
0.049881
0.049541
0.049363
0.050459
0.050235
0.049221
0.067036
0.067292
0.066744
0.068749
0.069041
0.067946
0.067724
0.067583
0.060021
0.057083
0.056321
0.056341
0.056588
0.055601
0.054309
0.037275
0.05208
0.052709
0.052834
0.051743
0.051582
0.035844
0.034482
0.050708
0.05178
0.05002
0.04939
0.049311
0.049305
0.050374
0.05039
0.051223
0.050184
0.067781
0.067662
0.067242
0.069309
0.044085
0.069901
0.055995
0.034671
0.061533
0.057731
0.041917
0.042174
0.054838
0.053674
0.037572
0.036916
0.037186
0.053716
0.052685
0.036136
0.051408
0.036027
0.035391
0.051521
0.050904
0.050477
0.049642
0.050297
0.050238
0.049389
0.049182
0.050742
0.051291
0.069554
0.06693
0.067421
0.044045
0.043711
0.034915
0.034897
0.035046
0.04421
0.043516
0.041559
0.043232
0.042689
0.056444
0.0552
0.038971
0.03769
0.037559
0.053114
0.035643
0.035567
0.028162
0.041428
0.051333
0.049914
0.050953
0.050464
0.049664
0.050773
0.04992
0.050334
0.050182
0.050555
0.051122
0.049714
0.049053
0.035276
0.034752
0.035431
0.034788
0.056039
0.052616
0.043447
0.043461
0.043627
0.034954
0.033403
0.032261
0.031688
0.029951
0.029719
0.053218
0.035231
0.035978
0.041555
0.041225
0.051347
0.051101
0.051106
0.05137
0.050419
0.05132
0.050424
0.050782
0.051302
0.050697
0.049925
0.050418
0.048279
0.036212
0.03552
0.034877
0.034843
0.034821
0.035416
0.034726
0.034908
0.034895
0.035612
0.034118
0.033258
0.031593
0.030692
0.030311
0.037702
0.036613
0.051248
0.051899
0.05169
0.051642
0.052181
0.051125
0.051449
0.051507
0.051153
0.050484
0.051054
0.051137
0.050899
0.067863
0.048531
0.048443
0.037124
0.036882
0.036127
0.03638
0.03512
0.035724
0.036057
0.035255
0.035497
0.035216
0.035595
0.03467
0.031897
0.030785
0.030351
0.029878
0.028669
0.052543
0.041559
0.051713
0.05176
0.051711
0.051299
0.040917
0.051675
0.050895
0.040784
0.051421
0.040816
0.051244
0.050258
0.04918
0.049376
0.037101
0.037545
0.036243
0.036082
0.036264
0.03658
0.037347
0.036464
0.035538
0.035577
0.035414
0.03345
0.031447
0.030842
0.031148
0.030246
0.030086
0.029315
0.041584
0.041805
0.041265
0.051475
0.051194
0.040892
0.051813
0.051312
0.051747
0.040911
0.041198
0.051418
0.068978
0.049691
0.067052
0.037728
0.038424
0.037277
0.035723
0.036038
0.038431
0.038848
0.037799
0.036475
0.035466
0.03505
0.034387
0.032885
0.031798
0.032227
0.031914
0.03035
0.029186
0.041843
0.042526
0.041437
0.041294
0.040989
0.051982
0.051435
0.050453
0.0515
0.041587
0.057162
0.050853
0.069885
0.049469
0.050326
0.036411
0.037859
0.03638
0.035959
0.037539
0.037835
0.03946
0.037391
0.037231
0.035847
0.035755
0.034975
0.033485
0.0321
0.031277
0.031806
0.045778
0.030495
0.028447
0.042398
0.052304
0.04125
0.041358
0.041075
0.051132
0.050868
0.051755
0.041485
0.057205
0.050664
0.040746
0.051058
0.050399
0.036327
0.037505
0.036725
0.036169
0.036218
0.036104
0.038178
0.037844
0.03603
0.036202
0.035561
0.034765
0.033622
0.032433
0.031943
0.031628
0.030982
0.030228
0.04436
0.04222
0.041799
0.041265
0.051192
0.051459
0.050384
0.052098
0.04155
0.041632
0.057151
0.051385
0.070207
0.069478
0.069411
0.037255
0.036778
0.036365
0.036202
0.037179
0.038464
0.037354
0.039701
0.038672
0.036548
0.035552
0.035529
0.033915
0.034068
0.033034
0.031925
0.032176
0.030282
0.029265
0.042602
0.041215
0.052025
0.05131
0.050667
0.051519
0.041015
0.05919
0.058866
0.041943
0.051366
0.070485
0.068558
0.068111
0.036497
0.035793
0.036432
0.036191
0.037764
0.037859
0.038517
0.03835
0.037264
0.038379
0.037123
0.035379
0.034953
0.033318
0.031933
0.032713
0.032775
0.031747
0.030108
0.029412
0.041883
0.03577
0.051823
0.052053
0.051786
0.051472
0.051832
0.041726
0.04099
0.041249
0.070587
0.070722
0.069973
0.036081
0.035433
0.03643
0.036596
0.036196
0.03916
0.063183
0.062256
0.03732
0.036829
0.036169
0.034925
0.034631
0.03549
0.033674
0.032797
0.032328
0.031071
0.031299
0.029351
0.042006
0.042356
0.041636
0.041647
0.04112
0.051942
0.051661
0.041844
0.041199
0.040979
0.05684
0.070164
0.070851
0.03676
0.037297
0.037685
0.036682
0.038025
0.062659
0.063244
0.040268
0.039637
0.037824
0.035896
0.034497
0.03549
0.03639
0.03297
0.032428
0.030995
0.032012
0.03125
0.029668
0.042563
0.028343
0.041558
0.04128
0.051492
0.041161
0.051677
0.040825
0.040884
0.041553
0.040803
0.070508
0.07066
0.038062
0.037057
0.038599
0.03871
0.037451
0.061457
0.06401
0.051474
0.03146
0.036018
0.034983
0.044212
0.035175
0.034834
0.03312
0.032272
0.031447
0.032106
0.030608
0.046366
0.043974
0.041879
0.042486
0.041699
0.051731
0.052154
0.051949
0.051412
0.051603
0.041275
0.041538
0.040853
0.040593
0.037421
0.037711
0.040438
0.038886
0.038158
0.037116
0.063208
0.064312
0.039285
0.036718
0.034819
0.034714
0.03487
0.034569
0.03311
0.031058
0.031621
0.030855
0.031632
0.030666
0.029335
0.028298
0.028498
0.029057
0.042411
0.041131
0.051644
0.035673
0.051426
0.050953
0.040725
0.040963
0.057196
0.037928
0.036951
0.037823
0.038851
0.038115
0.059931
0.039227
0.063974
0.038079
0.035577
0.035466
0.035586
0.034714
0.03417
0.033662
0.031812
0.030727
0.029904
0.030377
0.029627
0.028902
0.029093
0.029133
0.029242
0.043709
0.042507
0.041147
0.035919
0.035468
0.051323
0.050765
0.05134
0.041028
0.036717
0.036169
0.036465
0.037924
0.038782
0.03875
0.061456
0.063976
0.039108
0.037939
0.037014
0.035705
0.035877
0.035779
0.034509
0.032926
0.031497
0.043985
0.045466
0.031659
0.030983
0.029533
0.029159
0.029666
0.028879
0.042811
0.02888
0.027715
0.035476
0.051536
0.050805
0.050878
0.041156
0.036374
0.036404
0.036155
0.037972
0.038818
0.040088
0.040496
0.031925
0.031803
0.040151
0.040001
0.038648
0.037005
0.035927
0.035502
0.034542
0.032676
0.031244
0.031229
0.047056
0.04665
0.03101
0.029765
0.029215
0.029825
0.02869
0.028495
0.036092
0.027781
0.05184
0.051539
0.051555
0.041118
0.040679
0.038229
0.038063
0.038897
0.038833
0.03947
0.040312
0.031636
0.031588
0.032366
0.051154
0.032546
0.038371
0.036406
0.035702
0.034267
0.032589
0.031931
0.04716
0.033562
0.031371
0.046421
0.030214
0.029233
0.030891
0.029802
0.028346
0.027732
0.035898
0.051911
0.040867
0.041288
0.04133
0.04129
0.040444
0.038472
0.041154
0.039133
0.038497
0.038731
0.031824
0.032771
0.040941
0.031533
0.031606
0.058182
0.037644
0.036231
0.035532
0.034445
0.048139
0.033586
0.047819
0.033064
0.031234
0.044245
0.04425
0.030676
0.030469
0.03025
0.028139
0.027772
0.040992
0.040963
0.04164
0.04268
0.041297
0.032171
0.041276
0.040258
0.040049
0.040694
0.040828
0.032041
0.033991
0.033353
0.033294
0.064187
0.063253
0.03936
0.036724
0.036501
0.047137
0.033885
0.03274
0.032517
0.032116
0.032242
0.030134
0.031075
0.031144
0.030659
0.029925
0.029068
0.028249
0.028349
0.041461
0.041584
0.042024
0.031996
0.033329
0.041353
0.040266
0.038955
0.038894
0.038811
0.033001
0.032862
0.033879
0.053711
0.03276
0.05112
0.032077
0.053237
0.052325
0.035831
0.034592
0.034481
0.032144
0.032169
0.031289
0.03196
0.030761
0.0312
0.046987
0.030402
0.030877
0.029923
0.042227
0.042539
0.043308
0.041958
0.0324
0.032318
0.04128
0.039071
0.038983
0.039941
0.040993
0.032054
0.040994
0.04045
0.051342
0.051613
0.052722
0.050508
0.044971
0.039475
0.038223
0.036513
0.033752
0.033155
0.034456
0.032599
0.032312
0.031439
0.030687
0.044901
0.030268
0.044472
0.045077
0.042951
0.028535
0.042716
0.042464
0.03935
0.039439
0.04133
0.03933
0.040647
0.040223
0.040815
0.041065
0.031787
0.04063
0.039874
0.040986
0.064661
0.052796
0.03237
0.031532
0.039754
0.039506
0.036794
0.03395
0.051052
0.039531
0.033584
0.048773
0.044568
0.043199
0.045616
0.0447
0.044303
0.04412
0.042935
0.042179
0.042597
0.038438
0.037556
0.039177
0.04015
0.041209
0.040922
0.032882
0.033118
0.03407
0.031808
0.031761
0.03154
0.034399
0.054524
0.055743
0.032638
0.039909
0.040012
0.039486
0.051543
0.050606
0.040721
0.040666
0.038813
0.046366
0.045182
0.047475
0.04484
0.046476
0.044707
0.041709
0.041401
0.042672
0.037019
0.037009
0.039145
0.041039
0.040627
0.033211
0.032274
0.032267
0.034198
0.033516
0.032863
0.032924
0.03533
0.033786
0.032609
0.040461
0.032008
0.039821
0.052817
0.051838
0.050422
0.051043
0.050653
0.049171
0.0481
0.046125
0.044885
0.044645
0.042878
0.042363
0.041179
0.041613
0.051404
0.064928
0.06595
0.065074
0.062112
0.063617
0.054247
0.054782
0.054825
0.040638
0.053945
0.053163
0.053302
0.053881
0.052911
0.053059
0.042036
0.042092
0.041577
0.042093
0.042436
0.044086
0.045678
0.045241
0.044016
0.061246
0.0581
0.040764
0.050827
0.050486
0.050675
0.051414
0.050683
0.050811
0.064829
0.064921
0.064603
0.062224
0.055248
0.054195
0.054693
0.056019
0.040532
0.053517
0.053043
0.052865
0.053422
0.053635
0.053498
0.04255
0.042606
0.041524
0.041663
0.042415
0.044018
0.060889
0.044416
0.041558
0.057989
0.041242
0.040877
0.057008
0.069769
0.069936
0.070083
0.051401
0.050711
0.06492
0.06434
0.064642
0.062968
0.055673
0.054058
0.054833
0.054391
0.040633
0.053402
0.05359
0.052432
0.05223
0.053287
0.042914
0.042773
0.042797
0.041329
0.042158
0.043142
0.04284
0.061153
0.043588
0.041943
0.056955
0.058398
0.041681
0.057409
0.040692
0.051458
0.069556
0.070126
0.040533
0.063955
0.064313
0.064619
0.062355
0.0556
0.053556
0.054552
0.05404
0.053906
0.053213
0.0526
0.052334
0.051859
0.053953
0.042363
0.041936
0.043076
0.042496
0.042827
0.042755
0.059351
0.041957
0.058386
0.058768
0.058431
0.059167
0.057653
0.058879
0.057648
0.041002
0.051473
0.051447
0.050954
0.064834
0.023822
0.040247
0.063041
0.055648
0.054476
0.055302
0.053936
0.053538
0.053792
0.053947
0.053246
0.052906
0.052744
0.042314
0.052716
0.041413
0.041879
0.05947
0.042748
0.05893
0.041324
0.058175
0.057763
0.058361
0.058325
0.057401
0.057245
0.057849
0.041437
0.040485
0.050213
0.050853
0.064775
0.063924
0.040912
0.063342
0.056803
0.05603
0.056274
0.054913
0.054548
0.053886
0.05411
0.054577
0.053868
0.053534
0.042508
0.042127
0.042594
0.042368
0.059182
0.057709
0.058049
0.059303
0.058328
0.058353
0.031888
0.031825
0.031877
0.057337
0.040947
0.040971
0.040764
0.050934
0.049902
0.065483
0.065019
0.064629
0.064206
0.056895
0.055931
0.055712
0.055358
0.056079
0.0557
0.05488
0.044356
0.054732
0.042978
0.042676
0.042945
0.041435
0.052413
0.05795
0.059139
0.058682
0.058301
0.058379
0.057161
0.030617
0.032035
0.058412
0.057824
0.041828
0.056976
0.040599
0.050611
0.050866
0.064506
0.065627
0.041724
0.064559
0.057757
0.042403
0.043531
0.056776
0.045297
0.056188
0.044987
0.05503
0.043511
0.043028
0.043441
0.058464
0.041697
0.070866
0.058718
0.058316
0.058856
0.031958
0.057636
0.030862
0.031779
0.031897
0.058307
0.057687
0.056602
0.05768
0.05113
0.049289
0.050857
0.065874
0.065451
0.041898
0.064405
0.058264
0.056257
0.043204
0.045801
0.045312
0.055711
0.044534
0.044518
0.043591
0.043666
0.043463
0.041754
0.057687
0.058875
0.057809
0.058581
0.03124
0.03136
0.031597
0.031887
0.032227
0.032035
0.058179
0.059029
0.056839
0.05792
0.040644
0.049898
0.040499
0.067382
0.04172
0.06645
0.065206
0.058558
0.055299
0.04208
0.057237
0.045825
0.044785
0.045668
0.044174
0.043492
0.042912
0.043269
0.041991
0.057597
0.058104
0.057964
0.058314
0.031781
0.032346
0.032354
0.032695
0.058767
0.033088
0.031169
0.057991
0.056799
0.051402
0.051212
0.050581
0.050804
0.06765
0.067573
0.066794
0.065877
0.059492
0.056064
0.041404
0.056259
0.056903
0.045129
0.045024
0.043891
0.054025
0.042862
0.059219
0.058424
0.06037
0.057617
0.057891
0.058132
0.031599
0.032352
0.033486
0.058462
0.032592
0.058873
0.05706
0.056852
0.056811
0.051601
0.050867
0.050166
0.04938
0.066935
0.066698
0.066033
0.066368
0.062173
0.057048
0.041706
0.056535
0.057277
0.056709
0.044954
0.044111
0.045087
0.043895
0.060281
0.058763
0.032055
0.059476
0.032109
0.031539
0.03216
0.031936
0.032389
0.060425
0.059029
0.058225
0.058137
0.058052
0.040931
0.051149
0.05642
0.05035
0.050023
0.041391
0.066984
0.06664
0.067374
0.063566
0.057857
0.056003
0.057064
0.057094
0.055569
0.044702
0.045285
0.045295
0.061831
0.06084
0.05939
0.05905
0.059099
0.033006
0.059321
0.05939
0.058581
0.057291
0.05885
0.061105
0.059411
0.058328
0.057184
0.041046
0.041246
0.05622
0.068729
0.050719
0.041376
0.065042
0.065842
0.066718
0.066076
0.058203
0.05708
0.056055
0.057349
0.056739
0.045864
0.043994
0.061196
0.061283
0.060993
0.05866
0.059725
0.059503
0.059397
0.058498
0.058345
0.057397
0.039414
0.056764
0.056977
0.057971
0.04111
0.051519
0.056723
0.058412
0.05811
0.070026
0.069941
0.041378
0.065746
0.066623
0.042955
0.043
0.042956
0.056401
0.057204
0.056628
0.056993
0.044634
0.061912
0.061311
0.061491
0.059623
0.060543
0.059795
0.059203
0.059354
0.057855
0.057207
0.057059
0.057802
0.057457
0.056689
0.056952
0.057457
0.051509
0.040865
0.057916
0.057834
0.056287
0.056096
0.041431
0.041332
0.041699
0.041813
0.042728
0.059632
0.055634
0.055902
0.055851
0.056805
0.056087
0.055429
0.054692
0.06002
0.042906
0.042281
0.059026
0.059072
0.058106
0.057348
0.051374
0.070861
0.057043
0.056914
0.057285
0.057392
0.056883
0.070351
0.051408
0.041028
0.057583
0.069808
0.038818
0.041794
0.041627
0.066691
0.043034
0.042176
0.060011
0.056796
0.055616
0.05526
0.05629
0.055768
0.055559
0.053198
0.054038
0.053418
0.072658
0.057986
0.057522
0.071758
0.05716
0.057131
0.071055
0.057643
0.058756
0.060159
0.057925
0.058238
0.056726
0.056757
0.041378
0.040973
0.069855
0.030239
0.042437
0.041179
0.066222
0.066046
0.065931
0.061132
0.055305
0.054262
0.055287
0.055816
0.056262
0.055736
0.053978
0.053866
0.053492
0.053221
0.058167
0.071346
0.06905
0.069511
0.057251
0.057877
0.058456
0.058378
0.059034
0.059588
0.059129
0.057682
0.056511
0.05678
0.057015
0.056267
0.069829
0.042289
0.041039
0.066007
0.066521
0.065886
0.063527
0.055949
0.054748
0.055313
0.055678
0.054609
0.055559
0.054627
0.054864
0.054092
0.053581
0.052699
0.05157
0.071203
0.070742
0.057107
0.058679
0.060836
0.058506
0.05996
0.058863
0.057856
0.058637
0.057149
0.070677
0.056265
0.069908
0.068943
0.041691
0.04139
0.065828
0.065107
0.066067
0.064966
0.056886
0.055291
0.054054
0.05481
0.054654
0.054592
0.055102
0.055011
0.04391
0.053756
0.042366
0.052492
0.052217
0.051459
0.070422
0.057797
0.058715
0.031509
0.057243
0.057689
0.058243
0.056941
0.070595
0.070083
0.070637
0.069671
0.067665
0.041131
0.041736
0.065704
0.065998
0.065888
0.065554
0.059383
0.05566
0.054345
0.05515
0.055761
0.056245
0.055517
0.044549
0.061523
0.059639
0.059033
0.042106
0.052073
0.071647
0.057344
0.058582
0.031662
0.057797
0.057668
0.060156
0.057643
0.056713
0.070957
0.057156
0.069709
0.066779
0.06763
0.04057
0.041172
0.065503
0.040935
0.064856
0.065883
0.062962
0.054524
0.054321
0.055573
0.056443
0.055953
0.055557
0.043979
0.043539
0.043084
0.042811
0.042262
0.041918
0.058059
0.059208
0.060069
0.059649
0.059806
0.058343
0.060187
0.059872
0.057248
0.056673
0.069658
0.068441
0.06664
0.066462
0.04128
0.041169
0.041205
0.065375
0.041448
0.066594
0.065339
0.057115
0.056239
0.056183
0.056578
0.055922
0.055369
0.055785
0.043699
0.05435
0.053863
0.053088
0.042623
0.042912
0.059804
0.061033
0.059277
0.033356
0.03269
0.060154
0.059022
0.0574
0.070911
0.069751
0.069601
0.06762
0.066314
0.041023
0.041568
0.041471
0.042279
0.066233
0.066009
0.065546
0.05954
0.056304
0.055188
0.054699
0.055289
0.054837
0.055723
0.055396
0.054716
0.061588
0.042629
0.058183
0.057974
0.058472
0.058399
0.058708
0.059385
0.032634
0.032967
0.058517
0.057647
0.070314
0.069789
0.068273
0.067506
0.066334
0.041467
0.042125
0.041969
0.042123
0.041799
0.040899
0.041472
0.041091
0.041525
0.055996
0.055428
0.054932
0.053848
0.054386
0.053981
0.060195
0.06001
0.060037
0.060693
0.058839
0.058068
0.058429
0.058725
0.05934
0.058484
0.058421
0.057873
0.07075
0.069047
0.050127
0.067678
0.067232
0.065941
0.0416
0.042584
0.043049
0.042686
0.041738
0.042049
0.042596
0.041277
0.041562
0.04171
0.054293
0.054001
0.053924
0.053986
0.054748
0.07484
0.060398
0.060066
0.060132
0.05879
0.058199
0.059125
0.05893
0.032835
0.071405
0.057132
0.057579
0.069535
0.069342
0.049665
0.04914
0.066844
0.066435
0.041428
0.042078
0.043118
0.043015
0.042037
0.041496
0.041096
0.041622
0.041493
0.041445
0.041625
0.054032
0.05452
0.054244
0.054245
0.054643
0.061808
0.059972
0.042789
0.058101
0.05802
0.058094
0.05783
0.057773
0.071354
0.071493
0.070455
0.07017
0.069927
0.0502
0.049356
0.067036
0.067026
0.042611
0.042743
0.043576
0.044573
0.042359
0.041879
0.041492
0.041877
0.042204
0.041523
0.055816
0.05523
0.054724
0.055775
0.054855
0.055081
0.043672
0.043757
0.053542
0.052203
0.05193
0.057728
0.057615
0.057517
0.057178
0.070424
0.069462
0.068896
0.051013
0.040809
0.04942
0.067139
0.067785
0.042324
0.043518
0.043513
0.043665
0.042123
0.042582
0.043052
0.041856
0.042381
0.042262
0.05692
0.056555
0.056408
0.055197
0.055394
0.055721
0.044482
0.04333
0.053319
0.041899
0.052064
0.052353
0.041441
0.07153
0.070744
0.050633
0.049817
0.050115
0.049567
0.049485
0.049467
0.048589
0.048706
0.042884
0.043004
0.043422
0.042797
0.043228
0.042628
0.0423
0.041511
0.041694
0.042403
0.042671
0.056792
0.056554
0.054579
0.054473
0.054441
0.055127
0.043178
0.053778
0.052875
0.052083
0.050719
0.0515
0.052019
0.05117
0.069454
0.050306
0.049899
0.049545
0.049292
0.048377
0.048394
0.048243
0.042936
0.043101
0.04283
0.043599
0.044217
0.044195
0.044116
0.043512
0.042524
0.041813
0.041388
0.042142
0.056162
0.041207
0.040485
0.038301
0.05494
0.044265
0.043015
0.053585
0.051188
0.050982
0.051099
0.05193
0.050555
0.050052
0.050758
0.049782
0.049126
0.050069
0.049053
0.048408
0.066186
0.043305
0.042968
0.043262
0.043697
0.043846
0.034846
0.035694
0.035254
0.03507
0.034582
0.043352
0.043371
0.042437
0.055262
0.055354
0.055599
0.044283
0.043676
0.043572
0.053641
0.052906
0.05153
0.051966
0.051771
0.051379
0.049388
0.049194
0.049237
0.050165
0.049385
0.048949
0.048341
0.047018
0.043489
0.043525
0.043957
0.044496
0.044125
0.034906
0.035914
0.035845
0.034854
0.035327
0.034794
0.04351
0.043394
0.043045
0.055576
0.041148
0.039904
0.038479
0.043344
0.042767
0.0532
0.051153
0.051892
0.051501
0.050496
0.048987
0.048481
0.049721
0.048844
0.049606
0.048333
0.047806
0.047691
0.0443
0.04371
0.043439
0.044288
0.034929
0.034967
0.035357
0.036194
0.035753
0.036228
0.035649
0.044218
0.044025
0.043706
0.034269
0.042398
0.040158
0.039087
0.043735
0.043813
0.053624
0.052831
0.052388
0.051536
0.050021
0.049616
0.048884
0.049535
0.04962
0.049481
0.048942
0.047651
0.047215
0.042984
0.044893
0.03521
0.044358
0.035215
0.03556
0.035824
0.035863
0.035819
0.035733
0.035218
0.035093
0.0348
0.034826
0.035128
0.03408
0.032601
0.030893
0.044106
0.044273
0.043471
0.042648
0.042692
0.041317
0.051056
0.050727
0.049371
0.050303
0.049091
0.049078
0.047633
0.047517
0.047177
0.042526
0.04522
0.036227
0.035472
0.03537
0.036169
0.035809
0.035766
0.035689
0.034849
0.035152
0.036034
0.035692
0.035461
0.036071
0.035946
0.035338
0.031458
0.031377
0.045159
0.04399
0.042427
0.052862
0.05198
0.051398
0.050858
0.049614
0.049131
0.048801
0.048921
0.048571
0.047893
0.04693
0.0443
0.035211
0.036237
0.036573
0.035826
0.035971
0.035482
0.035919
0.03625
0.037313
0.036225
0.036492
0.036127
0.036661
0.0362
0.035979
0.035579
0.033927
0.031486
0.031284
0.030435
0.029579
0.042192
0.041478
0.051852
0.050862
0.049903
0.049976
0.049248
0.048566
0.048479
0.047615
0.04719
0.044927
0.035233
0.036211
0.036648
0.035583
0.03614
0.03597
0.036862
0.03747
0.037957
0.038558
0.036207
0.037165
0.035778
0.035934
0.036233
0.035894
0.035126
0.032957
0.03096
0.029678
0.037741
0.028706
0.052215
0.041267
0.051398
0.051294
0.050268
0.049867
0.049048
0.048937
0.047928
0.047079
0.035401
0.044867
0.035556
0.036928
0.035345
0.036343
0.037903
0.037085
0.038244
0.03997
0.063114
0.038514
0.038455
0.038588
0.036843
0.037362
0.037119
0.036489
0.033512
0.03112
0.030185
0.029444
0.029031
0.041911
0.052543
0.051436
0.050687
0.050081
0.050664
0.04988
0.04903
0.048321
0.047253
0.035432
0.045294
0.045131
0.036502
0.037098
0.038417
0.036723
0.037583
0.038833
0.040936
0.05183
0.040558
0.038287
0.037886
0.038386
0.037649
0.037451
0.037362
0.034573
0.032078
0.031111
0.029765
0.037738
0.029299
0.041649
0.052249
0.050618
0.049546
0.051264
0.050029
0.048367
0.048057
0.047742
0.044871
0.036065
0.036033
0.0365
0.038599
0.039637
0.037835
0.038645
0.039464
0.033015
0.040325
0.039922
0.038873
0.038503
0.039647
0.037714
0.036787
0.035905
0.034744
0.032723
0.039336
0.037799
0.03775
0.029055
0.036965
0.035349
0.03456
0.050145
0.051559
0.049414
0.049348
0.0486
0.04771
0.045319
0.035688
0.036835
0.037942
0.038177
0.038888
0.037258
0.037172
0.040671
0.031915
0.039634
0.040891
0.039953
0.038836
0.040469
0.039212
0.038654
0.036109
0.035741
0.034242
0.039853
0.038243
0.037934
0.029451
0.037438
0.035442
0.034366
0.03454
0.034378
0.049384
0.033106
0.032524
0.054491
0.042876
0.041866
0.042368
0.041645
0.041396
0.041663
0.04126
0.041
0.039692
0.038394
0.051776
0.036168
0.036143
0.050847
0.050139
0.049585
0.067365
0.047782
0.048347
0.047777
0.048183
0.048006
0.047412
0.047245
0.047493
0.047265
0.066291
0.066102
0.065754
0.064773
0.065815
0.065172
0.065472
0.043114
0.041781
0.041857
0.042099
0.042408
0.041663
0.042131
0.041908
0.040434
0.037671
0.051572
0.035563
0.050832
0.051072
0.050441
0.05023
0.049315
0.048115
0.048698
0.048301
0.066721
0.047477
0.047272
0.055077
0.047678
0.064973
0.04719
0.065317
0.054517
0.074051
0.074705
0.06484
0.074678
0.042345
0.043009
0.042346
0.043001
0.042667
0.042867
0.042701
0.041595
0.040237
0.038145
0.051954
0.052014
0.036025
0.051182
0.050189
0.048726
0.066414
0.048388
0.048259
0.048174
0.048421
0.047836
0.047384
0.054776
0.075377
0.065523
0.047205
0.054691
0.053681
0.051747
0.053514
0.054088
0.054328
0.042686
0.042504
0.042789
0.042721
0.042105
0.042742
0.041988
0.041133
0.040247
0.038571
0.052698
0.052962
0.036263
0.050717
0.049582
0.04873
0.048704
0.048081
0.048621
0.048333
0.048143
0.055115
0.047231
0.054759
0.054924
0.04701
0.054228
0.053664
0.052347
0.052441
0.05297
0.053914
0.053379
0.043104
0.015361
0.041922
0.042017
0.04268
0.042788
0.041587
0.041219
0.040446
0.038681
0.036932
0.052892
0.051993
0.050958
0.049933
0.04914
0.047892
0.048609
0.032858
0.048223
0.04783
0.055036
0.054977
0.054748
0.054349
0.054025
0.053921
0.05079
0.051847
0.051614
0.051152
0.052688
0.072524
0.016059
0.015561
0.015674
0.042105
0.042632
0.042165
0.04172
0.041217
0.041022
0.039585
0.037139
0.036638
0.036122
0.05119
0.04998
0.0491
0.047661
0.049153
0.032928
0.047722
0.047503
0.054991
0.047159
0.054539
0.054695
0.05321
0.054016
0.052335
0.052258
0.051105
0.053252
0.072402
0.051562
0.01597
0.015974
0.042351
0.042014
0.041729
0.041738
0.041754
0.042427
0.042093
0.039641
0.054442
0.053868
0.052223
0.051725
0.051325
0.049981
0.049267
0.04834
0.047798
0.047677
0.047435
0.055091
0.054959
0.047095
0.054811
0.053938
0.053968
0.054024
0.05302
0.051742
0.052913
0.052414
0.074135
0.044065
0.042887
0.042365
0.04233
0.042121
0.042319
0.041909
0.043101
0.041572
0.040664
0.055609
0.05463
0.052569
0.05241
0.050327
0.050164
0.049158
0.048346
0.04793
0.047535
0.055166
0.055035
0.054878
0.047092
0.05466
0.054549
0.05414
0.054516
0.05433
0.053724
0.053774
0.053916
0.074053
0.04439
0.043278
0.042162
0.041493
0.042061
0.042323
0.042811
0.042671
0.056324
0.056338
0.05527
0.054538
0.05373
0.05293
0.050902
0.04919
0.049468
0.049318
0.049288
0.048168
0.048008
0.047302
0.047149
0.047041
0.04732
0.047212
0.054619
0.046913
0.05449
0.073932
0.074297
0.073754
0.074321
0.043524
0.043744
0.043828
0.042321
0.042247
0.043455
0.043575
0.04328
0.045336
0.041468
0.056066
0.05536
0.054862
0.053321
0.052177
0.050915
0.050147
0.049225
0.049295
0.048405
0.048618
0.04856
0.048099
0.048073
0.047824
0.047243
0.047025
0.054594
0.04687
0.064669
0.074486
0.073218
0.073351
0.034658
0.043509
0.042895
0.043432
0.043495
0.0441
0.034401
0.043748
0.033881
0.045316
0.044365
0.054552
0.05415
0.054227
0.052048
0.051771
0.051978
0.049803
0.04883
0.04891
0.049097
0.049292
0.049443
0.049034
0.048481
0.047704
0.047128
0.06458
0.064547
0.074651
0.064585
0.074423
0.073931
0.044622
0.043605
0.044162
0.034827
0.035062
0.04417
0.034768
0.03438
0.057356
0.056405
0.055721
0.054759
0.05476
0.054181
0.052274
0.051926
0.051492
0.050599
0.049731
0.049303
0.04872
0.049535
0.049426
0.048916
0.048323
0.048308
0.047345
0.047286
0.06444
0.064867
0.064575
0.064324
0.074473
0.035197
0.044536
0.034629
0.034849
0.034821
0.034464
0.043411
0.034464
0.034184
0.056834
0.044578
0.055186
0.054297
0.05203
0.052518
0.052632
0.051521
0.049485
0.049086
0.049459
0.048663
0.048548
0.049453
0.048997
0.048254
0.04718
0.04724
0.074887
0.064726
0.065091
0.03534
0.064637
0.064284
0.034819
0.034947
0.034861
0.035685
0.035049
0.034695
0.044104
0.043612
0.045814
0.045609
0.045118
0.055757
0.053607
0.052302
0.052087
0.052254
0.051853
0.050531
0.049926
0.049905
0.049121
0.048839
0.048176
0.048057
0.048355
0.047715
0.065592
0.065145
0.065188
0.064645
0.035791
0.035422
0.041405
0.035251
0.034642
0.035017
0.035664
0.034966
0.034838
0.043711
0.04355
0.043716
0.046111
0.056452
0.055279
0.043694
0.0542
0.05398
0.053063
0.051571
0.051545
0.052328
0.049451
0.048913
0.049055
0.049091
0.048807
0.048092
0.047259
0.064994
0.064884
0.065227
0.041519
0.03528
0.041413
0.035212
0.035259
0.034932
0.035655
0.035682
0.035348
0.044399
0.035249
0.034472
0.034491
0.045999
0.032488
0.055866
0.04388
0.043379
0.053856
0.05247
0.071464
0.052393
0.051712
0.05015
0.049557
0.049453
0.048958
0.048124
0.066114
0.06499
0.064812
0.065713
0.065242
0.035711
0.035862
0.035356
0.041254
0.044108
0.034999
0.035068
0.035257
0.0347
0.034915
0.044004
0.034436
0.034848
0.045254
0.044787
0.056077
0.044019
0.054864
0.060717
0.072884
0.071063
0.050797
0.051465
0.050382
0.050623
0.067658
0.06844
0.067938
0.066422
0.066119
0.036541
0.036714
0.036435
0.03599
0.035684
0.048247
0.03531
0.04366
0.044424
0.035797
0.035665
0.034803
0.035521
0.034484
0.034664
0.043831
0.04566
0.045432
0.056062
0.055125
0.075021
0.059986
0.073189
0.050208
0.049786
0.069105
0.049896
0.070387
0.049196
0.069047
0.067284
0.066706
0.036901
0.036261
0.036789
0.036205
0.035539
0.035953
0.048239
0.047632
0.043613
0.0442
0.035064
0.035711
0.034871
0.035662
0.035398
0.044153
0.034635
0.045792
0.057211
0.056208
0.054286
0.053656
0.053077
0.052646
0.051522
0.04917
0.049992
0.049509
0.067699
0.067029
0.068601
0.068494
0.067804
0.03665
0.037596
0.036375
0.036319
0.036239
0.049122
0.048042
0.047613
0.044179
0.044446
0.035216
0.036572
0.036267
0.036278
0.03599
0.035479
0.046693
0.034775
0.046128
0.045202
0.054377
0.054271
0.05167
0.051532
0.049895
0.049688
0.06891
0.068584
0.049455
0.067854
0.068035
0.067293
0.037257
0.037471
0.037126
0.036389
0.036293
0.049857
0.049049
0.03592
0.03589
0.056245
0.055773
0.044254
0.034926
0.035637
0.036065
0.036345
0.035964
0.035518
0.047132
0.046611
0.044876
0.054535
0.052068
0.051291
0.05119
0.05061
0.050838
0.0501
0.068122
0.069358
0.069646
0.067873
0.037381
0.036741
0.036012
0.036354
0.035652
0.035864
0.049701
0.049869
0.048648
0.035668
0.056385
0.035314
0.044237
0.034722
0.034907
0.035167
0.034588
0.035364
0.048816
0.047466
0.046086
0.056225
0.054003
0.052212
0.051781
0.05151
0.052334
0.050934
0.069177
0.069728
0.070533
0.038981
0.0683
0.037729
0.036357
0.036257
0.036354
0.035763
0.036513
0.050017
0.033231
0.048465
0.035948
0.035355
0.034883
0.044435
0.043765
0.044119
0.068566
0.068706
0.035092
0.035982
0.046686
0.045717
0.056149
0.054057
0.053029
0.053135
0.053877
0.053962
0.04229
0.058494
0.070627
0.070069
0.069716
0.038018
0.037328
0.03655
0.036465
0.048555
0.036454
0.049145
0.049594
0.049375
0.049254
0.0487
0.070185
0.069492
0.03485
0.043145
0.043569
0.04283
0.068504
0.052595
0.048005
0.047341
0.046202
0.055131
0.054343
0.054968
0.05396
0.053816
0.053901
0.058987
0.072525
0.071507
0.069822
0.068488
0.037725
0.037395
0.037353
0.036727
0.049021
0.050505
0.049812
0.033286
0.049019
0.032244
0.048727
0.043537
0.068415
0.068836
0.034758
0.055866
0.068624
0.04342
0.034904
0.049033
0.046878
0.057706
0.055666
0.054198
0.055234
0.055471
0.054735
0.05964
0.060376
0.060278
0.071549
0.070338
0.069784
0.0379
0.037663
0.037024
0.036749
0.048246
0.04978
0.049786
0.049291
0.032618
0.049084
0.032084
0.043409
0.068025
0.06821
0.044383
0.044199
0.069096
0.044115
0.068728
0.050045
0.058643
0.057365
0.055476
0.054387
0.054933
0.044224
0.043657
0.060304
0.060253
0.059253
0.058283
0.070648
0.069861
0.068447
0.037396
0.036712
0.048103
0.048104
0.049418
0.033719
0.049385
0.049157
0.031545
0.031351
0.042576
0.068019
0.068303
0.035099
0.034801
0.069288
0.067924
0.067436
0.066752
0.058953
0.055977
0.056713
0.056143
0.075613
0.076318
0.061495
0.060582
0.060009
0.058533
0.058164
0.070765
0.070689
0.068485
0.067879
0.036974
0.036506
0.048187
0.033311
0.033608
0.032924
0.031871
0.032318
0.032369
0.035095
0.069966
0.070516
0.056927
0.056563
0.069324
0.067957
0.068061
0.066806
0.060286
0.057854
0.057011
0.063528
0.063875
0.063056
0.063165
0.061167
0.06021
0.073585
0.072215
0.072063
0.070598
0.068647
0.068029
0.037222
0.048539
0.048889
0.049133
0.048477
0.032324
0.03207
0.031964
0.032187
0.057262
0.057566
0.058686
0.058578
0.057797
0.056578
0.068322
0.069423
0.069457
0.064523
0.058851
0.057784
0.06349
0.064906
0.064439
0.063357
0.03177
0.060078
0.074078
0.071755
0.071561
0.070321
0.038577
0.037403
0.036663
0.03684
0.048569
0.049449
0.048588
0.033067
0.048165
0.037918
0.038108
0.058639
0.059367
0.059575
0.078755
0.057793
0.057401
0.069995
0.069253
0.056253
0.067933
0.049023
0.064372
0.063987
0.063395
0.064305
0.062872
0.0619
0.054669
0.07239
0.071311
0.070515
0.069216
0.06955
0.037707
0.037252
0.048916
0.04865
0.047493
0.048422
0.048125
0.047942
0.048104
0.038264
0.060544
0.059891
0.078399
0.078904
0.078713
0.057786
0.069973
0.070783
0.057326
0.076158
0.071996
0.066726
0.064329
0.078629
0.045606
0.062122
0.0759
0.074273
0.072064
0.071139
0.069932
0.068798
0.067934
0.03794
0.037293
0.036246
0.047807
0.036286
0.047546
0.048093
0.048407
0.047881
0.032316
0.078659
0.077349
0.077009
0.077712
0.095261
0.058168
0.069923
0.070684
0.058576
0.077954
0.076318
0.066907
0.064622
0.078502
0.062667
0.076818
0.075071
0.072662
0.072828
0.070578
0.068466
0.067177
0.03681
0.036928
0.050032
0.049144
0.036426
0.036393
0.035967
0.035733
0.048267
0.049056
0.048547
0.078929
0.077268
0.077213
0.077787
0.076701
0.076828
0.07201
0.057976
0.058979
0.079435
0.077449
0.071155
0.064917
0.064091
0.078769
0.062997
0.061513
0.075395
0.07235
0.071314
0.068716
0.067261
0.036181
0.036771
0.037023
0.050387
0.036683
0.03653
0.035771
0.035758
0.048069
0.049618
0.05734
0.077974
0.09554
0.079433
0.082182
0.077823
0.058557
0.05893
0.059437
0.059504
0.080321
0.079092
0.076573
0.065526
0.065667
0.064275
0.064206
0.031828
0.061508
0.074136
0.073501
0.06928
0.068211
0.036761
0.036581
0.036629
0.036401
0.036491
0.036596
0.036302
0.035648
0.041873
0.04868
0.057911
0.078173
0.078536
0.079087
0.079129
0.060669
0.080488
0.059991
0.062592
0.059476
0.062206
0.083502
0.08231
0.070452
0.036805
0.032454
0.063112
0.062865
0.061892
0.06052
0.074147
0.071643
0.038245
0.03719
0.036714
0.036681
0.036342
0.036493
0.036094
0.035859
0.047962
0.056332
0.048671
0.032542
0.078306
0.059637
0.059747
0.080107
0.077637
0.060194
0.062184
0.059786
0.060566
0.05958
0.079182
0.081392
0.076265
0.066413
0.0641
0.063593
0.062303
0.076521
0.07487
0.072342
0.038337
0.071509
0.038022
0.037646
0.037577
0.037285
0.03661
0.036138
0.035848
0.035847
0.032752
0.03901
0.049228
0.078821
0.079166
0.077446
0.079222
0.07854
0.079361
0.061879
0.060567
0.061274
0.059251
0.07728
0.079111
0.078687
0.070422
0.064774
0.078739
0.076574
0.076647
0.073777
0.0719
0.071706
0.070875
0.038311
0.038226
0.038701
0.037554
0.036783
0.036268
0.035903
0.03587
0.048405
0.032723
0.049469
0.079036
0.078727
0.078971
0.078193
0.079931
0.062925
0.06314
0.062053
0.061033
0.072323
0.060032
0.078203
0.078856
0.075502
0.051565
0.07856
0.076585
0.077024
0.075665
0.073942
0.071822
0.03989
0.03827
0.038293
0.038473
0.037106
0.036727
0.036663
0.036909
0.036173
0.04898
0.033524
0.033431
0.080325
0.08194
0.078685
0.062602
0.064292
0.079789
0.064197
0.06501
0.06104
0.07374
0.061759
0.061555
0.061322
0.076686
0.070161
0.078375
0.075165
0.076571
0.077075
0.074904
0.073497
0.070882
0.03809
0.038302
0.038427
0.037034
0.066598
0.036658
0.036993
0.036836
0.036415
0.034523
0.034046
0.080289
0.080892
0.081154
0.08097
0.079223
0.062669
0.063739
0.063194
0.073871
0.072959
0.073816
0.061332
0.060467
0.059867
0.092265
0.079318
0.056109
0.074159
0.075927
0.076631
0.07542
0.073149
0.039153
0.039262
0.037636
0.037184
0.067118
0.066775
0.037139
0.037471
0.037195
0.049697
0.050046
0.10092
0.080793
0.081941
0.066942
0.065334
0.064675
0.065284
0.063839
0.062692
0.073361
0.07278
0.070822
0.071467
0.090859
0.09209
0.083489
0.056417
0.057333
0.075943
0.076043
0.07525
0.038539
0.038529
0.038313
0.038228
0.037625
0.036841
0.037454
0.037853
0.037745
0.037398
0.03687
0.050155
0.081879
0.081192
0.081786
0.080444
0.080289
0.078476
0.06356
0.064687
0.06244
0.074612
0.071309
0.071039
0.071723
0.091885
0.070928
0.089195
0.077709
0.075075
0.075985
0.076663
0.039989
0.039923
0.071883
0.038369
0.037715
0.037173
0.037187
0.037676
0.038264
0.037961
0.037619
0.037092
0.03697
0.035815
0.034658
0.035025
0.036329
0.037609
0.035866
0.036729
0.036569
0.035732
0.034469
0.032342
0.031041
0.031231
0.029439
0.037387
0.037261
0.02848
0.028281
0.02814
0.036131
0.035476
0.034197
0.033662
0.034174
0.033785
0.034563
0.03398
0.033744
0.033068
0.032707
0.032804
0.032108
0.018039
0.035583
0.035451
0.034823
0.036169
0.037432
0.03601
0.036707
0.036945
0.035142
0.034524
0.032311
0.031943
0.031375
0.030748
0.029328
0.028656
0.036335
0.028399
0.028029
0.027933
0.035835
0.035021
0.034863
0.034567
0.033881
0.034231
0.033347
0.032959
0.032949
0.032848
0.032725
0.03206
0.053927
0.035663
0.036083
0.035403
0.036553
0.039527
0.03745
0.037307
0.037546
0.0367
0.036048
0.032414
0.032771
0.033203
0.031324
0.030274
0.029462
0.028322
0.028246
0.035919
0.036176
0.035599
0.034717
0.034942
0.03519
0.03418
0.033782
0.033252
0.032574
0.0329
0.032866
0.03244
0.03256
0.054514
0.035773
0.036199
0.035951
0.036171
0.037503
0.037081
0.039457
0.039665
0.037572
0.035236
0.033512
0.033444
0.034621
0.032215
0.029363
0.028753
0.028127
0.036211
0.028102
0.027903
0.027792
0.0358
0.035516
0.034819
0.03406
0.033574
0.032965
0.032737
0.032526
0.032667
0.03242
0.032607
0.054595
0.035432
0.034999
0.035416
0.03563
0.036113
0.038071
0.038341
0.040033
0.038522
0.034839
0.033264
0.032506
0.031646
0.031596
0.0297
0.036799
0.036143
0.028146
0.028325
0.02782
0.035811
0.035244
0.034874
0.011489
0.033718
0.033213
0.032757
0.018336
0.032107
0.032283
0.03214
0.018265
0.054438
0.035165
0.035405
0.034878
0.035626
0.036063
0.038024
0.038847
0.037431
0.035073
0.035386
0.032855
0.033602
0.031109
0.030295
0.029762
0.028845
0.027967
0.027943
0.02805
0.011998
0.0347
0.011491
0.011309
0.011005
0.033566
0.033177
0.032376
0.032242
0.032563
0.032165
0.018229
0.03212
0.031938
0.036575
0.037224
0.036042
0.036005
0.036381
0.039695
0.040317
0.038143
0.036524
0.035206
0.03441
0.034556
0.032113
0.031824
0.030412
0.028972
0.027987
0.027886
0.036018
0.012
0.011574
0.011301
0.011051
0.011085
0.033373
0.033638
0.032534
0.032262
0.032056
0.018238
0.031954
0.018134
0.031924
0.037454
0.037252
0.03621
0.037373
0.037737
0.038276
0.040271
0.038191
0.037381
0.036246
0.035459
0.035118
0.034459
0.032474
0.030806
0.029297
0.02922
0.028251
0.01218
0.011701
0.011266
0.011205
0.010836
0.010913
0.032966
0.032768
0.032939
0.032389
0.032355
0.032361
0.031974
0.032058
0.018157
0.037028
0.037293
0.037177
0.037471
0.038339
0.038073
0.039472
0.038141
0.037432
0.036241
0.03494
0.035642
0.033773
0.032549
0.030675
0.029588
0.029302
0.012571
0.011712
0.035605
0.034349
0.034429
0.033438
0.010994
0.033237
0.01056
0.032225
0.032425
0.018235
0.031956
0.018247
0.031903
0.018137
0.03631
0.037033
0.036447
0.036436
0.038398
0.039525
0.039482
0.038791
0.036748
0.037531
0.035962
0.034118
0.032766
0.031288
0.032029
0.030231
0.029538
0.012798
0.012029
0.036059
0.03572
0.034751
0.034591
0.033728
0.033587
0.032825
0.032256
0.032172
0.018237
0.018236
0.032088
0.018185
0.018161
0.038538
0.036218
0.037196
0.035832
0.017894
0.038306
0.039844
0.038528
0.037854
0.036679
0.035642
0.034387
0.033244
0.03408
0.032193
0.030105
0.029322
0.028856
0.027928
0.02787
0.02785
0.035579
0.033808
0.034505
0.033188
0.033024
0.03272
0.032593
0.032251
0.032213
0.032935
0.032227
0.031988
0.038464
0.036693
0.035816
0.016716
0.016462
0.037711
0.039552
0.039789
0.038868
0.03827
0.035305
0.033989
0.034407
0.033897
0.01325
0.030716
0.029854
0.029138
0.02908
0.028474
0.035711
0.034893
0.034599
0.034778
0.033517
0.033304
0.033234
0.032823
0.032777
0.032381
0.032794
0.032204
0.01817
0.038665
0.037262
0.03572
0.016236
0.016623
0.036143
0.037771
0.038036
0.039565
0.037966
0.03673
0.03417
0.033061
0.032393
0.014155
0.031367
0.030784
0.029208
0.028563
0.028594
0.027834
0.027932
0.035732
0.034766
0.034371
0.033977
0.03398
0.033381
0.033722
0.03269
0.032684
0.03216
0.032125
0.038518
0.037663
0.036168
0.036027
0.03602
0.03594
0.036474
0.037266
0.018452
0.038264
0.036542
0.034631
0.03439
0.01503
0.014127
0.031324
0.030236
0.030394
0.029835
0.029526
0.028382
0.027861
0.03551
0.035522
0.03505
0.03474
0.034516
0.03377
0.033462
0.033845
0.033383
0.032746
0.032414
0.038602
0.036095
0.036133
0.037376
0.037982
0.036994
0.038912
0.036033
0.016666
0.03644
0.016139
0.016139
0.034932
0.033567
0.013581
0.031164
0.029678
0.031006
0.029407
0.028765
0.027876
0.027765
0.035812
0.035618
0.035168
0.035435
0.035196
0.034864
0.03397
0.034531
0.033809
0.034271
0.047747
0.038589
0.037016
0.03762
0.037466
0.036701
0.037698
0.037043
0.037159
0.035565
0.036605
0.016336
0.03433
0.01514
0.015021
0.014093
0.013608
0.030793
0.030277
0.029285
0.028737
0.028658
0.02812
0.027976
0.035817
0.027525
0.028132
0.027734
0.035422
0.035238
0.03454
0.034869
0.034295
0.033196
0.038577
0.038524
0.036989
0.036791
0.038194
0.039129
0.037752
0.03804
0.037301
0.036738
0.016041
0.015602
0.015067
0.014928
0.014013
0.030097
0.029933
0.029631
0.028951
0.028718
0.028104
0.028282
0.027761
0.027875
0.028072
0.035903
0.028368
0.027745
0.035665
0.035492
0.035055
0.033832
0.032998
0.038614
0.038533
0.036531
0.036836
0.038222
0.039384
0.038335
0.040424
0.017097
0.016482
0.034262
0.032775
0.015259
0.014998
0.014489
0.030804
0.029448
0.028977
0.028756
0.028346
0.028102
0.028131
0.028169
0.028737
0.028823
0.027946
0.028432
0.027879
0.03556
0.034964
0.049791
0.033784
0.033277
0.038407
0.037769
0.036742
0.037145
0.03843
0.038798
0.039071
0.038964
0.037693
0.036416
0.016112
0.033576
0.033368
0.032231
0.031493
0.031199
0.029553
0.028458
0.028793
0.012626
0.036077
0.027884
0.028377
0.029039
0.029911
0.02871
0.028795
0.028045
0.035519
0.035237
0.049672
0.049608
0.033565
0.038951
0.037624
0.038196
0.037814
0.040504
0.038078
0.037685
0.040396
0.03841
0.016477
0.015825
0.035154
0.033389
0.031422
0.03037
0.030738
0.029725
0.012847
0.012753
0.029214
0.028102
0.028091
0.027684
0.027959
0.029869
0.028764
0.027841
0.028341
0.035757
0.034861
0.050471
0.050481
0.050361
0.040794
0.039213
0.038433
0.038548
0.0375
0.035777
0.037336
0.039397
0.038206
0.036406
0.016902
0.016618
0.033792
0.031339
0.030421
0.030586
0.029806
0.030984
0.028936
0.028475
0.028224
0.027819
0.027816
0.027859
0.02798
0.027916
0.035842
0.03535
0.035024
0.051132
0.049757
0.048716
0.048934
0.039934
0.037979
0.037327
0.037677
0.0385
0.036206
0.036244
0.039428
0.039627
0.037113
0.036758
0.035306
0.032841
0.03214
0.030954
0.030131
0.029307
0.029355
0.029053
0.028854
0.028663
0.035775
0.034877
0.035714
0.027835
0.02767
0.027943
0.027473
0.035445
0.050498
0.048678
0.048412
0.048173
0.038737
0.039755
0.037339
0.037609
0.03596
0.035617
0.035728
0.03747
0.037467
0.035972
0.035805
0.035042
0.033512
0.033122
0.030867
0.030106
0.030159
0.029125
0.029123
0.028134
0.028062
0.027867
0.035685
0.028157
0.035812
0.027574
0.027692
0.035416
0.035562
0.051046
0.049567
0.048648
0.048567
0.039973
0.037901
0.038666
0.036504
0.035867
0.036099
0.035736
0.037125
0.036804
0.035978
0.035637
0.035973
0.034096
0.032199
0.030523
0.03061
0.029721
0.029374
0.036756
0.036214
0.011932
0.027974
0.028182
0.028059
0.035566
0.03557
0.035426
0.027547
0.035526
0.049983
0.049318
0.048656
0.047717
0.039086
0.03995
0.038989
0.038603
0.037424
0.035536
0.034888
0.035616
0.035012
0.035496
0.035545
0.035542
0.033912
0.032005
0.031316
0.031813
0.029887
0.029298
0.028895
0.028075
0.028223
0.027997
0.028125
0.027961
0.035758
0.03517
0.035523
0.035128
0.035004
0.035054
0.050556
0.05001
0.047917
0.039397
0.03906
0.064104
0.039971
0.037766
0.036187
0.035669
0.035657
0.03542
0.035576
0.036749
0.035516
0.042858
0.04067
0.030919
0.031001
0.031192
0.030024
0.028847
0.036444
0.027953
0.027906
0.027867
0.011801
0.035778
0.035594
0.0357
0.035764
0.035018
0.034409
0.049978
0.048873
0.04869
0.03886
0.03929
0.039761
0.038967
0.036981
0.03644
0.035958
0.036043
0.035025
0.034963
0.036054
0.035148
0.042536
0.041515
0.039095
0.030231
0.030642
0.029681
0.029086
0.02849
0.028593
0.02882
0.036087
0.012175
0.035613
0.035296
0.035268
0.035506
0.034792
0.034403
0.033605
0.049364
0.048763
0.039546
0.039054
0.038718
0.039418
0.038671
0.036888
0.035744
0.035563
0.036852
0.035956
0.035998
0.035559
0.043346
0.042582
0.040436
0.030572
0.030645
0.029431
0.029108
0.028846
0.028244
0.028456
0.036212
0.036123
0.035425
0.035305
0.035412
0.035487
0.034431
0.033735
0.048839
0.049616
0.048758
0.038908
0.037986
0.037195
0.038715
0.039902
0.037956
0.036195
0.036947
0.036988
0.036097
0.03544
0.035866
0.034983
0.034088
0.032088
0.038655
0.038731
0.030058
0.037463
0.029283
0.036448
0.027998
0.035971
0.035642
0.034928
0.034282
0.03373
0.034013
0.033572
0.033674
0.049262
0.049384
0.048103
0.037582
0.037225
0.037618
0.038422
0.039657
0.03689
0.037062
0.037022
0.037334
0.060376
0.03677
0.036327
0.035091
0.043474
0.033015
0.031011
0.03856
0.029791
0.029519
0.029121
0.012381
0.035649
0.035421
0.035003
0.035342
0.034388
0.033407
0.033742
0.033527
0.034671
0.049285
0.04869
0.048285
0.038328
0.038934
0.03795
0.038098
0.038666
0.038038
0.060387
0.059141
0.059862
0.06165
0.038082
0.035911
0.03519
0.034835
0.034356
0.032784
0.031326
0.029892
0.030321
0.028997
0.012501
0.01149
0.011351
0.034526
0.034233
0.033957
0.033917
0.034193
0.034152
0.035023
0.04947
0.048429
0.048024
0.037328
0.036905
0.03669
0.037281
0.036728
0.062869
0.061507
0.036374
0.060041
0.061686
0.036393
0.036377
0.035637
0.034898
0.03518
0.033996
0.030985
0.038849
0.030083
0.037244
0.036253
0.01205
0.011419
0.034394
0.034348
0.034102
0.034201
0.034078
0.034199
0.05038
0.049309
0.048144
0.048063
0.036302
0.03732
0.036996
0.036468
0.037855
0.062396
0.060022
0.060076
0.060359
0.06232
0.036752
0.035535
0.036081
0.034937
0.034546
0.034084
0.031321
0.038261
0.038247
0.036677
0.035526
0.0116
0.034492
0.034503
0.03428
0.03512
0.034367
0.033904
0.033965
0.050075
0.049101
0.04806
0.047823
0.03677
0.036236
0.036179
0.037115
0.036343
0.060891
0.062479
0.06329
0.064204
0.060922
0.0576
0.035356
0.035214
0.035237
0.03495
0.033963
0.031877
0.038808
0.038068
0.037265
0.035881
0.034812
0.011418
0.034368
0.035007
0.033988
0.033985
0.034141
0.033792
0.049065
0.048566
0.048246
0.047739
0.03823
0.036478
0.036699
0.036182
0.036461
0.061726
0.062578
0.061217
0.06254
0.060592
0.058361
0.035205
0.034703
0.035268
0.035483
0.03444
0.032844
0.030982
0.038981
0.037148
0.036549
0.035783
0.01134
0.03448
0.034138
0.033987
0.033808
0.034173
0.049865
0.050132
0.048453
0.047539
0.048007
0.038274
0.036717
0.036772
0.036102
0.036586
0.058278
0.0604
0.063392
0.060759
0.060547
0.058344
0.035476
0.035081
0.034758
0.034812
0.034739
0.033435
0.04089
0.038841
0.03765
0.036602
0.035466
0.034678
0.034557
0.033958
0.033286
0.03339
0.033485
0.049585
0.048978
0.048274
0.04795
0.047959
0.038122
0.064062
0.058515
0.036186
0.035931
0.060473
0.06126
0.061295
0.05851
0.058375
0.058154
0.035018
0.034692
0.034628
0.034433
0.044169
0.043075
0.03277
0.038458
0.036838
0.035982
0.034921
0.034108
0.033885
0.033537
0.033248
0.033256
0.033476
0.033622
0.033779
0.048715
0.048423
0.047661
0.038663
0.064086
0.036335
0.036202
0.036133
0.059459
0.060224
0.059302
0.059111
0.0358
0.036176
0.03505
0.044377
0.03482
0.043967
0.044151
0.034323
0.033468
0.038669
0.036887
0.035859
0.034433
0.033758
0.033357
0.033576
0.033316
0.032688
0.03327
0.033908
0.049598
0.048544
0.047563
0.066085
0.039275
0.037281
0.038485
0.036743
0.036272
0.036552
0.036822
0.059569
0.037129
0.035226
0.035304
0.034996
0.044343
0.036031
0.044196
0.034868
0.034371
0.043311
0.03995
0.037277
0.036228
0.035277
0.03434
0.03358
0.033751
0.033144
0.032713
0.032813
0.047876
0.033288
0.0484
0.047519
0.047928
0.039306
0.037692
0.058319
0.036347
0.037265
0.03642
0.036181
0.057704
0.036017
0.035817
0.03479
0.035089
0.035687
0.044269
0.04433
0.034502
0.043899
0.043204
0.041768
0.038696
0.036831
0.035449
0.034594
0.033799
0.018975
0.018763
0.033015
0.048313
0.033078
0.04786
0.048546
0.047481
0.065297
0.061326
0.059111
0.058743
0.059239
0.037224
0.036626
0.036572
0.035323
0.034979
0.035319
0.035023
0.035159
0.035018
0.044198
0.035005
0.044266
0.034915
0.043376
0.042174
0.039449
0.037718
0.036144
0.035095
0.019649
0.033542
0.018913
0.033267
0.048393
0.033293
0.032882
0.048198
0.047788
0.047245
0.03836
0.06068
0.05931
0.036891
0.060846
0.036781
0.036793
0.036431
0.03531
0.035792
0.044736
0.044767
0.035308
0.035449
0.044332
0.03486
0.044001
0.043476
0.042447
0.040821
0.038936
0.03696
0.036305
0.034839
0.034426
0.034035
0.033115
0.032785
0.048343
0.033077
0.032489
0.047472
0.047291
0.034711
0.044153
0.043922
0.034663
0.044298
0.043268
0.04145
0.041981
0.040535
0.039243
0.037254
0.036605
0.035763
0.035295
0.034432
0.034053
0.033803
0.033301
0.033262
0.033438
0.033222
0.03309
0.032536
0.032741
0.055138
0.047283
0.054838
0.054423
0.054299
0.054654
0.054192
0.046898
0.047052
0.035168
0.035716
0.034985
0.043873
0.043406
0.042857
0.041618
0.041928
0.041078
0.040605
0.037762
0.036377
0.036027
0.034859
0.034251
0.034296
0.03376
0.033797
0.033909
0.033569
0.032873
0.04829
0.047894
0.047758
0.04735
0.047328
0.047833
0.047182
0.0469
0.05413
0.054182
0.05441
0.054475
0.034785
0.035737
0.035446
0.044024
0.043187
0.043259
0.042163
0.041126
0.041625
0.040027
0.037797
0.037195
0.036361
0.035049
0.034454
0.033753
0.033233
0.033246
0.033277
0.033662
0.033167
0.048328
0.047268
0.047723
0.047398
0.047111
0.047175
0.054561
0.05367
0.05447
0.054166
0.053759
0.052908
0.035356
0.035804
0.03572
0.044167
0.043595
0.043811
0.043279
0.042801
0.04169
0.03992
0.037556
0.036595
0.035863
0.035365
0.035623
0.035148
0.034053
0.033307
0.033558
0.033666
0.048881
0.047914
0.047245
0.047671
0.054891
0.054425
0.054226
0.051947
0.052132
0.051848
0.052261
0.051468
0.050172
0.035657
0.035976
0.035351
0.035536
0.035791
0.034643
0.034484
0.043636
0.041657
0.039565
0.037913
0.036368
0.036111
0.035786
0.036614
0.051359
0.035203
0.049806
0.049006
0.049213
0.033012
0.032518
0.03251
0.047456
0.054697
0.053977
0.051575
0.051917
0.052071
0.050978
0.050886
0.052079
0.050277
0.036126
0.035445
0.035783
0.036475
0.035587
0.035108
0.034588
0.04335
0.042911
0.041503
0.037462
0.03639
0.035703
0.035178
0.0515
0.051121
0.049776
0.049904
0.049641
0.049053
0.032823
0.032505
0.018434
0.047443
0.052932
0.053448
0.051168
0.050444
0.050339
0.050658
0.051274
0.050912
0.049718
0.034826
0.035455
0.036165
0.035857
0.035689
0.034857
0.044049
0.043494
0.033991
0.041664
0.037954
0.036447
0.035892
0.035479
0.035459
0.051586
0.05003
0.050135
0.048828
0.048467
0.032846
0.032398
0.018484
0.018443
0.054265
0.053261
0.053027
0.051262
0.050673
0.050209
0.050104
0.015856
0.05079
0.035173
0.035738
0.036169
0.035892
0.035607
0.035731
0.043908
0.04387
0.04299
0.041715
0.03907
0.037036
0.036313
0.03568
0.035148
0.050932
0.050336
0.049891
0.04938
0.048221
0.047504
0.032508
0.018453
0.047247
0.054224
0.054243
0.052676
0.051904
0.050952
0.05055
0.05169
0.051827
0.052076
0.035701
0.035905
0.036643
0.035911
0.036617
0.035357
0.034838
0.043665
0.043256
0.041419
0.038714
0.037063
0.036192
0.035576
0.034733
0.0504
0.051185
0.051147
0.049803
0.049264
0.04846
0.048021
0.048061
0.047236
0.047515
0.0469
0.054297
0.052649
0.05297
0.053146
0.052219
0.053632
0.053437
0.059773
0.036686
0.037869
0.037504
0.036526
0.036257
0.034894
0.035141
0.033803
0.041686
0.039104
0.037871
0.036364
0.0358
0.052212
0.052034
0.050895
0.049884
0.049984
0.049619
0.048636
0.047721
0.047329
0.047158
0.046947
0.047129
0.054646
0.018044
0.053902
0.052861
0.017501
0.054045
0.017719
0.0563
0.037496
0.036339
0.036186
0.035132
0.035519
0.034914
0.044048
0.034114
0.033248
0.039559
0.054166
0.03641
0.051767
0.050984
0.052153
0.050785
0.050521
0.049219
0.033486
0.03305
0.048018
0.054942
0.047092
0.04779
0.047428
0.047706
0.047171
0.054317
0.018219
0.054321
0.018097
0.018079
0.034845
0.035436
0.035687
0.056561
0.034671
0.034511
0.044109
0.0437
0.043539
0.041694
0.039877
0.053826
0.052383
0.035782
0.035197
0.049866
0.050868
0.050529
0.049602
0.033384
0.033221
0.032963
0.032557
0.033106
0.048593
0.047854
0.048024
0.046963
0.047514
0.046683
0.018188
0.046715
0.053254
0.044216
0.044178
0.034756
0.043595
0.044033
0.034573
0.043718
0.04267
0.055812
0.042167
0.054094
0.053538
0.052212
0.035287
0.034774
0.050017
0.049619
0.050744
0.034355
0.033568
0.033557
0.03367
0.033682
0.033096
0.048334
0.047661
0.047659
0.054638
0.047745
0.047269
0.054359
0.018116
0.054283
0.043924
0.034763
0.034745
0.04305
0.043386
0.043549
0.056965
0.042785
0.055713
0.054758
0.053264
0.052733
0.052403
0.051992
0.034597
0.034427
0.049644
0.03366
0.033725
0.033363
0.032715
0.03327
0.032915
0.03251
0.047792
0.047202
0.046959
0.047321
0.047518
0.047692
0.047129
0.054355
0.031884
0.043658
0.035014
0.044346
0.043323
0.042392
0.0423
0.042461
0.042583
0.055781
0.054923
0.053966
0.053623
0.052666
0.036142
0.034912
0.034843
0.033575
0.033666
0.033318
0.033205
0.018611
0.018494
0.018366
0.018258
0.018148
0.018344
0.054497
0.046767
0.046873
0.047012
0.04702
0.047115
0.0467
0.04319
0.043773
0.067735
0.043059
0.042095
0.04154
0.041735
0.04181
0.054804
0.053996
0.052829
0.052475
0.036558
0.035917
0.035046
0.034249
0.034212
0.033803
0.032839
0.032661
0.018558
0.018524
0.018465
0.054531
0.054462
0.046987
0.054113
0.047169
0.047566
0.047223
0.046781
0.054367
0.053932
0.043217
0.042935
0.06692
0.041958
0.042109
0.041577
0.042224
0.056086
0.055397
0.040424
0.052705
0.052265
0.036093
0.035946
0.035154
0.034507
0.03403
0.033262
0.033223
0.032975
0.018534
0.018502
0.054967
0.054587
0.05485
0.047015
0.054786
0.05454
0.046806
0.04763
0.046997
0.046778
0.054289
0.043146
0.041867
0.04182
0.041344
0.04146
0.041226
0.041714
0.055101
0.054565
0.053957
0.053304
0.052898
0.051576
0.035638
0.034949
0.034439
0.033956
0.03343
0.033241
0.03268
0.018574
0.018501
0.018467
0.017805
0.054706
0.054618
0.054673
0.054772
0.054534
0.047068
0.047591
0.046856
0.046949
0.042568
0.041656
0.041764
0.041343
0.04114
0.040958
0.041436
0.040991
0.054562
0.053922
0.053397
0.052824
0.035797
0.035292
0.035175
0.034745
0.033481
0.018869
0.032663
0.018539
0.032673
0.018506
0.0178
0.05478
0.054392
0.054849
0.05438
0.046889
0.047141
0.046956
0.046893
0.046644
0.054409
0.042599
0.042038
0.041778
0.041981
0.065565
0.066685
0.041686
0.041296
0.053471
0.053738
0.040153
0.038412
0.036035
0.035527
0.035285
0.034483
0.033604
0.018349
0.018675
0.018365
0.018611
0.018556
0.017941
0.018204
0.0183
0.04705
0.047556
0.046852
0.054578
0.04698
0.047033
0.046709
0.054349
0.043265
0.041643
0.041829
0.041686
0.041192
0.041299
0.041993
0.041721
0.040585
0.040323
0.039911
0.038743
0.036509
0.035525
0.035357
0.034668
0.019399
0.018929
0.01859
0.018553
0.018357
0.018579
0.018065
0.018044
0.018031
0.018123
0.054177
0.05393
0.047202
0.047128
0.04678
0.05444
0.053505
0.043163
0.067871
0.042314
0.041589
0.041261
0.0418
0.041454
0.040921
0.041111
0.040285
0.039578
0.022811
0.036913
0.036111
0.035211
0.034547
0.019437
0.01889
0.018618
0.018591
0.018621
0.018378
0.01853
0.018555
0.018112
0.052109
0.052895
0.053963
0.046878
0.054581
0.054318
0.054438
0.053611
0.056146
0.067912
0.066322
0.041733
0.041765
0.04146
0.041007
0.040776
0.04028
0.040977
0.040676
0.022989
0.021964
0.051991
0.036115
0.035173
0.019574
0.018557
0.018367
0.018695
0.018655
0.018597
0.018563
0.018542
0.018226
0.018079
0.018309
0.018338
0.054136
0.053977
0.051746
0.052461
0.053866
0.07037
0.068584
0.06756
0.042502
0.042337
0.041095
0.041319
0.041078
0.040889
0.040206
0.039879
0.023084
0.038255
0.052688
0.036519
0.034875
0.034573
0.019328
0.018638
0.018571
0.01841
0.032528
0.018567
0.032434
0.018493
0.018362
0.018152
0.017766
0.054704
0.054762
0.053932
0.053595
0.046718
0.056165
0.069455
0.068523
0.042607
0.04194
0.041323
0.041451
0.040921
0.041009
0.041116
0.040471
0.039701
0.022724
0.037088
0.036053
0.020166
0.019872
0.019387
0.018972
0.01853
0.018427
0.018476
0.032497
0.018513
0.018358
0.018145
0.017706
0.018434
0.018327
0.05428
0.052547
0.053761
0.054425
0.056059
0.043811
0.068593
0.042043
0.04176
0.04162
0.040851
0.040063
0.040201
0.041
0.041088
0.054014
0.039164
0.037398
0.02073
0.020156
0.034624
0.034003
0.01897
0.018788
0.018675
0.018642
0.032759
0.018566
0.018432
0.017381
0.017947
0.018413
0.054321
0.053846
0.053126
0.053171
0.054246
0.034948
0.044495
0.043552
0.066985
0.042347
0.041637
0.040195
0.023777
0.040228
0.040747
0.040292
0.053686
0.039807
0.038311
0.020994
0.020432
0.034922
0.019725
0.019263
0.018726
0.018286
0.018387
0.032666
0.018548
0.054888
0.018167
0.018185
0.054877
0.018232
0.054717
0.054072
0.053829
0.051631
0.034982
0.069894
0.068636
0.067878
0.043049
0.041412
0.040489
0.040164
0.040227
0.040249
0.040145
0.039959
0.053329
0.03914
0.036875
0.020622
0.020182
0.019742
0.019199
0.018985
0.018712
0.018644
0.032719
0.018505
0.055258
0.047262
0.054728
0.047118
0.018248
0.047349
0.047159
0.046849
0.0538
0.03516
0.044039
0.042716
0.066654
0.041404
0.040998
0.04098
0.040766
0.040099
0.040797
0.040476
0.040132
0.040736
0.052008
0.038077
0.02067
0.019957
0.019672
0.056702
0.056125
0.018792
0.032877
0.032576
0.032541
0.054971
0.054293
0.054679
0.054598
0.04714
0.047176
0.047209
0.047028
0.05378
0.044776
0.044786
0.044412
0.04261
0.041534
0.041057
0.041495
0.040898
0.040717
0.040896
0.040567
0.040383
0.040203
0.05246
0.052044
0.059524
0.05874
0.058043
0.019695
0.04864
0.033079
0.032703
0.018661
0.018516
0.055028
0.054528
0.055074
0.054912
0.047084
0.046992
0.046964
0.05468
0.053982
0.035238
0.036241
0.044284
0.042769
0.042775
0.041971
0.042009
0.04069
0.040385
0.040291
0.040788
0.040809
0.023654
0.05288
0.052141
0.051502
0.058957
0.058261
0.057646
0.019437
0.01909
0.055619
0.055006
0.055323
0.055049
0.054652
0.018263
0.054823
0.018324
0.054922
0.054744
0.046894
0.054044
0.035523
0.035484
0.044429
0.042644
0.042534
0.041856
0.041273
0.041
0.040635
0.040261
0.040815
0.041171
0.040644
0.052979
0.060612
0.051526
0.05928
0.058367
0.057436
0.057122
0.056485
0.05582
0.047644
0.047749
0.04745
0.054999
0.018362
0.018467
0.018423
0.047093
0.047849
0.054566
0.072619
0.035205
0.057063
0.04483
0.043199
0.067212
0.042273
0.041073
0.065274
0.040331
0.040449
0.040952
0.041376
0.040972
0.053498
0.052928
0.051817
0.059548
0.05076
0.050492
0.057455
0.049065
0.056061
0.055473
0.055413
0.055339
0.04771
0.018463
0.047419
0.054996
0.047096
0.047562
0.054788
0.074433
0.03519
0.03624
0.044758
0.044029
0.042732
0.042203
0.041617
0.041659
0.041532
0.041516
0.041396
0.041375
0.040691
0.054302
0.053173
0.03915
0.037383
0.051916
0.050951
0.050554
0.050176
0.048508
0.048206
0.048341
0.048299
0.048025
0.055195
0.055087
0.054996
0.047198
0.047058
0.054773
0.06484
0.035345
0.035715
0.044433
0.043813
0.043565
0.042988
0.042039
0.041904
0.042073
0.041412
0.040639
0.040379
0.040776
0.040429
0.04038
0.039733
0.051652
0.051284
0.051391
0.051543
0.050622
0.04981
0.055903
0.048129
0.047695
0.047487
0.055079
0.055105
0.055005
0.054918
0.05486
0.054654
0.054512
0.035251
0.035199
0.043926
0.043602
0.042953
0.042335
0.042066
0.042466
0.04298
0.041665
0.040676
0.040577
0.041266
0.041642
0.041053
0.040375
0.03925
0.052091
0.052335
0.051931
0.050582
0.050256
0.049515
0.048805
0.048545
0.055348
0.055399
0.055256
0.054656
0.054823
0.05461
0.047085
0.064816
0.035469
0.035295
0.044387
0.043447
0.042393
0.042393
0.043257
0.043378
0.042691
0.041486
0.041664
0.041169
0.04176
0.042265
0.041946
0.041065
0.040468
0.053666
0.052451
0.052036
0.05112
0.049984
0.050349
0.049286
0.048531
0.047862
0.04796
0.047717
0.055085
0.054867
0.054804
0.054017
0.075043
0.05832
0.045242
0.056587
0.044798
0.044111
0.042717
0.042937
0.043246
0.042078
0.042023
0.041928
0.041737
0.042128
0.042967
0.041743
0.04177
0.041481
0.040004
0.053351
0.052173
0.051264
0.0513
0.050315
0.049863
0.049793
0.049636
0.04886
0.048392
0.048388
0.047588
0.05492
0.054902
0.075154
0.060546
0.036404
0.045037
0.056873
0.035347
0.044484
0.044145
0.04394
0.041785
0.042732
0.04258
0.042481
0.042414
0.042285
0.041454
0.041275
0.041613
0.040961
0.05385
0.052026
0.052117
0.05193
0.05111
0.050259
0.049521
0.048957
0.049073
0.048802
0.048368
0.048003
0.047553
0.047624
0.06554
0.037185
0.037209
0.036181
0.035818
0.035428
0.045017
0.044465
0.04399
0.042579
0.042276
0.043052
0.042616
0.066513
0.042474
0.041771
0.041664
0.041975
0.041826
0.053872
0.05293
0.052823
0.053303
0.052159
0.072074
0.06987
0.049697
0.048762
0.048685
0.048777
0.048413
0.047392
0.047301
0.065794
0.037348
0.037747
0.036973
0.036422
0.035629
0.036091
0.035172
0.044473
0.042755
0.042451
0.042525
0.066523
0.068149
0.068153
0.042909
0.04259
0.042872
0.041692
0.040886
0.054989
0.053812
0.053565
0.053403
0.073019
0.050635
0.050122
0.049422
0.049528
0.049439
0.048687
0.04881
0.04807
0.04744
0.036962
0.037018
0.036912
0.036242
0.036118
0.035716
0.035412
0.044995
0.045005
0.044529
0.06903
0.043802
0.056216
0.056123
0.034839
0.043587
0.061864
0.042108
0.042863
0.056763
0.054974
0.055008
0.054326
0.054142
0.051618
0.05145
0.049491
0.049271
0.048873
0.048845
0.048538
0.04751
0.047395
0.043973
0.041541
0.041332
0.041279
0.041313
0.041038
0.040063
0.04004
0.039125
0.038559
0.036847
0.035306
0.035544
0.035057
0.034229
0.049138
0.033184
0.032809
0.047722
0.047509
0.047612
0.054398
0.054548
0.053627
0.052793
0.01695
0.01654
0.016077
0.016112
0.01624
0.049658
0.051036
0.016337
0.042024
0.041907
0.015012
0.015025
0.041931
0.04175
0.040619
0.040002
0.039388
0.038714
0.036837
0.050933
0.035491
0.034667
0.04937
0.033935
0.033116
0.032714
0.047711
0.047492
0.047427
0.054974
0.054528
0.05469
0.053683
0.01719
0.016833
0.016132
0.016036
0.01628
0.049838
0.049695
0.016438
0.01537
0.014766
0.014876
0.014924
0.041607
0.040876
0.040054
0.039885
0.039225
0.038898
0.036552
0.035306
0.035449
0.034448
0.049547
0.049728
0.048187
0.055278
0.055218
0.054744
0.054711
0.055124
0.054446
0.054431
0.054483
0.054326
0.051728
0.016231
0.016055
0.050417
0.049305
0.048182
0.015946
0.015398
0.014877
0.041326
0.014756
0.040832
0.040115
0.023549
0.040147
0.0392
0.038022
0.059534
0.020463
0.034726
0.034812
0.033935
0.034051
0.033251
0.032732
0.054805
0.054706
0.055139
0.055128
0.04724
0.054525
0.054353
0.053301
0.052012
0.050978
0.049389
0.050302
0.049314
0.048039
0.049225
0.015367
0.015107
0.014992
0.015061
0.0407
0.04012
0.023616
0.023603
0.0391
0.022303
0.051194
0.050528
0.020156
0.034445
0.03443
0.033267
0.018739
0.032817
0.054786
0.054636
0.047375
0.054968
0.054819
0.053392
0.052273
0.053337
0.051394
0.051156
0.049359
0.049299
0.049267
0.048184
0.049576
0.015909
0.015239
0.041774
0.041813
0.040321
0.02375
0.039964
0.040747
0.039309
0.038639
0.036112
0.050695
0.019796
0.019543
0.01946
0.033386
0.018745
0.055467
0.055351
0.055237
0.047419
0.054977
0.053409
0.052101
0.051507
0.051333
0.052468
0.051441
0.049576
0.04828
0.049883
0.049193
0.049771
0.015891
0.01524
0.015105
0.041648
0.041199
0.040888
0.040692
0.040892
0.040553
0.038892
0.036317
0.020451
0.019926
0.019559
0.033739
0.019024
0.032706
0.047902
0.047769
0.054651
0.055155
0.054463
0.053041
0.050666
0.050534
0.051229
0.052733
0.050709
0.050976
0.051011
0.051491
0.049434
0.048112
0.015944
0.015365
0.041703
0.041258
0.041759
0.042585
0.041217
0.041385
0.039863
0.039224
0.036074
0.035254
0.02014
0.019731
0.019465
0.033312
0.032758
0.055406
0.047645
0.0551
0.054231
0.018262
0.0527
0.052221
0.05078
0.05043
0.049894
0.050519
0.050921
0.053781
0.051758
0.049633
0.016451
0.01558
0.042272
0.041862
0.041738
0.041818
0.04223
0.041319
0.040524
0.039921
0.038998
0.03636
0.020492
0.020018
0.019554
0.019399
0.01896
0.018662
0.018877
0.047598
0.047444
0.018871
0.054405
0.054353
0.053701
0.051354
0.050997
0.050756
0.050648
0.052021
0.053478
0.053268
0.051479
0.051591
0.015267
0.013422
0.014952
0.041887
0.042076
0.041585
0.041253
0.040724
0.03928
0.022567
0.021152
0.020454
0.019946
0.019253
0.019221
0.018897
0.05559
0.055054
0.047682
0.047416
0.055121
0.054552
0.052182
0.054283
0.052402
0.051369
0.051101
0.051718
0.052973
0.054455
0.053784
0.052823
0.05357
0.015709
0.042225
0.042434
0.041809
0.041758
0.041531
0.040972
0.040521
0.039836
0.038581
0.021293
0.020258
0.02011
0.019506
0.019513
0.01927
0.032892
0.03264
0.047707
0.047554
0.047465
0.055052
0.054171
0.054385
0.054603
0.053919
0.05354
0.053034
0.053532
0.054025
0.018871
0.018909
0.018834
0.015579
0.01512
0.042306
0.015193
0.041477
0.040747
0.040971
0.041129
0.040385
0.038724
0.021435
0.0205
0.035353
0.034512
0.019555
0.033428
0.033199
0.033139
0.033162
0.032514
0.032442
0.019547
0.019033
0.054186
0.054311
0.053931
0.018774
0.053777
0.019061
0.019389
0.019342
0.019261
0.054122
0.015242
0.015111
0.015324
0.01499
0.041074
0.041181
0.041509
0.041153
0.040436
0.038967
0.021645
0.035516
0.035723
0.034835
0.034529
0.033797
0.033789
0.033765
0.032773
0.019167
0.019087
0.019176
0.01975
0.018816
0.054175
0.053167
0.018672
0.018534
0.018961
0.020281
0.019635
0.019431
0.018836
0.015152
0.01491
0.01507
0.041322
0.04105
0.041223
0.041459
0.040601
0.040136
0.039043
0.037401
0.036142
0.035702
0.035141
0.034383
0.034177
0.034051
0.034016
0.032727
0.019298
0.019723
0.019573
0.019307
0.019021
0.018877
0.018678
0.018882
0.018382
0.018832
0.020016
0.019976
0.019934
0.019911
0.015087
0.015127
0.042208
0.041837
0.040791
0.041369
0.041479
0.041013
0.041192
0.040271
0.037906
0.036646
0.036169
0.035459
0.034727
0.034741
0.034927
0.033796
0.033484
0.03267
0.019926
0.019627
0.019871
0.020092
0.019709
0.019254
0.019696
0.019305
0.019555
0.020338
0.020893
0.020454
0.019295
0.042555
0.042725
0.042462
0.042373
0.040959
0.041274
0.041042
0.041815
0.041976
0.040685
0.039455
0.037254
0.036306
0.035886
0.034655
0.034946
0.034125
0.034155
0.033582
0.032746
0.032479
0.019797
0.020031
0.032433
0.032811
0.01933
0.020275
0.0201
0.020736
0.020907
0.020465
0.019804
0.053925
0.044715
0.043551
0.042396
0.042544
0.040842
0.04122
0.041167
0.041902
0.041962
0.041062
0.039166
0.037255
0.035844
0.035201
0.034428
0.034984
0.033871
0.033379
0.033039
0.032684
0.032602
0.03257
0.032508
0.032316
0.020021
0.032436
0.032263
0.020347
0.020148
0.021232
0.021503
0.021717
0.054254
0.035307
0.04354
0.041963
0.041983
0.04188
0.042102
0.041198
0.041508
0.041689
0.040518
0.039261
0.037272
0.036235
0.035597
0.011696
0.034768
0.034139
0.03347
0.010549
0.020542
0.020568
0.020247
0.020265
0.020455
0.032265
0.019881
0.032523
0.020593
0.019744
0.020906
0.020815
0.022078
0.054477
0.034837
0.044259
0.043273
0.042494
0.042852
0.042138
0.0418
0.041245
0.041725
0.041122
0.039094
0.038106
0.036345
0.035982
0.035492
0.034383
0.034183
0.033522
0.03329
0.032616
0.032635
0.020557
0.020491
0.032285
0.032244
0.020554
0.054396
0.019723
0.019925
0.020598
0.020619
0.054008
0.046622
0.044422
0.043606
0.044362
0.044107
0.043807
0.043458
0.043459
0.042063
0.041456
0.040713
0.039927
0.038942
0.036863
0.036006
0.035332
0.034448
0.03401
0.033617
0.033071
0.033234
0.032675
0.021275
0.020592
0.022036
0.055004
0.047084
0.054144
0.020524
0.020901
0.021315
0.021231
0.021435
0.022385
0.035762
0.034818
0.043781
0.043752
0.043644
0.04346
0.042925
0.042234
0.041585
0.040929
0.040095
0.03864
0.037663
0.036031
0.035465
0.034823
0.033889
0.033644
0.03339
0.033529
0.032678
0.020997
0.02229
0.022006
0.054901
0.0548
0.021148
0.021074
0.032086
0.054371
0.022763
0.021586
0.021647
0.036063
0.03566
0.034808
0.044471
0.043367
0.043447
0.042912
0.042839
0.041844
0.041205
0.040832
0.039687
0.038139
0.036556
0.035961
0.035508
0.034995
0.034035
0.033718
0.033641
0.033209
0.021435
0.022825
0.022748
0.032444
0.021525
0.032334
0.032155
0.054429
0.054522
0.03216
0.032299
0.022331
0.036733
0.035544
0.035577
0.035251
0.044146
0.043627
0.042768
0.042128
0.042221
0.041946
0.041253
0.04058
0.03852
0.037253
0.035755
0.036134
0.035584
0.034716
0.034108
0.034007
0.033193
0.032864
0.023311
0.021144
0.032469
0.032312
0.032445
0.032772
0.01977
0.054421
0.046814
0.046938
0.053883
0.036455
0.036397
0.035602
0.035272
0.044199
0.043712
0.04308
0.043008
0.043107
0.041979
0.04211
0.041486
0.040062
0.037685
0.037135
0.036431
0.035992
0.034731
0.034567
0.034189
0.03392
0.03293
0.021542
0.032546
0.020223
0.020606
0.032282
0.032215
0.04796
0.020161
0.054598
0.047286
0.046743
0.037305
0.035756
0.035764
0.036267
0.043733
0.043855
0.043444
0.044011
0.034585
0.043955
0.042595
0.042554
0.041307
0.039188
0.03755
0.037364
0.036386
0.035554
0.035925
0.035177
0.034194
0.032754
0.032978
0.032557
0.020975
0.0206
0.032284
0.020296
0.020483
0.046991
0.047677
0.047318
0.046786
0.037716
0.036961
0.037697
0.035992
0.034844
0.044003
0.044436
0.044422
0.035295
0.043957
0.043463
0.043619
0.042459
0.041253
0.038859
0.037484
0.036387
0.053282
0.036521
0.035475
0.034404
0.032955
0.032935
0.032743
0.033141
0.047568
0.032452
0.05465
0.019743
0.047748
0.047907
0.047769
0.047553
0.037884
0.037552
0.036335
0.035095
0.034936
0.04401
0.044321
0.034659
0.034656
0.043796
0.042706
0.043725
0.043381
0.041144
0.038883
0.038456
0.037577
0.042871
0.042363
0.036124
0.034167
0.03334
0.03293
0.032867
0.032807
0.047813
0.047996
0.047352
0.032598
0.047485
0.047855
0.047577
0.048452
0.038338
0.038613
0.036537
0.035478
0.044239
0.034977
0.044272
0.044475
0.043836
0.034634
0.043335
0.034436
0.043049
0.040995
0.039067
0.038485
0.038297
0.043164
0.053765
0.036494
0.034742
0.034238
0.034029
0.033448
0.033083
0.033074
0.032702
0.033127
0.04785
0.048105
0.047702
0.048833
0.048557
0.037272
0.038292
0.037883
0.036247
0.034991
0.044584
0.034924
0.04415
0.035135
0.03501
0.044032
0.043295
0.043009
0.041928
0.040978
0.030857
0.038851
0.054617
0.053133
0.036464
0.052084
0.051471
0.050583
0.033987
0.033793
0.049262
0.033697
0.033432
0.049683
0.049788
0.049258
0.049
0.049858
0.036997
0.037775
0.038724
0.036759
0.035935
0.034939
0.034705
0.035058
0.035008
0.034861
0.034491
0.058426
0.04386
0.043356
0.033641
0.040434
0.038092
0.036219
0.052808
0.035549
0.035071
0.034974
0.050537
0.034066
0.033513
0.049439
0.049717
0.049654
0.049024
0.050211
0.048752
0.048423
0.049021
0.038298
0.037671
0.039608
0.06002
0.035901
0.035109
0.035152
0.034921
0.034801
0.044395
0.043899
0.043972
0.034965
0.05801
0.034363
0.044722
0.054868
0.036766
0.052082
0.035403
0.050954
0.034565
0.034109
0.049389
0.049642
0.050566
0.051393
0.051019
0.049451
0.048188
0.048491
0.04808
0.048533
0.037282
0.037995
0.037214
0.036246
0.036507
0.057625
0.036169
0.057026
0.056346
0.055776
0.068548
0.061259
0.046508
0.057728
0.033952
0.045891
0.044802
0.053917
0.052471
0.052594
0.035723
0.03417
0.034119
0.033957
0.049052
0.050178
0.051089
0.050247
0.049687
0.048724
0.065988
0.047753
0.065072
0.037534
0.037004
0.036536
0.035897
0.037498
0.036462
0.058531
0.056914
0.056177
0.055622
0.069024
0.053275
0.047016
0.04672
0.046986
0.046788
0.045016
0.04425
0.053956
0.054101
0.051184
0.050785
0.049727
0.049422
0.049784
0.049727
0.051022
0.050314
0.050258
0.048202
0.066093
0.075003
0.064973
0.036846
0.037308
0.035561
0.035658
0.03666
0.059518
0.059316
0.036235
0.034779
0.055767
0.069608
0.056153
0.049103
0.04828
0.047649
0.047295
0.045406
0.044375
0.043786
0.053711
0.052209
0.051582
0.05171
0.034101
0.049386
0.050046
0.050721
0.070388
0.049156
0.048728
0.066164
0.066085
0.065302
0.035675
0.036483
0.035953
0.036361
0.03611
0.036102
0.057615
0.057579
0.035252
0.055792
0.05682
0.058164
0.054714
0.049566
0.047319
0.046512
0.045659
0.045405
0.044018
0.05437
0.053836
0.052041
0.051572
0.050886
0.051102
0.049338
0.06827
0.068316
0.067819
0.067372
0.066976
0.065887
0.065245
0.03592
0.035482
0.035495
0.035989
0.035895
0.03498
0.057313
0.057511
0.058231
0.056159
0.058116
0.056211
0.059192
0.049985
0.04689
0.04637
0.045845
0.04633
0.044825
0.054873
0.054239
0.052416
0.051714
0.070922
0.051569
0.068858
0.068464
0.067353
0.06769
0.067136
0.036467
0.036302
0.065555
0.03617
0.045153
0.045257
0.044593
0.044979
0.044835
0.056554
0.057152
0.05816
0.058125
0.056117
0.056094
0.057153
0.053927
0.059162
0.057909
0.046527
0.045268
0.055768
0.044411
0.054301
0.054293
0.070965
0.070855
0.070035
0.069977
0.068192
0.069512
0.06764
0.067358
0.036844
0.036288
0.036302
0.03642
0.035404
0.056537
0.044486
0.043843
0.035181
0.035119
0.035352
0.056902
0.057525
0.057331
0.057315
0.055812
0.056187
0.048883
0.079861
0.046189
0.045716
0.056709
0.04499
0.062045
0.060333
0.07271
0.072095
0.07137
0.070674
0.070702
0.07072
0.068539
0.037444
0.066435
0.066534
0.066273
0.057466
0.035638
0.070855
0.071093
0.070758
0.069689
0.056616
0.058285
0.057717
0.058023
0.078575
0.057503
0.078306
0.056854
0.053662
0.058957
0.057931
0.045634
0.045905
0.044999
0.061516
0.061617
0.060036
0.058555
0.071708
0.03973
0.071761
0.039378
0.038016
0.037442
0.036301
0.036066
0.065352
0.071526
0.056678
0.070742
0.044774
0.07005
0.070123
0.056274
0.057246
0.05941
0.057731
0.05775
0.079736
0.078284
0.057761
0.056623
0.085608
0.058462
0.063406
0.046017
0.045882
0.061387
0.062032
0.074512
0.059125
0.071674
0.031465
0.031672
0.03914
0.038839
0.0371
0.036384
0.035903
0.065784
0.070543
0.071354
0.070393
0.070958
0.070733
0.070134
0.070238
0.057433
0.05898
0.058675
0.056499
0.078645
0.081317
0.078874
0.056399
0.054323
0.059289
0.057997
0.056865
0.056371
0.055915
0.060673
0.060136
0.05947
0.058766
0.031035
0.040103
0.039647
0.039021
0.037584
0.037019
0.036451
0.036125
0.070744
0.070191
0.044441
0.070569
0.056978
0.070394
0.070389
0.058662
0.058687
0.059577
0.058065
0.059594
0.080924
0.079147
0.078083
0.077089
0.070931
0.064596
0.045875
0.056615
0.056107
0.055363
0.05518
0.073017
0.07308
0.071743
0.037999
0.038923
0.03859
0.037583
0.066784
0.036791
0.036206
0.11745
0.11821
0.095232
0.073487
0.056653
0.057647
0.053149
0.04852
0.050064
0.038521
0.039293
0.040536
0.037369
0.036803
0.037118
0.036578
0.03562
0.046803
0.034353
0.034751
0.035132
0.035488
0.035194
0.046247
0.033931
0.033927
0.044784
0.044739
0.051571
0.039333
0.039337
0.039277
0.044633
0.11857
0.11901
0.095392
0.073004
0.056566
0.046237
0.046187
0.039441
0.049284
0.044754
0.039223
0.049489
0.03707
0.036769
0.036574
0.036378
0.035982
0.035325
0.03473
0.035253
0.036271
0.035494
0.035407
0.045534
0.033914
0.044843
0.044793
0.033145
0.032877
0.033059
0.032755
0.051585
0.035521
0.097583
0.11852
0.097236
0.065408
0.056656
0.047053
0.052204
0.039698
0.040976
0.049769
0.039363
0.04963
0.03752
0.036315
0.035986
0.035471
0.035186
0.034897
0.034836
0.035237
0.034842
0.046409
0.04711
0.045488
0.034284
0.033842
0.033917
0.033435
0.032839
0.032811
0.051377
0.051169
0.041157
0.099241
0.097532
0.095205
0.074902
0.054671
0.050203
0.045993
0.039563
0.039742
0.039465
0.031431
0.039965
0.039116
0.036958
0.035976
0.036319
0.035921
0.034719
0.047077
0.035237
0.046831
0.046034
0.046232
0.046049
0.034118
0.033343
0.033304
0.03948
0.039322
0.03296
0.032991
0.050817
0.049943
0.097623
0.09872
0.098404
0.075562
0.057076
0.048838
0.046848
0.039956
0.040451
0.04061
0.031619
0.039206
0.049536
0.037238
0.036475
0.035978
0.04761
0.046583
0.046563
0.046206
0.03679
0.036727
0.037251
0.036529
0.045363
0.045005
0.044501
0.044295
0.039375
0.032903
0.051222
0.050428
0.049142
0.099832
0.12019
0.09882
0.074825
0.046619
0.058042
0.042346
0.041025
0.040936
0.04015
0.039844
0.040004
0.049303
0.036472
0.047239
0.046795
0.046443
0.046731
0.046853
0.045977
0.036938
0.036175
0.036637
0.037079
0.045437
0.044884
0.044194
0.05131
0.044094
0.032741
0.039115
0.037135
0.04729
0.12365
0.1187
0.083011
0.076556
0.057785
0.046679
0.048305
0.040744
0.040959
0.031639
0.032432
0.031955
0.049301
0.047208
0.046986
0.046865
0.0468
0.047088
0.047058
0.037534
0.046462
0.036997
0.036573
0.037035
0.036252
0.035955
0.041394
0.039927
0.051257
0.050754
0.03863
0.049478
0.037865
0.1
0.10103
0.086466
0.078043
0.058606
0.059249
0.042372
0.040758
0.032524
0.031916
0.031732
0.040441
0.049642
0.04923
0.048672
0.047398
0.047805
0.047224
0.04654
0.046275
0.036899
0.036499
0.036795
0.036915
0.036469
0.036438
0.035641
0.051291
0.051236
0.050722
0.050565
0.039082
0.038701
0.099071
0.1034
0.088339
0.079395
0.060419
0.047897
0.053062
0.039491
0.031705
0.031512
0.03155
0.031666
0.039531
0.039397
0.038746
0.03774
0.047982
0.046622
0.046385
0.036731
0.036741
0.066441
0.066184
0.03656
0.036626
0.036208
0.035625
0.041649
0.051384
0.041607
0.051007
0.050818
0.051026
0.097007
0.10179
0.091547
0.066912
0.051026
0.039997
0.034864
0.032439
0.063691
0.077761
0.031624
0.039882
0.040084
0.039584
0.039378
0.048546
0.048115
0.047758
0.047191
0.037115
0.036425
0.065613
0.065309
0.036203
0.036256
0.036264
0.035871
0.044212
0.044503
0.04487
0.035383
0.043931
0.051022
0.097012
0.099694
0.077692
0.067296
0.052208
0.041622
0.035557
0.032429
0.077741
0.076533
0.077186
0.03992
0.031325
0.031298
0.039736
0.038743
0.037952
0.037481
0.03706
0.036562
0.036087
0.066433
0.065283
0.036038
0.036394
0.03661
0.044905
0.045324
0.04541
0.044655
0.035971
0.044364
0.041446
0.079847
0.079197
0.078311
0.076291
0.077402
0.068374
0.064711
0.078603
0.078215
0.077251
0.076061
0.039964
0.039859
0.039797
0.072572
0.070626
0.037209
0.037337
0.037292
0.036039
0.065488
0.065541
0.036621
0.036463
0.036623
0.03699
0.036684
0.045305
0.045243
0.0454
0.035958
0.035929
0.035319
0.078043
0.078278
0.078203
0.078222
0.077325
0.068651
0.064329
0.046077
0.078396
0.077632
0.076152
0.075047
0.074577
0.072533
0.07209
0.069912
0.069507
0.067857
0.066728
0.036329
0.066448
0.036447
0.036642
0.036722
0.037
0.036858
0.045655
0.045204
0.0451
0.045234
0.035645
0.041577
0.041421
0.077271
0.07852
0.078256
0.078858
0.078899
0.071006
0.065858
0.046833
0.046064
0.063275
0.056083
0.055524
0.074652
0.074142
0.072104
0.070461
0.068836
0.069331
0.06664
0.066768
0.066668
0.066709
0.03678
0.036568
0.03723
0.037161
0.045368
0.044766
0.045364
0.045033
0.044113
0.043849
0.041182
0.077401
0.079021
0.078577
0.077142
0.057647
0.052607
0.047968
0.046919
0.045768
0.04526
0.062635
0.076422
0.075275
0.074429
0.059314
0.070756
0.038736
0.068502
0.067385
0.067223
0.067881
0.037149
0.067265
0.036876
0.036459
0.036286
0.035845
0.044218
0.044679
0.044101
0.0354
0.035664
0.041449
0.069754
0.078306
0.077997
0.057367
0.057116
0.054191
0.047576
0.046305
0.057548
0.045878
0.062892
0.062354
0.075857
0.074031
0.072566
0.073327
0.070841
0.069765
0.068892
0.037454
0.037529
0.067664
0.067778
0.06654
0.03645
0.035872
0.035978
0.044666
0.04461
0.044757
0.044644
0.035994
0.04413
0.055795
0.056412
0.055749
0.057749
0.05623
0.054495
0.04772
0.046634
0.058027
0.045613
0.045162
0.062421
0.075953
0.054501
0.053653
0.072444
0.039188
0.038612
0.06833
0.03749
0.068188
0.068607
0.068193
0.067327
0.066789
0.036646
0.036051
0.036128
0.044889
0.045894
0.03673
0.04526
0.045162
0.056672
0.057328
0.056059
0.056148
0.06944
0.068934
0.061412
0.047362
0.058021
0.056748
0.056426
0.055977
0.076133
0.054147
0.072739
0.072602
0.070394
0.038278
0.068644
0.068938
0.068453
0.06742
0.067043
0.067907
0.067269
0.037005
0.036623
0.0449
0.044236
0.036433
0.036375
0.044686
0.033721
0.057613
0.056135
0.05614
0.055783
0.069461
0.069301
0.062994
0.046648
0.058061
0.057385
0.056508
0.044734
0.061999
0.075333
0.073362
0.072937
0.039799
0.03918
0.038729
0.038056
0.068018
0.067893
0.06765
0.037146
0.036496
0.046093
0.045692
0.036578
0.036654
0.045117
0.044735
0.044765
0.045576
0.05725
0.056983
0.056673
0.06966
0.055789
0.068783
0.044297
0.034508
0.057394
0.057886
0.05735
0.045553
0.055764
0.055335
0.074688
0.031315
0.039287
0.039697
0.038825
0.038288
0.069131
0.068688
0.037774
0.036817
0.036814
0.037228
0.047767
0.037585
0.036532
0.044986
0.044827
0.033196
0.034114
0.056976
0.057043
0.056912
0.069312
0.068873
0.034825
0.068439
0.048685
0.043611
0.058058
0.057502
0.045254
0.044667
0.055266
0.07493
0.031301
0.040052
0.039841
0.039475
0.068955
0.069177
0.067762
0.036968
0.037076
0.036464
0.037267
0.046065
0.045864
0.046255
0.0449
0.044406
0.033046
0.033017
0.056745
0.05721
0.035822
0.034717
0.035021
0.035468
0.034951
0.050901
0.047223
0.046223
0.057265
0.045292
0.045163
0.061294
0.075151
0.073762
0.059107
0.039308
0.039786
0.068702
0.068088
0.067467
0.036776
0.036659
0.036631
0.036894
0.045513
0.036314
0.045377
0.044846
0.041266
0.044111
0.03274
0.069938
0.057251
0.044311
0.044448
0.044182
0.044258
0.034822
0.065797
0.046922
0.058546
0.057147
0.05704
0.046181
0.062024
0.07563
0.074433
0.073285
0.071721
0.03919
0.068759
0.068563
0.037339
0.036931
0.036704
0.036702
0.036341
0.036129
0.035978
0.035726
0.044392
0.04151
0.041601
0.035338
0.05619
0.03524
0.035868
0.035266
0.04433
0.043661
0.056021
0.054959
0.048945
0.04744
0.046267
0.045763
0.045062
0.07599
0.075474
0.074288
0.0725
0.070405
0.071022
0.06904
0.068262
0.068213
0.036985
0.036902
0.036562
0.036645
0.036921
0.035733
0.041776
0.044255
0.035539
0.050921
0.041192
0.034902
0.035336
0.036257
0.044513
0.042938
0.043941
0.04432
0.069233
0.062965
0.046521
0.046434
0.046188
0.045162
0.076742
0.075802
0.074359
0.0735
0.072173
0.0718
0.069531
0.069989
0.068206
0.037127
0.036647
0.036172
0.03666
0.036534
0.045005
0.035597
0.035647
0.041696
0.044244
0.041574
0.034933
0.035018
0.035512
0.043892
0.04297
0.043775
0.043062
0.069749
0.053766
0.047373
0.046584
0.046013
0.078432
0.076618
0.074755
0.073726
0.072695
0.073164
0.071498
0.070276
0.070909
0.037873
0.037803
0.037662
0.036998
0.037016
0.036774
0.036376
0.035824
0.035665
0.041586
0.044553
0.036041
0.035288
0.035946
0.035703
0.035108
0.044565
0.04445
0.044095
0.055963
0.056434
0.049621
0.046908
0.058252
0.056635
0.055827
0.075298
0.073865
0.074093
0.073438
0.072882
0.07152
0.070138
0.038643
0.069572
0.067755
0.068318
0.036726
0.036376
0.037196
0.037139
0.035953
0.051617
0.04504
0.044769
0.035866
0.03579
0.035942
0.034982
0.044425
0.035279
0.056115
0.035414
0.056974
0.052855
0.0476
0.058221
0.057194
0.056104
0.056099
0.074838
0.074547
0.074473
0.073632
0.071138
0.071222
0.039308
0.038609
0.069422
0.037714
0.037448
0.037376
0.037521
0.037223
0.03636
0.03589
0.044887
0.044575
0.03629
0.035055
0.044948
0.035092
0.04452
0.034823
0.034769
0.057967
0.056905
0.055501
0.049063
0.047123
0.045942
0.056847
0.07732
0.061824
0.074643
0.05996
0.03163
0.03931
0.070905
0.07159
0.039057
0.038995
0.038048
0.037751
0.038164
0.038161
0.037235
0.036248
0.03551
0.035966
0.044518
0.03656
0.03537
0.044422
0.044417
0.044401
0.044352
0.044146
0.035489
0.035852
0.057965
0.054419
0.048723
0.058408
0.062984
0.062476
0.061712
0.07419
0.073024
0.040254
0.040194
0.039027
0.071717
0.071731
0.070057
0.068429
0.037692
0.067931
0.037685
0.036419
0.03642
0.035933
0.035671
0.041716
0.036208
0.035596
0.035129
0.035073
0.044602
0.034969
0.036135
0.03648
0.058852
0.057446
0.056291
0.050152
0.04851
0.06575
0.045366
0.076717
0.072762
0.073566
0.060121
0.031121
0.071759
0.072129
0.05734
0.039477
0.067862
0.036922
0.067083
0.067768
0.06603
0.035635
0.065692
0.065569
0.035883
0.044978
0.035426
0.035571
0.035186
0.035704
0.05709
0.056617
0.056919
0.059572
0.058404
0.057683
0.053581
0.050191
0.047742
0.047323
0.0454
0.056146
0.054074
0.060731
0.073945
0.059354
0.058526
0.071854
0.039531
0.068192
0.06791
0.06754
0.066188
0.066159
0.065874
0.066006
0.065908
0.036248
0.035314
0.035755
0.036139
0.036487
0.034946
0.056586
0.05725
0.059974
0.059617
0.058938
0.058055
0.057948
0.049818
0.047606
0.048112
0.046271
0.045108
0.044528
0.044224
0.060831
0.060502
0.058574
0.057617
0.070822
0.068824
0.067012
0.06766
0.067515
0.067108
0.066244
0.065652
0.035781
0.036191
0.035336
0.036
0.058642
0.058573
0.056757
0.057989
0.061002
0.061585
0.061451
0.059278
0.05841
0.057823
0.051897
0.047695
0.047678
0.04713
0.0638
0.044921
0.061218
0.060694
0.061501
0.059343
0.058538
0.071918
0.071213
0.069695
0.049314
0.067863
0.067114
0.066262
0.064982
0.075094
0.06608
0.036381
0.059925
0.059572
0.060143
0.057171
0.058879
0.061066
0.060012
0.05912
0.058798
0.057371
0.058124
0.036106
0.047885
0.048063
0.066369
0.046605
0.045795
0.045247
0.044079
0.060415
0.031559
0.058505
0.071299
0.07127
0.057404
0.070407
0.06833
0.06719
0.067292
0.065462
0.065442
0.066489
0.036894
0.036815
0.059272
0.058666
0.058825
0.060315
0.060225
0.060134
0.060714
0.060549
0.060102
0.059042
0.058587
0.051397
0.050064
0.06872
0.04659
0.046084
0.04613
0.044272
0.074201
0.07352
0.072551
0.071447
0.071207
0.071477
0.070335
0.067887
0.066445
0.04806
0.047666
0.047124
0.065553
0.036933
0.038393
0.060988
0.06197
0.061174
0.06165
0.060198
0.061639
0.061746
0.058926
0.060941
0.0587
0.059016
0.058115
0.051196
0.049785
0.046779
0.046241
0.045436
0.054976
0.053909
0.071271
0.069554
0.070279
0.069942
0.070643
0.057201
0.068666
0.048368
0.066567
0.047428
0.047455
0.064923
0.062838
0.062772
0.06388
0.064558
0.062033
0.062711
0.061715
0.061826
0.060463
0.060244
0.061302
0.0599
0.059465
0.060028
0.053241
0.047437
0.046509
0.046654
0.045041
0.055643
0.054305
0.052988
0.071781
0.072013
0.051383
0.051672
0.071196
0.069495
0.049459
0.048868
0.067272
0.066211
0.06506
0.065327
0.039187
0.064634
0.062176
0.062993
0.065224
0.065044
0.063713
0.037952
0.061621
0.036352
0.061158
0.061317
0.060397
0.059074
0.050678
0.047892
0.046939
0.056926
0.056251
0.055132
0.054599
0.053177
0.05307
0.051993
0.052699
0.051786
0.051809
0.069729
0.049334
0.049158
0.048392
0.047325
0.038109
0.041373
0.041113
0.040798
0.040884
0.053613
0.053444
0.031917
0.03979
0.03794
0.037044
0.038552
0.036259
0.037804
0.037235
0.054518
0.049362
0.047146
0.033827
0.041076
0.044238
0.054803
0.054187
0.053619
0.042011
0.052275
0.052266
0.051826
0.052056
0.049336
0.048668
0.067761
0.067128
0.039164
0.052246
0.03299
0.041478
0.04159
0.032673
0.053619
0.040661
0.038774
0.038778
0.038829
0.039396
0.037447
0.035943
0.036153
0.036857
0.051497
0.048127
0.046219
0.033314
0.055616
0.055071
0.055003
0.054174
0.053107
0.042639
0.051966
0.041606
0.050549
0.049448
0.049068
0.049247
0.06724
0.039392
0.041598
0.041395
0.041486
0.032773
0.065767
0.065676
0.041209
0.0406
0.039163
0.038621
0.039998
0.037136
0.037668
0.059098
0.036833
0.054417
0.048515
0.047367
0.046014
0.044822
0.055681
0.055015
0.054303
0.042665
0.043045
0.04235
0.041645
0.051821
0.050547
0.06974
0.050235
0.068713
0.038553
0.037962
0.058664
0.035827
0.053596
0.066961
0.065213
0.05744
0.056403
0.055292
0.053933
0.051963
0.051775
0.069534
0.068096
0.067041
0.05557
0.054618
0.073014
0.051155
0.05036
0.050146
0.048213
0.048254
0.078596
0.047885
0.047954
0.079341
0.078875
0.078762
0.078082
0.043771
0.043724
0.038003
0.037457
0.03766
0.037033
0.056002
0.04996
0.048165
0.046187
0.056358
0.054977
0.053648
0.052285
0.051277
0.068704
0.06786
0.056613
0.055278
0.054912
0.053167
0.050855
0.050518
0.049844
0.049784
0.048354
0.079013
0.079031
0.07824
0.079513
0.079269
0.078256
0.077991
0.078035
0.043497
0.040643
0.037688
0.038181
0.037469
0.057
0.050097
0.049272
0.046685
0.05764
0.055179
0.053665
0.052666
0.051031
0.050431
0.04952
0.048548
0.055705
0.053474
0.053054
0.052132
0.051076
0.049841
0.048619
0.048514
0.07899
0.078326
0.078802
0.078727
0.078929
0.078961
0.043556
0.077107
0.043792
0.040219
0.040131
0.038547
0.03875
0.055863
0.050158
0.04832
0.046628
0.04585
0.05585
0.054208
0.052561
0.051354
0.050681
0.049882
0.048965
0.055717
0.054886
0.053751
0.05247
0.05155
0.050073
0.050028
0.048557
0.0481
0.079206
0.079208
0.079174
0.078486
0.079018
0.043895
0.077381
0.076842
0.031575
0.039789
0.038255
0.039171
0.058663
0.050388
0.047234
0.057992
0.046036
0.056722
0.05472
0.052773
0.051286
0.050478
0.050802
0.049879
0.055662
0.055405
0.054314
0.05142
0.050842
0.070029
0.070093
0.079698
0.06893
0.068361
0.079444
0.079466
0.079364
0.078967
0.079323
0.043747
0.077941
0.032738
0.031599
0.039684
0.061078
0.057762
0.050518
0.046857
0.058034
0.0565
0.054959
0.054332
0.052807
0.051349
0.051865
0.050863
0.048657
0.047834
0.055339
0.054872
0.051799
0.050896
0.070088
0.079791
0.068645
0.068401
0.068363
0.068478
0.079432
0.044033
0.078811
0.079087
0.044113
0.043602
0.033011
0.03179
0.040263
0.038326
0.057908
0.050567
0.046606
0.057544
0.056345
0.054563
0.053174
0.051721
0.03599
0.050912
0.050481
0.0488
0.048507
0.047537
0.055038
0.052474
0.051073
0.070743
0.068716
0.068621
0.079485
0.079487
0.06872
0.068659
0.079245
0.078811
0.079049
0.079384
0.043967
0.039117
0.04071
0.031567
0.038741
0.056901
0.051929
0.034709
0.057908
0.056146
0.054719
0.053212
0.052701
0.051668
0.050333
0.049875
0.049198
0.048
0.048079
0.055295
0.053163
0.051765
0.051029
0.050061
0.068597
0.079364
0.068677
0.068912
0.079273
0.079221
0.07888
0.078695
0.043995
0.078577
0.040661
0.040754
0.051213
0.060779
0.056036
0.035936
0.035874
0.034681
0.042763
0.040588
0.054011
0.052838
0.05203
0.050955
0.034217
0.049276
0.048753
0.048072
0.054542
0.051913
0.052164
0.053282
0.050825
0.068954
0.068654
0.068048
0.067896
0.068227
0.067821
0.079093
0.078735
0.078983
0.043923
0.040548
0.040025
0.064252
0.060929
0.037145
0.035837
0.034626
0.034808
0.034008
0.040778
0.038179
0.05222
0.051346
0.051289
0.049799
0.048824
0.048123
0.047648
0.054544
0.054446
0.07408
0.053492
0.071793
0.069761
0.06986
0.06849
0.079289
0.067862
0.0684
0.06783
0.079131
0.079001
0.044114
0.031511
0.040722
0.06304
0.037769
0.035356
0.035064
0.034725
0.034679
0.034079
0.042295
0.038128
0.036558
0.036762
0.035931
0.034798
0.049275
0.048548
0.047909
0.055015
0.053276
0.054356
0.074667
0.072657
0.072319
0.071111
0.070302
0.068798
0.068266
0.079112
0.078806
0.06787
0.043117
0.043067
0.03862
0.038839
0.059805
0.03615
0.035949
0.034994
0.034943
0.035026
0.034662
0.042708
0.040378
0.03753
0.03625
0.035786
0.050864
0.049628
0.049067
0.048494
0.055165
0.055268
0.054974
0.07457
0.07326
0.072998
0.072521
0.069343
0.069492
0.069586
0.068266
0.079031
0.078979
0.043117
0.042956
0.037927
0.037008
0.036767
0.036052
0.035514
0.034789
0.035491
0.035477
0.034637
0.042243
0.040675
0.037529
0.037022
0.035937
0.035024
0.049413
0.04936
0.047822
0.047502
0.047453
0.055103
0.0747
0.074258
0.071982
0.071461
0.072453
0.07008
0.070079
0.079146
0.067608
0.068561
0.068052
0.067694
0.039071
0.03614
0.036117
0.035713
0.044254
0.043395
0.034589
0.035141
0.043666
0.042929
0.040872
0.037953
0.037181
0.052208
0.050309
0.04963
0.048835
0.048472
0.047733
0.055291
0.055327
0.054688
0.073584
0.051345
0.051957
0.07062
0.070591
0.069163
0.068627
0.069212
0.069459
0.070673
0.042329
0.038081
0.059535
0.035203
0.035031
0.04393
0.043147
0.034967
0.034687
0.044152
0.043273
0.041308
0.038932
0.054254
0.051017
0.051181
0.049826
0.049314
0.048457
0.047728
0.04768
0.055221
0.053491
0.073318
0.0533
0.051528
0.05104
0.050026
0.070189
0.069039
0.067755
0.068015
0.069132
0.068833
0.063839
0.036584
0.036266
0.035698
0.044348
0.043862
0.043968
0.043698
0.034368
0.034039
0.033321
0.040131
0.054893
0.052217
0.052199
0.050236
0.050112
0.048633
0.047722
0.04763
0.05514
0.075489
0.075116
0.07465
0.072656
0.051219
0.072227
0.071785
0.069299
0.069223
0.069067
0.069883
0.069219
0.038617
0.038525
0.036635
0.037459
0.035954
0.035031
0.034989
0.034989
0.044046
0.034137
0.033869
0.040896
0.038522
0.053633
0.053576
0.051707
0.050388
0.050143
0.048499
0.048267
0.047839
0.047468
0.065517
0.065339
0.0749
0.073516
0.071703
0.071076
0.071611
0.069462
0.072447
0.069248
0.06922
0.063284
0.060498
0.037805
0.038496
0.037247
0.037433
0.034928
0.034723
0.043878
0.034497
0.033773
0.04503
0.055686
0.053617
0.054017
0.053132
0.051765
0.050493
0.048386
0.048344
0.047758
0.066737
0.065483
0.065044
0.075188
0.074341
0.072207
0.073513
0.072196
0.071599
0.070563
0.070776
0.070114
0.062848
0.061501
0.037453
0.038543
0.03771
0.036707
0.034718
0.034821
0.044282
0.043946
0.045679
0.056828
0.044293
0.054959
0.052752
0.052785
0.051276
0.050703
0.049562
0.048475
0.047763
0.048188
0.066284
0.055031
0.075101
0.064899
0.075012
0.073695
0.073962
0.044427
0.07104
0.070108
0.068423
0.038586
0.036941
0.036159
0.036235
0.03748
0.035924
0.037222
0.036341
0.034856
0.034523
0.033965
0.055822
0.055179
0.053284
0.037372
0.052197
0.051956
0.050538
0.049025
0.047742
0.055287
0.055171
0.065919
0.065361
0.07503
0.065155
0.065064
0.07442
0.073978
0.045342
0.0717
0.070224
0.06903
0.039752
0.038616
0.03736
0.036565
0.036351
0.036533
0.037616
0.036571
0.035486
0.034676
0.034236
0.056583
0.054634
0.054077
0.052348
0.051741
0.051081
0.049756
0.048656
0.047823
0.047512
0.047572
0.047373
0.065206
0.065285
0.065376
0.075041
0.074934
0.074607
0.045411
0.044601
0.072058
0.070083
0.03939
0.037276
0.036345
0.03618
0.035552
0.035225
0.036011
0.036672
0.034956
0.044082
0.046296
0.045349
0.056623
0.054424
0.052397
0.051535
0.050667
0.049743
0.047992
0.047623
0.055322
0.047617
0.047649
0.048114
0.066216
0.065574
0.065014
0.074793
0.074208
0.074357
0.074323
0.044738
0.043021
0.039986
0.03803
0.036233
0.036284
0.035063
0.034648
0.036029
0.035802
0.036297
0.047841
0.04587
0.057142
0.056383
0.055105
0.052106
0.051634
0.050297
0.049619
0.048146
0.047673
0.047882
0.048296
0.047928
0.047797
0.066122
0.065368
0.065563
0.038698
0.064981
0.074833
0.07507
0.07357
0.072605
0.038128
0.037652
0.035901
0.035977
0.035505
0.035474
0.035855
0.036122
0.036064
0.04743
0.058089
0.056417
0.05545
0.05398
0.052587
0.051008
0.050684
0.04895
0.049199
0.047786
0.055407
0.048324
0.048253
0.048371
0.048276
0.06761
0.065704
0.06614
0.065307
0.064932
0.075002
0.074284
0.071044
0.038297
0.038712
0.03666
0.03635
0.035846
0.034645
0.035219
0.035582
0.035129
0.046998
0.057276
0.056904
0.056649
0.054423
0.052618
0.050996
0.051066
0.049996
0.049042
0.048902
0.048173
0.048657
0.048759
0.048228
0.067584
0.068387
0.067802
0.040524
0.066772
0.065458
0.064947
0.07415
0.071878
0.03896
0.03903
0.038316
0.037146
0.036206
0.034797
0.034762
0.044053
0.034699
0.059398
0.05762
0.056839
0.056488
0.05485
0.052682
0.051391
0.052025
0.050191
0.04931
0.049167
0.049002
0.047916
0.048656
0.049454
0.068292
0.069627
0.040451
0.039935
0.067811
0.038338
0.037862
0.074221
0.074494
0.03948
0.039984
0.038252
0.037745
0.036065
0.044451
0.043953
0.043466
0.043425
0.062809
0.058269
0.057072
0.056695
0.056187
0.053348
0.052718
0.051851
0.051209
0.05013
0.050333
0.048734
0.047737
0.047936
0.067614
0.068624
0.070276
0.070833
0.069586
0.038131
0.066657
0.064998
0.07483
0.073642
0.038899
0.040485
0.037952
0.037785
0.037167
0.035776
0.044422
0.043573
0.043964
0.053893
0.047057
0.057708
0.056882
0.056972
0.053691
0.052979
0.052431
0.052192
0.050913
0.049905
0.049879
0.048599
0.048907
0.068468
0.069042
0.069506
0.068069
0.067167
0.066223
0.065316
0.07433
0.074085
0.071812
0.041048
0.038908
0.038833
0.037713
0.038536
0.03647
0.035603
0.044366
0.035362
0.056682
0.060991
0.0577
0.058069
0.056642
0.054982
0.054609
0.054345
0.052438
0.036119
0.034772
0.049994
0.049039
0.049304
0.068806
0.06808
0.06824
0.06733
0.06684
0.066495
0.064917
0.074529
0.069651
0.069562
0.038973
0.038926
0.037271
0.038774
0.037007
0.037649
0.036309
0.036082
0.035092
0.036463
0.053229
0.05865
0.057689
0.057472
0.056329
0.054635
0.054959
0.037831
0.053065
0.03529
0.049673
0.049534
0.04921
0.049001
0.067191
0.067064
0.066469
0.065761
0.065005
0.064921
0.07476
0.071464
0.070303
0.038203
0.014462
0.038257
0.037311
0.037573
0.036864
0.036531
0.037367
0.059238
0.036761
0.056727
0.049312
0.046413
0.04594
0.046102
0.056645
0.054999
0.054912
0.052463
0.051507
0.049706
0.049419
0.049137
0.048438
0.048415
0.048494
0.048102
0.065501
0.054661
0.074573
0.054783
0.054052
0.051909
0.014302
0.037458
0.037706
0.036464
0.038015
0.036838
0.036606
0.063228
0.063175
0.061082
0.056719
0.052452
0.046996
0.057882
0.045985
0.056202
0.054033
0.053278
0.052545
0.051136
0.049485
0.048973
0.048457
0.047863
0.047643
0.048213
0.054952
0.04725
0.054907
0.055022
0.054249
0.054148
0.053072
0.01404
0.036254
0.037305
0.037223
0.038338
0.036482
0.037529
0.038909
0.039954
0.06126
0.060239
0.056693
0.048155
0.047356
0.057517
0.056945
0.054667
0.053073
0.051576
0.050947
0.050433
0.049888
0.048599
0.055449
0.047683
0.047823
0.047676
0.055091
0.047216
0.054767
0.054837
0.054006
0.054181
0.013897
0.036634
0.037806
0.038209
0.038035
0.037924
0.037049
0.039192
0.038891
0.039236
0.060909
0.057755
0.054231
0.047817
0.046431
0.056498
0.05449
0.053109
0.052006
0.0517
0.050535
0.049076
0.048158
0.047813
0.047809
0.047764
0.047891
0.047636
0.054574
0.054497
0.054241
0.05308
0.054356
0.013933
0.035475
0.036745
0.036963
0.038073
0.037936
0.038821
0.039425
0.040503
0.038872
0.061034
0.060592
0.056178
0.049193
0.046283
0.056701
0.056138
0.054409
0.053278
0.051722
0.050428
0.049603
0.048418
0.055214
0.055374
0.055482
0.066507
0.047504
0.047428
0.054411
0.053769
0.053373
0.053283
0.036881
0.035914
0.035319
0.03626
0.036663
0.037883
0.03689
0.037922
0.038416
0.061101
0.062998
0.062975
0.060278
0.054183
0.046914
0.057458
0.04534
0.05432
0.053672
0.051571
0.050327
0.049581
0.056451
0.055266
0.054773
0.04769
0.066699
0.055227
0.055146
0.054888
0.053451
0.053562
0.052083
0.037671
0.036376
0.035469
0.036265
0.03614
0.03657
0.036455
0.036509
0.036428
0.05862
0.060102
0.061217
0.061237
0.056496
0.047919
0.057903
0.056623
0.054712
0.053275
0.051692
0.050496
0.049407
0.056146
0.055088
0.054738
0.055401
0.047814
0.065437
0.055188
0.054569
0.054232
0.074575
0.054723
0.036951
0.036899
0.035853
0.036437
0.036619
0.036222
0.036163
0.057294
0.036031
0.059361
0.060389
0.061294
0.0603
0.05707
0.051385
0.058014
0.057126
0.054357
0.052777
0.052508
0.0508
0.057707
0.057207
0.056349
0.076554
0.055577
0.054982
0.055309
0.055229
0.075095
0.047317
0.054989
0.04713
0.036878
0.036416
0.035848
0.036155
0.03673
0.036692
0.036864
0.035929
0.05689
0.057647
0.059015
0.058918
0.057971
0.057231
0.0554
0.059627
0.056179
0.055356
0.053765
0.052848
0.052533
0.050701
0.057412
0.048803
0.066375
0.076254
0.055244
0.055198
0.05525
0.054726
0.048063
0.047423
0.047171
0.03626
0.035362
0.035628
0.036859
0.037288
0.036743
0.036006
0.035185
0.036446
0.060124
0.037224
0.058087
0.035369
0.057244
0.05632
0.064724
0.057963
0.05698
0.055475
0.053553
0.052499
0.051085
0.050182
0.050251
0.048766
0.05577
0.055635
0.055206
0.055135
0.055078
0.047784
0.055041
0.055101
0.036246
0.035988
0.045249
0.035352
0.036541
0.036209
0.035382
0.035914
0.059665
0.059748
0.03596
0.058061
0.059211
0.05854
0.057894
0.05721
0.049677
0.057912
0.056819
0.054107
0.05382
0.053557
0.051924
0.050752
0.049573
0.048491
0.055609
0.054921
0.05473
0.054597
0.054893
0.054527
0.054516
0.036352
0.036116
0.035954
0.035967
0.035613
0.036417
0.037332
0.059011
0.035974
0.035329
0.056907
0.036017
0.05997
0.057917
0.03622
0.03616
0.055354
0.047512
0.058338
0.056329
0.055291
0.055536
0.053782
0.051602
0.050302
0.049358
0.048266
0.055207
0.05522
0.054078
0.05418
0.055013
0.054969
0.042941
0.042227
0.040883
0.040102
0.040303
0.023676
0.023643
0.039903
0.03938
0.038814
0.036731
0.020577
0.050268
0.049939
0.034284
0.019346
0.019091
0.018752
0.018533
0.054787
0.051903
0.050629
0.050785
0.050826
0.049867
0.049548
0.07993
0.048407
0.079244
0.078935
0.078677
0.079029
0.078277
0.042689
0.042375
0.041692
0.041114
0.04078
0.040269
0.040079
0.039998
0.039582
0.03852
0.021363
0.057337
0.020106
0.057855
0.019683
0.056637
0.018771
0.018735
0.018319
0.017723
0.016993
0.051451
0.016625
0.016607
0.05065
0.050441
0.04958
0.0484
0.079295
0.079012
0.07861
0.078879
0.078199
0.042333
0.041965
0.041921
0.041414
0.040534
0.040691
0.03996
0.039902
0.039494
0.022657
0.036561
0.019599
0.019909
0.019742
0.019502
0.018922
0.055152
0.018472
0.017683
0.017612
0.052462
0.016778
0.017273
0.016881
0.051482
0.051181
0.049417
0.048339
0.049516
0.07926
0.078927
0.078597
0.078314
0.042914
0.04223
0.042378
0.04142
0.062607
0.040723
0.023649
0.039903
0.023272
0.038396
0.02094
0.020162
0.019589
0.019807
0.019301
0.018731
0.018814
0.018563
0.032614
0.018256
0.052946
0.051171
0.050997
0.051087
0.050596
0.050829
0.050553
0.049713
0.049659
0.06808
0.078643
0.078484
0.078807
0.043442
0.043087
0.043301
0.042886
0.041668
0.040886
0.040375
0.039879
0.02309
0.02235
0.02061
0.020257
0.020038
0.034395
0.019181
0.01921
0.055789
0.055519
0.032638
0.018607
0.018343
0.054779
0.053113
0.052198
0.050612
0.050989
0.050935
0.05004
0.050025
0.048207
0.078444
0.0784
0.078823
0.043321
0.043706
0.04313
0.043512
0.042495
0.040453
0.02357
0.039876
0.022984
0.022137
0.021068
0.02007
0.020181
0.019865
0.019435
0.018906
0.055496
0.055478
0.04754
0.018626
0.032586
0.018373
0.052974
0.050931
0.050439
0.050326
0.051295
0.051593
0.050684
0.048164
0.047663
0.047615
0.0788
0.034687
0.043864
0.043819
0.04278
0.04108
0.040162
0.040165
0.02341
0.023191
0.02257
0.020903
0.019566
0.019847
0.019626
0.01896
0.018656
0.055564
0.055291
0.018634
0.055276
0.054798
0.018321
0.018239
0.016931
0.050443
0.016156
0.050249
0.050766
0.048211
0.047945
0.047668
0.047589
0.047859
0.0045494
0.044098
0.043109
0.042096
0.041079
0.040909
0.023735
0.039911
0.023256
0.022611
0.02075
0.019759
0.019959
0.019513
0.019235
0.018769
0.018733
0.018593
0.04746
0.047481
0.05498
0.017267
0.017628
0.016433
0.050377
0.050739
0.050388
0.049978
0.015804
0.048133
0.047822
0.047823
0.047992
0.044106
0.0045036
0.0039162
0.041705
0.0414
0.040504
0.023666
0.040071
0.022986
0.022629
0.021118
0.020182
0.019961
0.018269
0.019192
0.019083
0.018305
0.053697
0.054665
0.055371
0.054606
0.018152
0.016938
0.01662
0.016825
0.017163
0.050508
0.049968
0.049545
0.049461
0.049171
0.048021
0.047752
0.004109
0.0045171
0.0041166
0.042346
0.041256
0.040813
0.040252
0.03992
0.02341
0.022732
0.020631
0.018887
0.01962
0.019417
0.019249
0.018603
0.017465
0.018154
0.052046
0.054669
0.054824
0.018238
0.016885
0.016526
0.016282
0.01674
0.016834
0.049621
0.049278
0.049222
0.048073
0.049067
0.047739
0.044297
0.0042194
0.0043332
0.041916
0.041308
0.041722
0.041595
0.040445
0.039757
0.022824
0.021588
0.019911
0.019777
0.019729
0.019156
0.018491
0.01811
0.017115
0.017259
0.017504
0.018291
0.017884
0.017348
0.016431
0.016451
0.016552
0.016586
0.016071
0.016183
0.049221
0.049417
0.04799
0.04781
0.0046494
0.0043897
0.0042931
0.042282
0.041892
0.041745
0.041003
0.040609
0.040435
0.038857
0.021793
0.020347
0.035026
0.019706
0.01923
0.017744
0.017356
0.017657
0.017139
0.01811
0.017825
0.017497
0.01679
0.016507
0.016504
0.01699
0.016352
0.015927
0.015904
0.049209
0.048054
0.047573
0.047798
0.0042391
0.0044069
0.004086
0.041839
0.041789
0.041175
0.040991
0.04072
0.040748
0.039659
0.037761
0.020787
0.035116
0.034587
0.019227
0.055318
0.055312
0.018528
0.018341
0.017352
0.017298
0.016706
0.016346
0.016301
0.01681
0.01661
0.049589
0.016109
0.016031
0.047943
0.015718
0.047757
0.047929
0.0041179
0.0039497
0.0042288
0.0037547
0.0037913
0.041314
0.040296
0.040371
0.040042
0.039903
0.038587
0.036217
0.020407
0.034681
0.019623
0.019073
0.018888
0.055322
0.032567
0.018233
0.016968
0.016318
0.016279
0.01623
0.016494
0.016476
0.050124
0.04932
0.049261
0.048067
0.047989
0.04911
0.047934
0.003919
0.0039299
0.042014
0.041925
0.041642
0.041183
0.040174
0.040304
0.04062
0.039718
0.022478
0.036233
0.02045
0.019852
0.018717
0.018896
0.018853
0.018644
0.047568
0.01862
0.018299
0.01679
0.016386
0.016359
0.016339
0.016115
0.01597
0.049441
0.050301
0.0492
0.048056
0.048006
0.049046
0.0039846
0.041791
0.041461
0.04136
0.041922
0.041771
0.040734
0.04018
0.040625
0.023351
0.022714
0.021341
0.020511
0.020129
0.018981
0.019299
0.018945
0.018475
0.055092
0.018393
0.018222
0.016653
0.016591
0.016511
0.016223
0.050718
0.050061
0.049968
0.05081
0.050289
0.048042
0.047873
0.047955
0.0037515
0.041172
0.0415
0.04097
0.040539
0.041709
0.04082
0.040661
0.040093
0.023221
0.022803
0.021645
0.02044
0.02001
0.019698
0.019064
0.018459
0.054191
0.017679
0.017658
0.052704
0.016444
0.017259
0.016708
0.016233
0.016571
0.051112
0.049987
0.052674
0.05011
0.049187
0.049146
0.049624
0.041519
0.041636
0.041042
0.040887
0.04032
0.040206
0.040228
0.040164
0.040236
0.023525
0.0227
0.021624
0.020711
0.020256
0.01966
0.019264
0.056376
0.055076
0.053723
0.018394
0.01757
0.016792
0.01659
0.016731
0.01662
0.050902
0.051275
0.05123
0.051108
0.050112
0.049583
0.049115
0.049398
0.041056
0.040323
0.040433
0.040935
0.040334
0.023684
0.023554
0.040358
0.040075
0.023624
0.023141
0.022089
0.03615
0.019924
0.019842
0.019262
0.055927
0.055721
0.054719
0.018373
0.052846
0.016755
0.016921
0.016386
0.016499
0.016529
0.050878
0.051836
0.051145
0.051142
0.051738
0.050549
0.050607
0.0036377
0.040314
0.023676
0.023791
0.023708
0.023726
0.023439
0.023495
0.023633
0.023409
0.039642
0.022642
0.021052
0.020268
0.019796
0.019534
0.05689
0.01883
0.017749
0.018215
0.016803
0.016771
0.050303
0.016358
0.016325
0.016154
0.051155
0.050593
0.052112
0.053526
0.0518
0.053408
0.050532
0.003443
0.02369
0.023212
0.021965
0.022578
0.023368
0.023359
0.022907
0.023258
0.02338
0.02348
0.022599
0.021633
0.035539
0.020035
0.019546
0.056535
0.018145
0.052548
0.052392
0.051724
0.052494
0.05017
0.051446
0.050008
0.016481
0.050358
0.051602
0.051629
0.052812
0.051188
0.052118
0.051259
0.0032479
0.023632
0.023369
0.023249
0.023411
0.023211
0.023368
0.02309
0.023122
0.023095
0.02329
0.023069
0.021624
0.020637
0.020118
0.019251
0.056512
0.053377
0.05313
0.052493
0.054384
0.052266
0.051454
0.050402
0.049712
0.015998
0.051003
0.050485
0.049982
0.052245
0.052943
0.051091
0.050858
0.0027221
0.0033622
0.0033713
0.023644
0.0402
0.0031075
0.023417
0.023648
0.02322
0.023388
0.023289
0.023257
0.022215
0.020914
0.020167
0.019183
0.056893
0.05571
0.05429
0.054696
0.052166
0.050302
0.050393
0.049816
0.048584
0.050627
0.016827
0.051654
0.050991
0.051692
0.052285
0.050362
0.050023
0.0033412
0.003301
0.0033225
0.0033028
0.0032366
0.0029244
0.023435
0.0026225
0.023238
0.023146
0.02283
0.023191
0.02273
0.021338
0.019765
0.056551
0.054204
0.05413
0.054364
0.054807
0.053176
0.051865
0.050546
0.050783
0.016311
0.050454
0.052664
0.052586
0.0513
0.053238
0.052681
0.049702
0.04948
0.003592
0.0034009
0.0034195
0.0033069
0.023215
0.023395
0.02349
0.002585
0.022103
0.022478
0.021961
0.023039
0.022607
0.021312
0.019724
0.019005
0.054397
0.054363
0.054193
0.052473
0.053158
0.051896
0.050934
0.051823
0.01651
0.016245
0.05072
0.052078
0.051437
0.052551
0.052722
0.050485
0.050214
0.0035536
0.003479
0.0033035
0.0033415
0.0032732
0.0032455
0.023466
0.002492
0.02225
0.02209
0.0026636
0.021854
0.022973
0.021989
0.020856
0.019455
0.019139
0.054507
0.053846
0.05325
0.052053
0.052204
0.052226
0.051157
0.050988
0.050175
0.050338
0.05231
0.050597
0.050872
0.050506
0.050281
0.049883
0.0036043
0.0034971
0.023694
0.023795
0.023835
0.023342
0.0027886
0.0026038
0.0024317
0.022262
0.023121
0.023151
0.022229
0.022802
0.021199
0.020079
0.058309
0.056901
0.053329
0.052794
0.053705
0.053601
0.054289
0.051857
0.051506
0.050416
0.049686
0.050656
0.049984
0.050728
0.051912
0.050984
0.050146
0.0037103
0.0035008
0.0033504
0.0033333
0.023891
0.023601
0.022757
0.002441
0.022
0.022921
0.022956
0.0232
0.023295
0.022184
0.021349
0.019825
0.020224
0.057646
0.056638
0.054731
0.052392
0.053087
0.052941
0.051536
0.05177
0.051176
0.050153
0.050665
0.051144
0.051169
0.053183
0.05082
0.05121
0.0037817
0.0034527
0.0033218
0.0028643
0.0034194
0.023828
0.0032896
0.023095
0.022478
0.022722
0.023299
0.02334
0.023148
0.022466
0.021825
0.020451
0.0205
0.049973
0.057089
0.055967
0.054943
0.054493
0.052218
0.053556
0.051255
0.052059
0.051002
0.051011
0.051347
0.05244
0.053189
0.053886
0.053006
0.0036354
0.0035611
0.0034958
0.002891
0.003296
0.023752
0.023252
0.0032455
0.023494
0.022541
0.023454
0.023346
0.02283
0.022827
0.022662
0.021244
0.02036
0.058177
0.057707
0.056557
0.054022
0.018189
0.054451
0.053097
0.050815
0.051496
0.051539
0.052707
0.052967
0.05408
0.054414
0.053499
0.0515
0.003746
0.003822
0.0035294
0.0034679
0.0034104
0.0034688
0.023962
0.023861
0.023319
0.022328
0.022158
0.022106
0.023311
0.022374
0.060625
0.059659
0.020885
0.058338
0.019961
0.057263
0.055945
0.055152
0.053076
0.053575
0.052155
0.054066
0.05472
0.054464
0.054692
0.053831
0.054876
0.052929
0.053075
0.0038336
0.0037356
0.0036379
0.0037007
0.0035443
0.040515
0.02403
0.023793
0.023566
0.021962
0.021868
0.022539
0.023391
0.023347
0.052372
0.06022
0.05957
0.051035
0.050008
0.050235
0.04881
0.056113
0.053991
0.053833
0.054256
0.054374
0.054348
0.047274
0.065283
0.0752
0.047205
0.054588
0.053718
0.0038916
0.003827
0.0037964
0.0037896
0.040703
0.0035385
0.040448
0.023934
0.023589
0.023269
0.02255
0.023273
0.023351
0.039962
0.023588
0.022967
0.021981
0.051845
0.050551
0.050145
0.034213
0.056339
0.055278
0.054342
0.055296
0.047367
0.065412
0.05511
0.047429
0.055081
0.054887
0.054772
0.074384
0.0041681
0.0041236
0.0039493
0.041623
0.040889
0.040526
0.024017
0.023932
0.023898
0.02307
0.023481
0.022823
0.023407
0.02337
0.023612
0.023244
0.022643
0.051373
0.051214
0.050697
0.050232
0.056603
0.055982
0.047621
0.047657
0.048311
0.065378
0.065609
0.047183
0.07525
0.054654
0.054837
0.054623
0.0042534
0.0042039
0.0042629
0.042329
0.042025
0.040747
0.04048
0.023814
0.023623
0.023644
0.023594
0.023486
0.02333
0.023534
0.023728
0.052754
0.022875
0.0217
0.050916
0.035263
0.050534
0.049699
0.048456
0.048715
0.048483
0.048331
0.066019
0.04763
0.055068
0.075122
0.047309
0.065194
0.074627
0.0042845
0.0043171
0.043963
0.043038
0.042399
0.041558
0.040685
0.023989
0.023932
0.023902
0.02284
0.023192
0.023242
0.023495
0.040016
0.053783
0.03952
0.022356
0.051203
0.051251
0.050591
0.049345
0.04963
0.048386
0.048336
0.048041
0.047496
0.066412
0.065637
0.075389
0.065215
0.07458
0.054533
0.0046514
0.043248
0.04331
0.044439
0.042973
0.041696
0.041406
0.041312
0.024
0.023927
0.023788
0.023691
0.023422
0.023578
0.040258
0.054223
0.040196
0.052794
0.051694
0.051479
0.050569
0.050293
0.049419
0.048928
0.048521
0.048473
0.047635
0.047583
0.075734
0.075224
0.05446
0.054919
0.054858
0.0046613
0.043829
0.043214
0.044311
0.0441
0.043438
0.041905
0.041253
0.041195
0.041051
0.023848
0.02359
0.023797
0.023679
0.040342
0.054998
0.053731
0.053103
0.052106
0.051142
0.050656
0.049877
0.049129
0.049139
0.048078
0.047825
0.055223
0.05487
0.075601
0.055138
0.075243
0.065363
0.04712
0.0046542
0.043053
0.04299
0.043689
0.043807
0.042776
0.041878
0.041437
0.041437
0.040904
0.02392
0.040581
0.023906
0.040281
0.040095
0.056619
0.055166
0.053745
0.053806
0.051496
0.058835
0.058213
0.049405
0.049555
0.048739
0.055632
0.047566
0.054801
0.054723
0.047398
0.075243
0.05459
0.054817
0.0044074
0.042867
0.044319
0.044052
0.042897
0.04303
0.04229
0.041822
0.041322
0.041249
0.040923
0.04074
0.040434
0.040763
0.040553
0.061578
0.055278
0.05579
0.053926
0.052159
0.058941
0.058512
0.057936
0.049117
0.048889
0.048159
0.055437
0.053821
0.055339
0.055266
0.065328
0.054921
0.053949
0.044241
0.043801
0.043329
0.043852
0.042956
0.043258
0.042552
0.041606
0.041843
0.041301
0.02408
0.024048
0.041065
0.041225
0.040866
0.064458
0.058324
0.055285
0.040534
0.039067
0.059776
0.05906
0.058206
0.057691
0.05673
0.056088
0.055095
0.054655
0.054666
0.075858
0.047521
0.054302
0.071568
0.043963
0.045009
0.045088
0.035351
0.044345
0.043678
0.043648
0.042545
0.042936
0.042077
0.041732
0.041662
0.040961
0.040752
0.040989
0.040837
0.040807
0.041157
0.040369
0.02334
0.051616
0.020863
0.050612
0.050333
0.056939
0.055897
0.055407
0.075049
0.07464
0.074742
0.075485
0.053666
0.05123
0.037585
0.037883
0.036967
0.03646
0.035654
0.03575
0.035765
0.035494
0.046133
0.045524
0.044738
0.044779
0.054835
0.054132
0.05398
0.052782
0.072245
0.058404
0.031706
0.03165
0.030969
0.031442
0.031422
0.038977
0.038211
0.03726
0.03708
0.037275
0.036414
0.041655
0.041517
0.041214
0.041245
0.060937
0.037509
0.03846
0.061608
0.036836
0.036986
0.036166
0.047916
0.046623
0.05683
0.044849
0.04426
0.043635
0.054234
0.05331
0.07239
0.052462
0.058629
0.031377
0.031685
0.042102
0.042135
0.039652
0.039685
0.037838
0.03648
0.036701
0.03653
0.036235
0.035654
0.041595
0.041718
0.074784
0.037597
0.061321
0.038475
0.037937
0.038369
0.037087
0.036764
0.047407
0.034694
0.045161
0.056186
0.044415
0.043595
0.053694
0.053132
0.051326
0.070977
0.071491
0.031028
0.031334
0.031269
0.031268
0.039203
0.038945
0.037559
0.036743
0.036495
0.036636
0.036105
0.03566
0.041716
0.035438
0.074734
0.037754
0.06402
0.064463
0.039403
0.058811
0.052391
0.049562
0.047706
0.045939
0.045482
0.055743
0.055354
0.054373
0.054492
0.053029
0.071226
0.071056
0.070139
0.030902
0.039314
0.030855
0.03113
0.039243
0.037869
0.037185
0.036697
0.066523
0.036223
0.035947
0.035608
0.064865
0.074069
0.074457
0.036855
0.060133
0.063319
0.061204
0.058769
0.051488
0.049048
0.048084
0.047519
0.045899
0.04489
0.044164
0.043641
0.054681
0.053109
0.052414
0.069467
0.069807
0.039466
0.030837
0.057192
0.038499
0.038821
0.037569
0.03796
0.037229
0.036807
0.036174
0.036419
0.035689
0.064914
0.035513
0.040623
0.037758
0.037439
0.060284
0.062659
0.058466
0.052278
0.048281
0.047567
0.046628
0.04567
0.045515
0.044141
0.054815
0.053949
0.042694
0.071816
0.068716
0.067406
0.069164
0.039291
0.069832
0.037669
0.037324
0.037497
0.037403
0.037251
0.036806
0.036378
0.036237
0.035654
0.064599
0.074228
0.07272
0.059745
0.057935
0.060464
0.061679
0.058327
0.050917
0.048309
0.064334
0.045765
0.063729
0.05572
0.055177
0.043528
0.05431
0.071947
0.069506
0.068705
0.068031
0.068092
0.067994
0.068191
0.037551
0.037693
0.037513
0.037727
0.067571
0.037189
0.037005
0.03612
0.035653
0.074167
0.073905
0.074477
0.059637
0.059499
0.060268
0.061236
0.059522
0.050238
0.048203
0.046243
0.057319
0.04521
0.055551
0.055384
0.054563
0.054299
0.072436
0.070815
0.06936
0.068694
0.06796
0.067855
0.038122
0.038645
0.038768
0.037785
0.068377
0.039125
0.038853
0.037581
0.066518
0.035803
0.0744
0.073827
0.074366
0.060507
0.061232
0.062144
0.062977
0.060977
0.050843
0.04852
0.046315
0.056466
0.056527
0.055785
0.055824
0.043962
0.054514
0.052834
0.050819
0.069305
0.07085
0.069197
0.0692
0.068062
0.037824
0.038375
0.0377
0.037634
0.039365
0.030924
0.038312
0.037408
0.066034
0.065686
0.041488
0.072575
0.063208
0.059548
0.059911
0.06057
0.062054
0.051365
0.04691
0.047078
0.057086
0.056137
0.055683
0.055364
0.054771
0.053869
0.073196
0.051963
0.050417
0.070381
0.071474
0.069745
0.070468
0.070128
0.038743
0.039355
0.070572
0.030536
0.030528
0.037512
0.036836
0.035786
0.064975
0.04139
0.073828
0.062393
0.061385
0.059875
0.059361
0.059882
0.053464
0.047907
0.046758
0.045689
0.045204
0.062207
0.044825
0.054897
0.060015
0.054128
0.053394
0.07249
0.0707
0.071057
0.070829
0.071528
0.071093
0.071139
0.07045
0.07134
0.070536
0.069338
0.036977
0.065851
0.03562
0.074144
0.074601
0.073412
0.051331
0.085924
0.060123
0.058763
0.059248
0.054019
0.049299
0.047897
0.046927
0.045711
0.045587
0.046637
0.045447
0.044411
0.042948
0.059136
0.041665
0.041371
0.071949
0.057339
0.051535
0.051798
0.071108
0.070787
0.070914
0.070065
0.069116
0.066442
0.065159
0.041581
0.064706
0.07452
0.074073
0.061401
0.061045
0.060479
0.060038
0.06019
0.055562
0.048534
0.048153
0.048368
0.047936
0.046253
0.04529
0.045488
0.043607
0.043386
0.073387
0.052906
0.041855
0.058485
0.041163
0.071586
0.070239
0.070828
0.051288
0.051625
0.069093
0.068144
0.065719
0.065071
0.074657
0.074591
0.074265
0.072339
0.059603
0.059602
0.060087
0.06027
0.061138
0.056669
0.050896
0.04981
0.050095
0.04716
0.047751
0.04537
0.045099
0.043494
0.059611
0.058685
0.059127
0.042139
0.042327
0.042363
0.041042
0.051577
0.057384
0.057221
0.050649
0.069024
0.067713
0.066406
0.065816
0.064559
0.074261
0.072602
0.06977
0.059745
0.060855
0.08511
0.085013
0.087518
0.057396
0.051904
0.068076
0.047625
0.046094
0.046371
0.047606
0.045184
0.043931
0.074321
0.053506
0.058566
0.059894
0.041604
0.052018
0.051694
0.052144
0.070334
0.070967
0.071193
0.050078
0.067276
0.065693
0.065705
0.064902
0.074247
0.070923
0.070861
0.058852
0.060217
0.061081
0.063449
0.06045
0.059952
0.072888
0.068232
0.047844
0.046201
0.064586
0.045933
0.044952
0.044222
0.044323
0.059576
0.059823
0.0429
0.041645
0.051306
0.0513
0.052095
0.051053
0.050467
0.050412
0.06897
0.06657
0.065713
0.065171
0.065888
0.035738
0.073916
0.070243
0.060583
0.058064
0.061337
0.051209
0.061625
0.06007
0.053252
0.048535
0.048755
0.046102
0.057101
0.044881
0.045489
0.044869
0.044984
0.061849
0.042567
0.041824
0.041592
0.052419
0.051511
0.050657
0.049881
0.050852
0.069605
0.068453
0.067216
0.065756
0.064866
0.065239
0.064529
0.074558
0.073985
0.061121
0.058608
0.063671
0.063077
0.083389
0.079592
0.053223
0.048423
0.04798
0.047062
0.07692
0.054363
0.055053
0.044763
0.045635
0.045928
0.042511
0.043108
0.04174
0.042058
0.041228
0.051515
0.051155
0.051362
0.068991
0.067725
0.049014
0.04831
0.047
0.064862
0.064546
0.064451
0.074419
0.061518
0.062081
0.060352
0.063109
0.083435
0.058141
0.055394
0.048266
0.046629
0.045998
0.056952
0.056263
0.076074
0.045196
0.046195
0.045432
0.043111
0.043471
0.042739
0.041698
0.052497
0.05171
0.051681
0.05175
0.041854
0.051318
0.051251
0.049455
0.048597
0.066169
0.066143
0.064508
0.074292
0.064257
0.060574
0.058732
0.059109
0.057837
0.057151
0.05707
0.049404
0.05803
0.063801
0.063099
0.045215
0.045028
0.045571
0.046288
0.047829
0.044936
0.043374
0.043158
0.041326
0.041735
0.052386
0.041018
0.041085
0.041059
0.057311
0.051036
0.069733
0.068145
0.067618
0.065879
0.065584
0.074533
0.072377
0.060571
0.059149
0.058814
0.057142
0.057882
0.056984
0.051474
0.058698
0.046387
0.045774
0.045145
0.056507
0.044993
0.045525
0.045131
0.04526
0.042698
0.042182
0.041439
0.041814
0.041736
0.041597
0.059077
0.041043
0.07057
0.051351
0.070404
0.068912
0.068571
0.066318
0.065872
0.064563
0.051518
0.085939
0.083738
0.080954
0.079576
0.080002
0.056504
0.056225
0.04744
0.046842
0.047381
0.045984
0.056589
0.044831
0.044744
0.044648
0.045291
0.042853
0.04234
0.042451
0.041681
0.058957
0.05754
0.041353
0.057017
0.05116
0.07147
0.070742
0.070334
0.069285
0.068653
0.066933
0.065617
0.071797
0.088536
0.086855
0.081499
0.08251
0.057249
0.05665
0.058506
0.049649
0.04757
0.04931
0.047579
0.045603
0.044674
0.04527
0.043888
0.04466
0.043363
0.042262
0.041952
0.042263
0.042932
0.057531
0.057629
0.041559
0.05168
0.0516
0.070107
0.070223
0.069472
0.069257
0.067268
0.06606
0.074094
0.072804
0.087246
0.084341
0.08257
0.059049
0.057735
0.057622
0.051315
0.048454
0.04901
0.046969
0.045432
0.04479
0.045619
0.04471
0.043912
0.044082
0.043649
0.042777
0.043009
0.043641
0.0594
0.059571
0.042251
0.041111
0.050888
0.050367
0.070255
0.07031
0.07009
0.06787
0.06655
0.073161
0.087489
0.070752
0.087003
0.083655
0.082592
0.058782
0.055741
0.054702
0.049994
0.050643
0.048595
0.045864
0.04521
0.046071
0.046393
0.045171
0.044753
0.044498
0.044919
0.043981
0.042826
0.041634
0.041599
0.041739
0.051523
0.050672
0.050889
0.05693
0.070383
0.069685
0.067596
0.067662
0.052449
0.088326
0.086327
0.083778
0.08193
0.081968
0.057787
0.057245
0.057263
0.051096
0.047658
0.049231
0.048293
0.046355
0.047666
0.047152
0.045941
0.047172
0.045908
0.043655
0.042856
0.042301
0.041322
0.05224
0.051651
0.050635
0.050493
0.051801
0.050979
0.070063
0.068168
0.067055
0.067541
0.063701
0.061007
0.060425
0.078462
0.079247
0.058072
0.079013
0.08117
0.058272
0.05556
0.048544
0.04974
0.047584
0.048367
0.045983
0.046252
0.04769
0.046579
0.047058
0.045401
0.04399
0.043077
0.042132
0.051424
0.050066
0.049343
0.050731
0.051639
0.069349
0.069216
0.049458
0.066242
0.04801
0.061727
0.060065
0.060182
0.078738
0.056504
0.057428
0.080797
0.081543
0.057646
0.056103
0.049776
0.047243
0.047992
0.048791
0.047065
0.047646
0.047253
0.047067
0.044567
0.04579
0.044668
0.041931
0.041764
0.050829
0.049849
0.04907
0.049689
0.050511
0.067501
0.067763
0.067336
0.047906
0.065743
0.061175
0.061837
0.058665
0.057564
0.078984
0.081457
0.079113
0.05869
0.056814
0.057141
0.053352
0.049185
0.0486
0.050688
0.050491
0.047678
0.047572
0.045668
0.031107
0.044783
0.043519
0.042548
0.041278
0.051334
0.049613
0.0483
0.049167
0.066997
0.067171
0.048578
0.065937
0.066521
0.066606
0.061878
0.061983
0.058253
0.057069
0.078083
0.077908
0.078475
0.079201
0.057942
0.059739
0.057161
0.050199
0.047589
0.050373
0.049973
0.050845
0.04808
0.045251
0.044342
0.043601
0.042163
0.058706
0.052154
0.070741
0.068889
0.049331
0.048767
0.067031
0.06623
0.066705
0.066305
0.065947
0.065741
0.062205
0.06079
0.057009
0.057329
0.057719
0.080341
0.080883
0.079323
0.081742
0.05905
0.057483
0.052073
0.051405
0.050689
0.048581
0.047764
0.046438
0.045166
0.045341
0.043935
0.043359
0.06097
0.059418
0.058114
0.071715
0.069974
0.067653
0.067222
0.066713
0.066282
0.065945
0.075072
0.065559
0.063172
0.058629
0.058435
0.079878
0.057459
0.060512
0.084168
0.080413
0.07916
0.057258
0.056389
0.055149
0.049778
0.0517
0.049944
0.035096
0.033089
0.0447
0.055193
0.043692
0.059598
0.060622
0.06018
0.058052
0.057417
0.071103
0.068006
0.0664
0.066666
0.06622
0.06551
0.065972
0.06574
0.065621
0.059675
0.060288
0.059657
0.059055
0.059184
0.061869
0.058166
0.055898
0.070164
0.055802
0.057898
0.052389
0.049065
0.048643
0.035278
0.03318
0.044291
0.043829
0.044371
0.060352
0.043007
0.042421
0.041408
0.051869
0.071472
0.068041
0.067855
0.067675
0.067385
0.06609
0.065496
0.065937
0.053104
0.064508
0.062052
0.060152
0.061077
0.061517
0.060608
0.05747
0.056191
0.069578
0.057133
0.059107
0.05697
0.049344
0.050539
0.047249
0.033421
0.031552
0.055427
0.044126
0.043988
0.042713
0.042349
0.052461
0.05161
0.050027
0.049452
0.048891
0.048864
0.066912
0.066291
0.065385
0.065537
0.052856
0.052611
0.063993
0.038198
0.060768
0.061765
0.03751
0.05648
0.055941
0.056591
0.057815
0.057889
0.059385
0.053206
0.04869
0.035789
0.034429
0.041263
0.05536
0.055269
0.054548
0.054038
0.052868
0.041419
0.051374
0.049206
0.049186
0.049127
0.049263
0.067357
0.066532
0.066101
0.047481
0.055252
0.064813
0.038863
0.038235
0.037858
0.037206
0.037912
0.035808
0.035857
0.03488
0.035253
0.036202
0.036037
0.055253
0.035113
0.034685
0.034287
0.040885
0.055118
0.054467
0.054832
0.0428
0.052741
0.051932
0.051493
0.049956
0.050354
0.04886
0.048506
0.066702
0.066205
0.066511
0.04808
0.056268
0.054009
0.040395
0.036778
0.036246
0.036923
0.037666
0.03524
0.035373
0.043938
0.044288
0.043947
0.034937
0.034669
0.043982
0.058091
0.056731
0.040752
0.05464
0.044187
0.054706
0.052912
0.052251
0.051395
0.05016
0.049509
0.049787
0.048958
0.048327
0.047813
0.066281
0.048288
0.047625
0.053967
0.065185
0.064118
0.038859
0.035798
0.036649
0.03618
0.036063
0.035013
0.044412
0.044017
0.034795
0.035448
0.034716
0.042963
0.057359
0.056702
0.054836
0.056023
0.044339
0.054421
0.05242
0.051237
0.04996
0.049536
0.049705
0.049445
0.048514
0.047738
0.047671
0.047536
0.047538
0.04799
0.052184
0.06568
0.039147
0.039192
0.037508
0.037659
0.036663
0.035289
0.034943
0.044252
0.044166
0.034736
0.034796
0.043565
0.06732
0.059703
0.056603
0.055999
0.055602
0.056309
0.055789
0.053333
0.051918
0.050227
0.050369
0.049542
0.048676
0.047957
0.047616
0.047597
0.047924
0.047591
0.047363
0.038268
0.03995
0.038705
0.038653
0.03765
0.037392
0.036764
0.035559
0.035029
0.043883
0.043825
0.043462
0.044226
0.043686
0.043038
0.042099
0.04218
0.056602
0.055648
0.055266
0.055869
0.073557
0.051609
0.050762
0.051325
0.049894
0.048481
0.047731
0.04772
0.047664
0.066004
0.055132
0.047269
0.038696
0.03854
0.037224
0.039066
0.038636
0.037149
0.036112
0.035423
0.044862
0.044364
0.044818
0.043015
0.0445
0.044228
0.042581
0.041649
0.060468
0.056728
0.055618
0.054547
0.053768
0.052192
0.051544
0.050908
0.050382
0.048903
0.048734
0.047775
0.066989
0.055335
0.075251
0.075099
0.054394
0.040693
0.039312
0.038902
0.037686
0.037393
0.036744
0.036298
0.035222
0.035407
0.044499
0.044245
0.044475
0.043721
0.04398
0.042843
0.066993
0.06541
0.056908
0.055177
0.05403
0.05316
0.052519
0.051331
0.05174
0.050652
0.049599
0.04891
0.048258
0.066528
0.055467
0.075035
0.07508
0.074534
0.0358
0.035756
0.033707
0.035185
0.031429
0.040664
0.013851
0.037908
0.038144
0.036576
0.037298
0.03434
0.031578
0.032148
0.032417
0.031023
0.030325
0.029723
0.027916
0.042645
0.063958
0.060933
0.063177
0.06025
0.05704
0.040897
0.071396
0.050828
0.04958
0.048311
0.048259
0.048112
0.066348
0.035025
0.035757
0.033907
0.033809
0.031361
0.040014
0.031322
0.03938
0.038987
0.038266
0.034874
0.035066
0.032973
0.030401
0.031292
0.030943
0.031897
0.036003
0.044224
0.063027
0.061183
0.062941
0.060634
0.05985
0.07168
0.070585
0.050035
0.05063
0.049806
0.049163
0.0489
0.066426
0.066367
0.035802
0.034674
0.031514
0.031415
0.03135
0.031282
0.040612
0.040622
0.036902
0.039249
0.035238
0.034373
0.035
0.050317
0.03174
0.030689
0.032851
0.046046
0.062461
0.064513
0.06355
0.064737
0.064866
0.059771
0.070935
0.05125
0.050149
0.050553
0.049617
0.04825
0.048097
0.073933
0.036455
0.03554
0.032677
0.031445
0.039143
0.04078
0.031347
0.03774
0.038069
0.038045
0.036859
0.035858
0.034839
0.033809
0.026751
0.033102
0.045968
0.045733
0.064502
0.062779
0.062627
0.065846
0.065994
0.064367
0.05905
0.070962
0.069704
0.068552
0.050416
0.048255
0.048065
0.066259
0.065339
0.036427
0.03344
0.032492
0.040678
0.040732
0.040685
0.039231
0.037023
0.03813
0.039789
0.039301
0.034817
0.032779
0.035626
0.040416
0.054215
0.06496
0.045164
0.061744
0.063735
0.065962
0.063413
0.064357
0.065885
0.057451
0.051224
0.069774
0.050697
0.049771
0.048441
0.048196
0.048129
0.036367
0.066101
0.035808
0.031504
0.031454
0.031413
0.038141
0.037403
0.03819
0.037674
0.040252
0.038093
0.035073
0.034726
0.034128
0.039441
0.039441
0.046465
0.043008
0.061332
0.064259
0.059686
0.064525
0.063147
0.058114
0.050923
0.050402
0.049851
0.049825
0.049206
0.049155
0.068318
0.036965
0.036451
0.06604
0.036065
0.032644
0.040841
0.032037
0.040739
0.039635
0.040672
0.031298
0.040248
0.041836
0.052221
0.036115
0.034996
0.043742
0.05489
0.049218
0.048707
0.065649
0.059334
0.059679
0.060746
0.071752
0.051605
0.048676
0.049863
0.068373
0.049052
0.068189
0.068973
0.038501
0.037417
0.036385
0.066101
0.035815
0.040944
0.031445
0.034981
0.03501
0.032349
0.040644
0.031506
0.031
0.046064
0.040721
0.069767
0.041954
0.060197
0.060135
0.067873
0.067197
0.063646
0.060597
0.057419
0.051051
0.050422
0.049966
0.050094
0.049803
0.068347
0.048273
0.049257
0.069916
0.069175
0.06637
0.036461
0.036258
0.03593
0.035208
0.033026
0.035688
0.035798
0.032455
0.034129
0.033466
0.046228
0.033786
0.032976
0.045482
0.03228
0.060359
0.058054
0.067762
0.065491
0.062547
0.057945
0.07053
0.050853
0.049936
0.050447
0.049954
0.04929
0.066703
0.066502
0.068416
0.037645
0.037604
0.038101
0.036796
0.036342
0.0361
0.036239
0.035581
0.034436
0.035647
0.033465
0.035549
0.035674
0.035812
0.035183
0.046129
0.031604
0.058881
0.058562
0.057714
0.053721
0.067098
0.066624
0.061767
0.071082
0.050596
0.068793
0.049994
0.04928
0.04837
0.066549
0.067432
0.037458
0.037154
0.036782
0.037272
0.036347
0.036324
0.036739
0.035679
0.034584
0.035418
0.035625
0.035605
0.036383
0.036168
0.036949
0.036275
0.047161
0.045567
0.062313
0.032228
0.054639
0.053754
0.062978
0.062742
0.057693
0.069645
0.069347
0.068697
0.068004
0.067953
0.066629
0.036809
0.037101
0.03768
0.036465
0.036652
0.036844
0.036355
0.036291
0.036127
0.035105
0.036014
0.036076
0.036221
0.036451
0.022996
0.036423
0.024156
0.023357
0.033844
0.062503
0.062502
0.060892
0.039118
0.064549
0.06726
0.063786
0.063479
0.057347
0.069579
0.038547
0.066835
0.036553
0.066617
0.066555
0.03759
0.037236
0.036448
0.04811
0.036384
0.036323
0.036306
0.036001
0.034932
0.035793
0.037284
0.023364
0.024275
0.023551
0.024099
0.03133
0.035491
0.047229
0.06423
0.045177
0.041612
0.026478
0.048304
0.066708
0.063487
0.065865
0.058365
0.070172
0.069786
0.066807
0.075301
0.07244
0.066547
0.036574
0.036682
0.036805
0.049393
0.037322
0.036857
0.036302
0.036411
0.036161
0.036256
0.022934
0.023523
0.023905
0.02428
0.036091
0.035965
0.034665
0.034066
0.045642
0.045258
0.027291
0.026497
0.049102
0.062678
0.061882
0.062315
0.061334
0.07124
0.069043
0.048438
0.048242
0.07247
0.0665
0.066485
0.036671
0.047653
0.048747
0.049354
0.037516
0.037207
0.036088
0.036484
0.035999
0.036745
0.036669
0.036369
0.023409
0.035679
0.034391
0.034921
0.034305
0.044911
0.040171
0.034573
0.032371
0.047503
0.04434
0.058017
0.071779
0.071052
0.071233
0.050096
0.048437
0.066677
0.066581
0.0666
0.036509
0.03635
0.036465
0.049067
0.049622
0.049825
0.049404
0.03679
0.035821
0.035771
0.036155
0.036638
0.02294
0.037043
0.023154
0.035881
0.032296
0.030412
0.041583
0.040313
0.049538
0.04978
0.065816
0.063294
0.058061
0.0577
0.07107
0.070136
0.068217
0.066913
0.048642
0.068227
0.037576
0.03658
0.036529
0.036471
0.049885
0.031512
0.048137
0.04861
0.036073
0.035835
0.03609
0.036636
0.036667
0.03705
0.036207
0.035822
0.035532
0.03133
0.031295
0.04545
0.043574
0.057713
0.069582
0.068322
0.06625
0.059267
0.057396
0.071147
0.07031
0.068689
0.067745
0.06725
0.049363
0.037797
0.037842
0.037031
0.036493
0.048522
0.031758
0.048783
0.0493
0.03665
0.036159
0.036427
0.037222
0.036675
0.036704
0.036585
0.036231
0.03571
0.034961
0.034124
0.052513
0.056965
0.058569
0.055387
0.054449
0.068056
0.06329
0.057476
0.057388
0.050594
0.038005
0.069507
0.06924
0.069874
0.071027
0.038056
0.036541
0.036503
0.036456
0.031139
0.048058
0.037852
0.036653
0.036703
0.036723
0.037154
0.036726
0.035963
0.03644
0.036688
0.035863
0.035476
0.033538
0.058698
0.056679
0.070732
0.065882
0.036878
0.064177
0.059233
0.057978
0.051282
0.050644
0.069261
0.038662
0.069509
0.069458
0.068719
0.037549
0.036559
0.036527
0.036457
0.036419
0.036385
0.037452
0.036303
0.037297
0.036561
0.036648
0.036883
0.036886
0.036144
0.037052
0.036066
0.047392
0.046143
0.057854
0.07196
0.070208
0.066114
0.063077
0.064389
0.058621
0.05768
0.070363
0.05101
0.051119
0.071503
0.06972
0.068656
0.068687
0.067928
0.06751
0.066434
0.06635
0.036983
0.036846
0.03693
0.036474
0.0234
0.03727
0.036571
0.036313
0.036661
0.036111
0.035998
0.035909
0.047676
0.047066
0.032467
0.056894
0.064722
0.065808
0.063821
0.062187
0.060461
0.033442
0.06024
0.057858
0.070878
0.057499
0.070096
0.067928
0.048841
0.067091
0.066557
0.066456
0.04815
0.036468
0.037401
0.037377
0.036485
0.023359
0.023167
0.03702
0.03596
0.035724
0.03588
0.035502
0.048862
0.047843
0.066029
0.062713
0.056923
0.070776
0.067893
0.064149
0.066313
0.066996
0.032627
0.032746
0.031167
0.070938
0.057178
0.051003
0.069646
0.068346
0.048387
0.048217
0.048182
0.048384
0.066327
0.066261
0.037468
0.02406
0.023355
0.036834
0.023136
0.035786
0.035741
0.035695
0.056272
0.050409
0.047815
0.033203
0.032502
0.057525
0.0303
0.07081
0.06629
0.068375
0.035436
0.060231
0.058162
0.057923
0.051831
0.05171
0.050937
0.051004
0.050771
0.049667
0.048319
0.048564
0.048214
0.048073
0.048302
0.066256
0.023257
0.036945
0.023286
0.02418
0.035935
0.036176
0.035994
0.055263
0.032889
0.048073
0.033929
0.032522
0.032644
0.032291
0.057822
0.036225
0.069472
0.036087
0.063923
0.058283
0.052243
0.051885
0.051188
0.041584
0.051513
0.050801
0.050549
0.049626
0.048954
0.048229
0.048096
0.048219
0.048075
0.037037
0.036581
0.037143
0.037386
0.036178
0.036043
0.035734
0.031401
0.034981
0.050209
0.068009
0.032948
0.032483
0.057263
0.056697
0.070479
0.066155
0.036785
0.063931
0.058557
0.051462
0.05118
0.035312
0.052202
0.050899
0.050429
0.050794
0.068732
0.049076
0.048266
0.048823
0.048285
0.049645
0.03746
0.036769
0.036967
0.036674
0.035873
0.031565
0.032819
0.051191
0.050824
0.046898
0.03685
0.033199
0.032183
0.05738
0.056887
0.07076
0.066917
0.034875
0.034116
0.061766
0.057667
0.051498
0.051177
0.050336
0.05102
0.049795
0.049971
0.049944
0.049654
0.048293
0.068101
0.068229
0.049828
0.037063
0.036497
0.036649
0.036319
0.035627
0.032233
0.032888
0.040899
0.051022
0.053783
0.061218
0.033359
0.059067
0.072716
0.070761
0.066476
0.069375
0.060032
0.059596
0.058757
0.072589
0.070506
0.051214
0.051085
0.050763
0.049832
0.049929
0.050647
0.0501
0.049268
0.067482
0.067473
0.067543
0.036343
0.036195
0.035718
0.031758
0.03393
0.041051
0.040918
0.039888
0.051008
0.079266
0.063236
0.053819
0.072319
0.068711
0.067374
0.06739
0.061299
0.061338
0.059534
0.071947
0.071177
0.050681
0.051112
0.051087
0.050379
0.050541
0.050906
0.050625
0.069745
0.068501
0.06742
0.067115
0.068095
0.036198
0.036187
0.03297
0.031769
0.033072
0.040676
0.038425
0.038351
0.040836
0.089912
0.080415
0.075726
0.072421
0.070699
0.070211
0.069423
0.06279
0.062184
0.072685
0.038375
0.068745
0.068534
0.070442
0.057255
0.069654
0.050196
0.049864
0.049892
0.049913
0.049288
0.048323
0.049698
0.048185
0.035899
0.032577
0.032212
0.032691
0.041194
0.039374
0.039864
0.039589
0.064636
0.040831
0.06122
0.055739
0.051227
0.050173
0.068597
0.068498
0.063945
0.054241
0.072701
0.071077
0.070204
0.049273
0.050295
0.070354
0.069267
0.048842
0.048577
0.04958
0.048474
0.049906
0.049675
0.068254
0.06644
0.035919
0.035091
0.032174
0.04133
0.040116
0.038614
0.03801
0.038042
0.03765
0.036666
0.061056
0.038758
0.03817
0.052303
0.07089
0.069935
0.061869
0.054375
0.053752
0.051992
0.070533
0.069502
0.050705
0.051045
0.050777
0.048928
0.048634
0.048541
0.048599
0.049016
0.049737
0.06656
0.066481
0.036548
0.031939
0.041394
0.034826
0.041011
0.038495
0.035848
0.037481
0.038334
0.057376
0.058153
0.05927
0.039623
0.031222
0.053444
0.05221
0.056596
0.053866
0.053866
0.053378
0.071087
0.050997
0.050415
0.050493
0.050384
0.048746
0.048605
0.048573
0.067463
0.049714
0.048384
0.066452
0.048489
0.036411
0.031995
0.039702
0.04084
0.040257
0.036754
0.013155
0.037792
0.034758
0.037816
0.036059
0.062686
0.040734
0.040684
0.041946
0.050391
0.077352
0.054789
0.053713
0.05307
0.052643
0.051365
0.049648
0.050502
0.050164
0.048686
0.048527
0.048601
0.048564
0.049822
0.04825
0.066617
0.066561
0.011704
0.016081
0.015114
0.040632
0.037048
0.036809
0.03706
0.012995
0.04378
0.035345
0.039159
0.040544
0.04067
0.040737
0.053494
0.072893
0.047483
0.055424
0.053964
0.052881
0.052584
0.050519
0.050384
0.050437
0.050223
0.048699
0.054982
0.048587
0.048598
0.04931
0.048446
0.048353
0.048161
0.01338
0.011836
0.03198
0.039337
0.013547
0.037499
0.013267
0.036429
0.035936
0.034979
0.038124
0.039435
0.031316
0.040754
0.054066
0.072149
0.068016
0.044965
0.055556
0.054107
0.053568
0.051956
0.049779
0.050084
0.049373
0.048854
0.048747
0.048515
0.048609
0.048541
0.048487
0.048379
0.047616
0.013778
0.01375
0.032566
0.039942
0.038352
0.040474
0.037253
0.040452
0.040653
0.039816
0.040801
0.040828
0.031358
0.040532
0.051537
0.046463
0.035344
0.033368
0.061781
0.044126
0.053907
0.05279
0.052044
0.050673
0.049211
0.048861
0.048702
0.048716
0.048527
0.048563
0.048504
0.048433
0.048289
0.014285
0.036424
0.032833
0.031946
0.040559
0.040653
0.041092
0.040453
0.031696
0.040955
0.040954
0.039821
0.040663
0.039854
0.055804
0.034768
0.046749
0.068171
0.067503
0.063763
0.055216
0.053445
0.053071
0.051834
0.050684
0.048921
0.04867
0.047957
0.05286
0.033107
0.047753
0.048346
0.048311
0.014133
0.036458
0.033506
0.032639
0.032299
0.041469
0.031804
0.031738
0.039841
0.038782
0.041001
0.040475
0.038393
0.031395
0.040656
0.034727
0.034552
0.070707
0.047189
0.061613
0.054444
0.037527
0.052185
0.051483
0.050758
0.048989
0.048484
0.048135
0.052786
0.048008
0.048386
0.047918
0.047718
0.037843
0.036968
0.036249
0.034957
0.035564
0.041473
0.031929
0.031825
0.041218
0.03962
0.038303
0.039516
0.039399
0.039323
0.040278
0.039169
0.049626
0.053034
0.049548
0.055412
0.038874
0.053993
0.052567
0.051267
0.050615
0.049608
0.048939
0.048701
0.048651
0.048562
0.048537
0.054288
0.048393
0.03778
0.036619
0.035877
0.035984
0.035732
0.033485
0.032248
0.032906
0.031841
0.040149
0.036342
0.040445
0.039479
0.064704
0.064637
0.062216
0.040253
0.039798
0.049951
0.045145
0.055343
0.054374
0.037508
0.052969
0.051152
0.050504
0.048992
0.048724
0.048655
0.048656
0.048572
0.055215
0.054148
0.037585
0.036204
0.036512
0.036459
0.03643
0.034436
0.033944
0.041443
0.041319
0.040915
0.041085
0.039418
0.039105
0.064206
0.050961
0.040767
0.059975
0.054253
0.071693
0.067105
0.048325
0.044218
0.029971
0.037487
0.051859
0.050298
0.049292
0.067398
0.048868
0.048815
0.048726
0.048649
0.048447
0.036939
0.036599
0.03655
0.037018
0.036445
0.032827
0.041192
0.040328
0.031884
0.038919
0.064865
0.031657
0.040928
0.063643
0.031502
0.03149
0.064064
0.056497
0.071447
0.067466
0.045284
0.045352
0.038168
0.037155
0.052103
0.050885
0.050957
0.068546
0.069161
0.048872
0.048782
0.048666
0.048482
0.06745
0.067086
0.068775
0.06799
0.067537
0.061912
0.04677
0.046025
0.056318
0.055869
0.054794
0.054482
0.053022
0.051592
0.051452
0.050549
0.049783
0.066336
0.047862
0.049351
0.049277
0.067195
0.048056
0.047566
0.047262
0.047319
0.047135
0.047258
0.054772
0.046994
0.032368
0.054288
0.053686
0.068248
0.06773
0.067885
0.068281
0.066853
0.061247
0.046965
0.046369
0.045971
0.055915
0.054452
0.053008
0.052496
0.051207
0.050983
0.050421
0.049365
0.04824
0.048631
0.049324
0.067861
0.049216
0.047405
0.047674
0.054993
0.047162
0.054687
0.047225
0.047025
0.032486
0.047099
0.017775
0.053644
0.068524
0.069934
0.068748
0.05579
0.055213
0.068263
0.046975
0.046457
0.057852
0.055704
0.055268
0.054069
0.053531
0.051891
0.051789
0.049909
0.048865
0.048849
0.048661
0.049331
0.049268
0.04836
0.047469
0.047355
0.054955
0.047106
0.047132
0.047192
0.032239
0.032441
0.032248
0.046821
0.054395
0.070072
0.069946
0.055644
0.068659
0.068245
0.062452
0.058649
0.058035
0.046072
0.055127
0.055769
0.054573
0.053728
0.051789
0.050402
0.049159
0.048456
0.048101
0.065832
0.047668
0.047805
0.066333
0.047664
0.054995
0.054564
0.054468
0.047132
0.054894
0.053979
0.032155
0.032112
0.054011
0.046794
0.055825
0.056162
0.069604
0.069283
0.068295
0.060416
0.057459
0.058028
0.057882
0.055878
0.056389
0.054279
0.053798
0.051725
0.050244
0.048849
0.049224
0.04784
0.065809
0.074875
0.065474
0.065941
0.047643
0.054756
0.054196
0.054973
0.047201
0.047025
0.0469
0.054051
0.018211
0.017817
0.053613
0.078242
0.056039
0.069413
0.055956
0.055872
0.062259
0.056576
0.046072
0.043048
0.055396
0.055119
0.054735
0.054132
0.072135
0.050439
0.049721
0.048234
0.04762
0.055451
0.07586
0.065627
0.047734
0.047277
0.054573
0.054427
0.047128
0.047048
0.054409
0.046927
0.053828
0.017841
0.053875
0.017462
0.078132
0.077974
0.070053
0.056118
0.069521
0.06229
0.057791
0.057359
0.04251
0.055852
0.055293
0.054406
0.054169
0.052722
0.07098
0.050161
0.048228
0.047802
0.055515
0.054483
0.055302
0.047388
0.065158
0.065112
0.065003
0.054029
0.054736
0.05369
0.053105
0.052973
0.053518
0.053397
0.016246
0.077091
0.055887
0.055886
0.0564
0.056058
0.050965
0.058265
0.056766
0.055749
0.055877
0.054956
0.054525
0.053475
0.052257
0.05057
0.0488
0.048299
0.047882
0.055017
0.054293
0.047359
0.047316
0.047231
0.054968
0.074387
0.073747
0.053001
0.05366
0.052954
0.053574
0.054453
0.050321
0.050346
0.076575
0.070151
0.055781
0.055836
0.056384
0.051641
0.057744
0.057374
0.056824
0.056274
0.054911
0.053268
0.05291
0.051881
0.049631
0.048762
0.048264
0.047656
0.054667
0.054944
0.054739
0.054709
0.047229
0.054726
0.053874
0.05376
0.053799
0.052922
0.052912
0.053542
0.053505
0.053175
0.050317
0.068948
0.070261
0.056633
0.056373
0.056469
0.052024
0.059191
0.046696
0.045771
0.056479
0.054822
0.053796
0.052449
0.051762
0.049446
0.048773
0.05525
0.054841
0.054625
0.05464
0.054563
0.054868
0.054802
0.054782
0.053864
0.073739
0.074084
0.053808
0.053839
0.053622
0.053621
0.053408
0.052705
0.055944
0.056392
0.056607
0.056916
0.056802
0.053457
0.04743
0.046853
0.04588
0.055779
0.054265
0.053242
0.05246
0.051891
0.049512
0.056797
0.048095
0.054762
0.05392
0.054263
0.054862
0.055059
0.047258
0.05431
0.075089
0.054172
0.053717
0.052836
0.05313
0.053535
0.053727
0.053664
0.05276
0.070343
0.056117
0.056997
0.059516
0.055537
0.067277
0.058462
0.057346
0.043784
0.041722
0.053628
0.05374
0.053076
0.051137
0.050279
0.048942
0.048186
0.054769
0.054402
0.055382
0.054992
0.047454
0.047256
0.047152
0.064889
0.075004
0.054314
0.07283
0.053175
0.053525
0.046691
0.05371
0.053357
0.07033
0.056516
0.055926
0.056547
0.055793
0.034797
0.048124
0.057632
0.043008
0.054966
0.053676
0.053722
0.053129
0.050968
0.049868
0.048892
0.055453
0.054972
0.054277
0.054106
0.055124
0.05511
0.048229
0.047528
0.047118
0.047155
0.073607
0.073554
0.053929
0.054454
0.046877
0.054081
0.05366
0.068607
0.068854
0.068769
0.069153
0.06994
0.067762
0.048698
0.057304
0.05719
0.055695
0.040667
0.053259
0.052626
0.051171
0.049765
0.049
0.055288
0.054582
0.055165
0.054916
0.055127
0.047506
0.048632
0.047414
0.047288
0.047036
0.053957
0.053748
0.064674
0.074845
0.046768
0.047074
0.05427
0.042911
0.068336
0.055694
0.068512
0.04301
0.067749
0.061339
0.056426
0.056173
0.041831
0.054878
0.053965
0.052849
0.051981
0.049836
0.049063
0.055395
0.054992
0.04763
0.05502
0.054244
0.04732
0.047563
0.04748
0.047035
0.054757
0.05427
0.047104
0.074842
0.053784
0.053815
0.054444
0.046664
0.042828
0.068
0.06834
0.067325
0.06815
0.067323
0.061668
0.042268
0.056279
0.055611
0.055064
0.054851
0.053082
0.051379
0.050688
0.049173
0.04871
0.055803
0.055169
0.055267
0.05522
0.055279
0.047308
0.04757
0.054708
0.054027
0.054272
0.054193
0.054074
0.053883
0.053487
0.073799
0.073481
0.0674
0.067631
0.067436
0.067333
0.06718
0.067655
0.042627
0.042759
0.057101
0.056328
0.055588
0.055078
0.053077
0.052205
0.050834
0.050137
0.049062
0.048197
0.047631
0.047704
0.047825
0.055116
0.047327
0.047247
0.054153
0.053846
0.05436
0.054641
0.054144
0.054216
0.053508
0.053734
0.074051
0.066356
0.06627
0.066301
0.068306
0.067621
0.066669
0.066248
0.059296
0.056765
0.056366
0.055472
0.054335
0.052791
0.052492
0.05194
0.049647
0.049222
0.049755
0.048613
0.047606
0.047565
0.055219
0.047318
0.054529
0.054207
0.047122
0.047024
0.047139
0.046877
0.053967
0.046795
0.053835
0.046717
0.067381
0.065905
0.067038
0.067399
0.068266
0.067385
0.068134
0.061437
0.057359
0.05627
0.05596
0.054859
0.05337
0.052783
0.052002
0.04999
0.050001
0.049931
0.048791
0.047619
0.047493
0.047586
0.054512
0.055062
0.04735
0.048135
0.047394
0.047204
0.054191
0.054708
0.074287
0.053696
0.073728
0.066691
0.066431
0.06696
0.067415
0.068305
0.068086
0.069012
0.063279
0.046947
0.057048
0.045668
0.055149
0.054078
0.052881
0.051434
0.050147
0.050082
0.049599
0.048923
0.047866
0.047463
0.047401
0.047508
0.047316
0.047353
0.048129
0.048082
0.065344
0.064915
0.064704
0.074748
0.053451
0.072944
0.042615
0.066745
0.066834
0.067523
0.068364
0.068158
0.069435
0.067113
0.059747
0.046742
0.056605
0.055139
0.054172
0.053078
0.050756
0.050079
0.049632
0.049607
0.04816
0.048049
0.047753
0.055297
0.047532
0.047247
0.047371
0.047851
0.04798
0.074934
0.074957
0.047069
0.064835
0.053886
0.053784
0.066606
0.066515
0.042008
0.067621
0.067561
0.043661
0.068898
0.054947
0.059595
0.057349
0.057946
0.055293
0.05372
0.05262
0.052574
0.051586
0.049657
0.049069
0.048454
0.066113
0.065924
0.047714
0.047506
0.075411
0.047281
0.04732
0.047133
0.046964
0.064897
0.047141
0.064721
0.046838
0.054388
0.041488
0.06647
0.06715
0.04249
0.067739
0.068778
0.068257
0.044466
0.062647
0.057586
0.056219
0.055006
0.054773
0.053587
0.052919
0.05225
0.050896
0.049981
0.049357
0.047965
0.065893
0.047558
0.047672
0.065764
0.047676
0.047376
0.04727
0.047057
0.046925
0.046965
0.047028
0.046856
0.046738
0.0654
0.041783
0.042014
0.042767
0.042746
0.068449
0.068803
0.068376
0.042825
0.057411
0.056272
0.055369
0.055905
0.054385
0.053648
0.053407
0.071816
0.051266
0.050599
0.049906
0.067887
0.048678
0.067447
0.06721
0.067214
0.048263
0.047486
0.048122
0.047245
0.046986
0.047042
0.047043
0.046837
0.066362
0.042242
0.042103
0.042778
0.042857
0.043407
0.067986
0.068271
0.06929
0.060347
0.056281
0.056164
0.056193
0.055473
0.054212
0.053588
0.053084
0.051441
0.051725
0.050295
0.049623
0.049406
0.049277
0.049778
0.049218
0.04873
0.0477
0.047394
0.047406
0.066124
0.066201
0.065207
0.047026
0.042196
0.042926
0.042948
0.042887
0.043024
0.043727
0.068378
0.069273
0.056335
0.06454
0.05757
0.055831
0.056417
0.055628
0.055085
0.054167
0.05355
0.053395
0.052295
0.050957
0.049787
0.049509
0.050469
0.050655
0.049747
0.049181
0.049074
0.048153
0.048192
0.066058
0.067025
0.048207
0.047747
0.042937
0.042332
0.042195
0.042321
0.04285
0.043455
0.068441
0.069623
0.056505
0.054525
0.058663
0.057168
0.056642
0.055643
0.054976
0.055154
0.043822
0.043273
0.052821
0.051652
0.051282
0.06917
0.070712
0.051418
0.050731
0.049978
0.049109
0.067389
0.066358
0.067249
0.066126
0.047283
0.064895
0.042543
0.042219
0.042171
0.042129
0.042961
0.043308
0.068459
0.068837
0.055764
0.068068
0.061177
0.056494
0.056036
0.055871
0.056516
0.044584
0.044677
0.043736
0.042931
0.073946
0.041805
0.072288
0.070812
0.041238
0.050612
0.050063
0.049974
0.066662
0.06628
0.066225
0.066226
0.047314
0.04727
0.04233
0.042358
0.042269
0.043267
0.043028
0.042978
0.068049
0.068413
0.068404
0.067857
0.064938
0.057725
0.056592
0.056006
0.056217
0.045124
0.044641
0.044691
0.043782
0.07367
0.071989
0.057648
0.070798
0.051441
0.0517
0.050513
0.049915
0.049095
0.066463
0.066862
0.04799
0.047301
0.054699
0.042094
0.042875
0.042477
0.042241
0.043092
0.043004
0.042943
0.06916
0.068399
0.068206
0.066775
0.059865
0.057017
0.055915
0.05576
0.056991
0.045241
0.045654
0.043708
0.052903
0.07366
0.070953
0.070209
0.070142
0.050518
0.050243
0.067644
0.04966
0.049521
0.048892
0.047193
0.054765
0.046985
0.042287
0.042331
0.042354
0.043799
0.043191
0.042817
0.043515
0.068396
0.068759
0.067761
0.067898
0.063629
0.04282
0.042433
0.056304
0.056554
0.045018
0.044737
0.044098
0.053844
0.073197
0.071195
0.050202
0.050449
0.050656
0.050199
0.049816
0.049637
0.04896
0.048589
0.047965
0.054488
0.054667
0.042483
0.042375
0.042817
0.043476
0.04317
0.043615
0.043209
0.043774
0.068439
0.068334
0.068273
0.066704
0.059539
0.057495
0.056534
0.04534
0.062322
0.044164
0.055339
0.074146
0.073965
0.070676
0.050429
0.050554
0.050326
0.04995
0.049266
0.048863
0.048974
0.048638
0.04725
0.046972
0.054241
0.04295
0.042475
0.042469
0.068063
0.043172
0.04372
0.044482
0.043534
0.067638
0.067977
0.043848
0.042893
0.043166
0.058834
0.046974
0.046253
0.0454
0.062105
0.054214
0.053742
0.074529
0.071819
0.069984
0.050257
0.050358
0.04996
0.049229
0.049207
0.048304
0.047278
0.047279
0.047094
0.046983
0.043778
0.043328
0.042861
0.042712
0.042829
0.043723
0.056082
0.069121
0.043436
0.043406
0.043889
0.043553
0.067898
0.047744
0.058383
0.046583
0.045443
0.077338
0.054527
0.053435
0.072131
0.071292
0.050243
0.050146
0.049482
0.050318
0.049341
0.049237
0.048596
0.047375
0.054942
0.053892
0.054375
0.043032
0.044025
0.043326
0.043314
0.043169
0.044072
0.0569
0.043962
0.043193
0.043504
0.043297
0.042981
0.043527
0.063274
0.057802
0.056754
0.056468
0.045287
0.054847
0.053646
0.052746
0.071434
0.070496
0.050184
0.05074
0.050363
0.049353
0.04845
0.047691
0.047876
0.047236
0.054586
0.054981
0.042589
0.043493
0.043536
0.042561
0.043865
0.043703
0.044071
0.043092
0.043519
0.042871
0.067025
0.043324
0.04333
0.042837
0.042775
0.05769
0.056372
0.055346
0.054379
0.052732
0.051888
0.051355
0.050758
0.050129
0.050875
0.049983
0.049314
0.048305
0.048214
0.047447
0.047328
0.047407
0.06503
0.015759
0.042571
0.042581
0.042521
0.042105
0.042877
0.043464
0.04315
0.04353
0.04352
0.042647
0.04301
0.043117
0.067175
0.061778
0.057393
0.056589
0.055382
0.054581
0.052858
0.052171
0.051606
0.051047
0.050439
0.050308
0.050037
0.049313
0.048967
0.048629
0.048396
0.047677
0.047294
0.065354
0.042737
0.042551
0.042546
0.041765
0.042034
0.042154
0.042815
0.043081
0.044499
0.043573
0.04305
0.043438
0.042856
0.06713
0.067031
0.058139
0.056146
0.056225
0.055272
0.053257
0.053098
0.052434
0.051337
0.051306
0.05034
0.049912
0.049493
0.049339
0.049345
0.048343
0.066399
0.047258
0.065376
0.042006
0.042632
0.041816
0.041065
0.042438
0.042447
0.042971
0.043426
0.043171
0.042968
0.043203
0.043774
0.043001
0.042762
0.042696
0.062052
0.056268
0.055741
0.055228
0.054358
0.052928
0.052214
0.051634
0.051484
0.0504
0.049876
0.049449
0.049041
0.048457
0.048909
0.048012
0.065732
0.065168
0.042889
0.042647
0.042055
0.042277
0.042835
0.042496
0.042953
0.043181
0.043414
0.043572
0.043282
0.043383
0.042787
0.04193
0.042319
0.066046
0.058523
0.055767
0.055574
0.054902
0.053749
0.052582
0.051975
0.051843
0.051111
0.050111
0.048155
0.048471
0.048563
0.047794
0.047778
0.048426
0.065174
0.042776
0.041967
0.042167
0.04222
0.042655
0.042555
0.043301
0.043894
0.043889
0.04372
0.04308
0.043001
0.042028
0.041923
0.042236
0.066656
0.063047
0.056958
0.056089
0.05509
0.054222
0.053068
0.05222
0.052248
0.051073
0.049788
0.048296
0.047829
0.048732
0.047899
0.047601
0.047747
0.075079
0.014905
0.042331
0.042409
0.041973
0.015412
0.042372
0.042765
0.043905
0.044172
0.044718
0.043338
0.042931
0.042107
0.065724
0.06633
0.066034
0.065745
0.058902
0.0553
0.05563
0.05501
0.053833
0.052676
0.051973
0.050568
0.050755
0.048809
0.048563
0.048552
0.067002
0.066807
0.065544
0.065599
0.068023
0.067584
0.068218
0.066606
0.065943
0.061502
0.05577
0.055218
0.054687
0.074202
0.054266
0.053744
0.053417
0.052648
0.051626
0.050531
0.049529
0.048531
0.055173
0.055538
0.054048
0.053576
0.050597
0.053424
0.054054
0.053557
0.053841
0.053636
0.054128
0.053963
0.053142
0.053739
0.053718
0.067681
0.068179
0.068105
0.067147
0.065926
0.061699
0.05606
0.05521
0.054634
0.054175
0.053696
0.053157
0.053133
0.052098
0.050857
0.050556
0.049528
0.055784
0.054627
0.054665
0.05355
0.020551
0.05363
0.053435
0.053795
0.053998
0.053594
0.053189
0.053837
0.054251
0.053726
0.073914
0.053971
0.067071
0.068392
0.067971
0.066691
0.064959
0.061818
0.054836
0.053734
0.054185
0.054113
0.053676
0.053062
0.052458
0.051585
0.050914
0.050079
0.048859
0.048082
0.055579
0.054028
0.054288
0.054229
0.054161
0.051204
0.053385
0.053708
0.053786
0.053093
0.053783
0.053744
0.053952
0.053667
0.052955
0.067074
0.067398
0.067473
0.066188
0.065633
0.061444
0.055712
0.053561
0.053956
0.053293
0.053572
0.053096
0.052572
0.051193
0.050193
0.049759
0.048425
0.048076
0.054975
0.054349
0.054268
0.054211
0.019651
0.053249
0.050397
0.053293
0.05079
0.050707
0.053718
0.053668
0.054205
0.053039
0.052577
0.067523
0.042834
0.066915
0.065979
0.065915
0.061552
0.040774
0.040381
0.040706
0.053736
0.053546
0.053116
0.052556
0.051015
0.04975
0.048882
0.048474
0.04885
0.055429
0.055282
0.054028
0.053544
0.053462
0.017973
0.053698
0.053223
0.016963
0.050709
0.05345
0.0538
0.05429
0.073485
0.073429
0.042866
0.067749
0.067452
0.066124
0.04177
0.040934
0.040912
0.039971
0.039988
0.052596
0.053629
0.053053
0.053486
0.051915
0.0498
0.048977
0.049182
0.047904
0.054472
0.053576
0.053945
0.05227
0.053543
0.053305
0.053471
0.053708
0.051102
0.050649
0.053582
0.052896
0.053583
0.053471
0.072447
0.067782
0.066879
0.066923
0.066852
0.041344
0.041375
0.040348
0.05358
0.05383
0.052409
0.053592
0.053019
0.052355
0.051024
0.049441
0.056874
0.049213
0.047859
0.053616
0.051182
0.054197
0.053367
0.054046
0.053791
0.053554
0.053827
0.053796
0.053521
0.053682
0.05333
0.053574
0.073367
0.053188
0.066837
0.066279
0.042787
0.041834
0.04177
0.041404
0.041835
0.040869
0.053135
0.052616
0.053589
0.053018
0.051925
0.051081
0.049437
0.048795
0.048448
0.047685
0.054783
0.05441
0.053569
0.053525
0.054289
0.053986
0.053796
0.052941
0.053992
0.053686
0.052988
0.053582
0.05289
0.053759
0.07335
0.066271
0.066284
0.041013
0.041312
0.041706
0.041286
0.04156
0.040831
0.040725
0.039503
0.053409
0.052615
0.051644
0.051003
0.049455
0.056393
0.048274
0.054886
0.075597
0.054324
0.054433
0.054942
0.054024
0.054587
0.054037
0.053067
0.05021
0.052601
0.049918
0.052766
0.052928
0.07245
0.072253
0.065781
0.064381
0.04073
0.041509
0.040957
0.040956
0.041154
0.041218
0.04025
0.05342
0.053764
0.053192
0.051694
0.050971
0.050387
0.049229
0.048234
0.076021
0.075625
0.074836
0.054549
0.054477
0.055009
0.05397
0.053887
0.050636
0.05026
0.052954
0.050185
0.050832
0.050363
0.072508
0.053089
0.066293
0.06497
0.040578
0.041511
0.040958
0.040991
0.041313
0.040813
0.053255
0.0536
0.053871
0.052515
0.052045
0.05147
0.050972
0.067843
0.05638
0.055554
0.055258
0.055206
0.047336
0.047485
0.047287
0.054529
0.053304
0.051203
0.051242
0.050395
0.05043
0.050001
0.049932
0.050402
0.052796
0.065336
0.04064
0.041141
0.041061
0.041638
0.041225
0.041614
0.04125
0.041456
0.053486
0.053757
0.053229
0.05257
0.05119
0.069637
0.06789
0.066661
0.05567
0.04758
0.047461
0.055183
0.047526
0.054309
0.053969
0.051672
0.050743
0.050194
0.052844
0.050534
0.052801
0.049885
0.052408
0.049709
0.065966
0.065217
0.041619
0.041121
0.041064
0.041739
0.041622
0.040807
0.041158
0.053445
0.053959
0.053383
0.052805
0.051646
0.070701
0.049913
0.0486
0.048007
0.055372
0.055343
0.055004
0.054406
0.054629
0.053279
0.053408
0.053053
0.050633
0.050605
0.050547
0.05128
0.050932
0.049846
0.049432
0.040734
0.065011
0.064294
0.040549
0.040329
0.040419
0.040237
0.040876
0.040853
0.053547
0.053396
0.052588
0.051897
0.050706
0.050711
0.049892
0.048805
0.0661
0.055608
0.047719
0.047584
0.054503
0.05424
0.053191
0.051539
0.051025
0.052649
0.050593
0.052934
0.051645
0.050159
0.049837
0.049231
0.040631
0.065226
0.065202
0.064072
0.040288
0.040799
0.040494
0.040326
0.040333
0.05461
0.054067
0.053599
0.053014
0.051833
0.051372
0.049399
0.048855
0.055637
0.054728
0.047572
0.047484
0.054846
0.054331
0.050892
0.053119
0.053228
0.053026
0.052875
0.050761
0.05016
0.049666
0.049584
0.049706
0.041418
0.041257
0.066162
0.04142
0.04119
0.0404
0.040992
0.041596
0.04153
0.054074
0.054174
0.053614
0.05296
0.051643
0.071177
0.050608
0.048776
0.055282
0.053851
0.054628
0.055114
0.055143
0.053334
0.016819
0.017933
0.016652
0.016754
0.05027
0.050021
0.049778
0.049555
0.049492
0.050331
0.041978
0.041337
0.065967
0.065521
0.041046
0.041448
0.042339
0.058998
0.055525
0.054902
0.054175
0.053739
0.053853
0.052594
0.071827
0.069854
0.048945
0.055183
0.054086
0.05333
0.054317
0.054323
0.051636
0.053414
0.017996
0.017911
0.050694
0.016819
0.016856
0.0495
0.049622
0.049255
0.04969
0.042975
0.041956
0.042363
0.041878
0.067331
0.042591
0.042241
0.060664
0.055629
0.054941
0.054393
0.053954
0.053952
0.052885
0.052789
0.05003
0.05667
0.056289
0.054817
0.05443
0.054974
0.055011
0.054653
0.054061
0.052973
0.016949
0.017385
0.017073
0.04984
0.049689
0.049908
0.049809
0.049576
0.042897
0.041982
0.04296
0.042318
0.067348
0.041824
0.067198
0.062176
0.055722
0.055111
0.054641
0.053794
0.053445
0.052946
0.052244
0.050616
0.049312
0.056669
0.047961
0.047572
0.054801
0.054518
0.054705
0.054457
0.053339
0.052463
0.016779
0.016573
0.016964
0.049644
0.049776
0.049761
0.050374
0.042932
0.04257
0.068384
0.043421
0.043653
0.067405
0.067406
0.065243
0.056642
0.056092
0.055307
0.054253
0.053584
0.052965
0.051427
0.050133
0.049473
0.048723
0.055535
0.05473
0.055031
0.055262
0.053705
0.052547
0.054149
0.0513
0.053046
0.050167
0.049521
0.016847
0.016798
0.016564
0.049986
0.042774
0.042904
0.067584
0.067608
0.067847
0.068257
0.068819
0.067439
0.059126
0.055455
0.055566
0.054855
0.053823
0.052778
0.050864
0.050473
0.049658
0.055875
0.054368
0.053879
0.055031
0.047441
0.053992
0.053974
0.047212
0.054745
0.052664
0.052005
0.017082
0.018504
0.018112
0.017708
0.016859
0.04298
0.042985
0.067904
0.042321
0.042722
0.068742
0.067453
0.067272
0.062205
0.056657
0.055719
0.054677
0.052389
0.051651
0.051245
0.050474
0.049579
0.055867
0.055397
0.054924
0.047559
0.047887
0.055182
0.053928
0.054316
0.053828
0.053396
0.053585
0.053088
0.053647
0.018247
0.01801
0.0181
0.043959
0.043176
0.042828
0.042965
0.042989
0.04334
0.043259
0.043238
0.065372
0.057418
0.055167
0.053811
0.052289
0.052001
0.052119
0.05083
0.05786
0.056875
0.048688
0.055184
0.047673
0.047579
0.055399
0.054191
0.054278
0.053484
0.053977
0.053778
0.054432
0.054112
0.018152
0.017458
0.018177
0.043998
0.043286
0.043339
0.043613
0.042774
0.043111
0.03474
0.043264
0.067801
0.042795
0.05588
0.040895
0.039518
0.052768
0.053107
0.051709
0.05014
0.050322
0.056805
0.048189
0.04786
0.047536
0.047523
0.054461
0.054302
0.054047
0.053927
0.053887
0.054346
0.01813
0.017917
0.016913
0.018195
0.043893
0.04417
0.042948
0.043563
0.067782
0.04404
0.070071
0.043466
0.042845
0.042593
0.041652
0.040811
0.03978
0.039039
0.037334
0.051433
0.05061
0.05023
0.049046
0.049193
0.04874
0.047979
0.048385
0.048434
0.054476
0.05408
0.054464
0.054167
0.053881
0.018103
0.017949
0.017892
0.018264
0.043822
0.044046
0.043346
0.043608
0.043229
0.043263
0.068388
0.05564
0.043382
0.042947
0.042161
0.040781
0.040076
0.039317
0.03788
0.051039
0.050547
0.050906
0.049965
0.049685
0.048405
0.048721
0.049268
0.04772
0.047417
0.055079
0.054427
0.018184
0.018164
0.01729
0.016598
0.017748
0.018084
0.056825
0.056248
0.044233
0.043846
0.043563
0.043641
0.068895
0.068833
0.043278
0.042564
0.042144
0.041513
0.040226
0.040053
0.038551
0.037521
0.050999
0.051732
0.050412
0.04949
0.049606
0.048798
0.048858
0.048966
0.048461
0.032447
0.018688
0.054365
0.050967
0.017096
0.016933
0.017686
0.01809
0.058098
0.03543
0.035267
0.035542
0.043604
0.043356
0.069172
0.043354
0.034608
0.042877
0.042111
0.041642
0.040841
0.039732
0.03918
0.037895
0.03654
0.052049
0.051421
0.050187
0.050227
0.04965
0.049418
0.049329
0.049203
0.032488
0.018307
0.053959
0.053116
0.018174
0.01699
0.018224
0.01792
0.036456
0.035626
0.035047
0.035323
0.035129
0.044707
0.044718
0.043419
0.034659
0.043263
0.042913
0.043141
0.041593
0.04129
0.03979
0.052862
0.052884
0.052381
0.050198
0.05023
0.049583
0.049887
0.049443
0.049438
0.033186
0.0326
0.018783
0.018271
0.053707
0.05325
0.016863
0.016694
0.016852
0.035216
0.035701
0.03572
0.037938
0.035573
0.035038
0.034801
0.034833
0.034968
0.069131
0.043231
0.043189
0.042474
0.041977
0.041159
0.040132
0.053118
0.052176
0.051537
0.050417
0.050118
0.049703
0.049589
0.048744
0.033343
0.032537
0.032418
0.018621
0.018535
0.053947
0.053557
0.052995
0.017982
0.035248
0.035795
0.03624
0.037586
0.037441
0.035837
0.035007
0.056954
0.035331
0.056168
0.044218
0.035105
0.04311
0.042467
0.042232
0.041229
0.038309
0.051895
0.0512
0.051464
0.050808
0.049919
0.049713
0.049971
0.03368
0.032576
0.018892
0.047317
0.054916
0.054828
0.054233
0.018328
0.053754
0.037652
0.037129
0.059454
0.036381
0.059665
0.035565
0.035706
0.058721
0.035014
0.035047
0.068701
0.044474
0.042794
0.042412
0.041542
0.040873
0.038175
0.03701
0.051428
0.051683
0.035443
0.050502
0.050305
0.049128
0.04888
0.032676
0.047566
0.05455
0.054864
0.04733
0.018708
0.053946
0.018175
0.036358
0.037638
0.03762
0.035958
0.037214
0.039671
0.036628
0.035155
0.035017
0.043391
0.042877
0.042617
0.04222
0.04166
0.041074
0.041233
0.039469
0.037485
0.036294
0.051493
0.051149
0.050662
0.049693
0.048774
0.048804
0.047984
0.055022
0.055143
0.054892
0.054459
0.053945
0.054192
0.05484
0.037731
0.037944
0.037659
0.037432
0.035739
0.035896
0.035597
0.035505
0.034883
0.042753
0.042945
0.042475
0.042175
0.041613
0.041517
0.040542
0.039877
0.039382
0.037584
0.052101
0.051645
0.050828
0.048838
0.049353
0.049329
0.048727
0.047494
0.055116
0.047275
0.054419
0.053478
0.054151
0.047189
0.035965
0.037233
0.03717
0.03637
0.039042
0.035032
0.035064
0.035001
0.043619
0.042803
0.042598
0.042346
0.041048
0.041621
0.041295
0.041373
0.041111
0.054301
0.053271
0.037123
0.051783
0.050371
0.048933
0.049086
0.049497
0.048739
0.048376
0.047382
0.047348
0.055186
0.054813
0.054643
0.047253
0.037778
0.03603
0.036916
0.037317
0.037554
0.03551
0.035272
0.034948
0.043903
0.043524
0.042887
0.066827
0.041748
0.041739
0.041611
0.041108
0.041904
0.055047
0.053978
0.053382
0.052751
0.051404
0.049509
0.049424
0.048704
0.048802
0.049068
0.048514
0.047556
0.047685
0.054995
0.047319
0.047169
0.037508
0.036281
0.035926
0.035769
0.035554
0.035592
0.035695
0.035656
0.04412
0.043618
0.04291
0.066835
0.066775
0.066021
0.062959
0.055828
0.043006
0.042817
0.040233
0.054045
0.052432
0.051749
0.050294
0.04959
0.049352
0.049103
0.049001
0.049284
0.047822
0.047407
0.047228
0.047301
0.054743
0.036001
0.036012
0.035878
0.035262
0.035274
0.035698
0.035543
0.035645
0.035239
0.043677
0.069179
0.06769
0.067379
0.066852
0.066992
0.061742
0.05742
0.043202
0.04226
0.054696
0.053323
0.052581
0.051021
0.050196
0.048777
0.049601
0.048103
0.047915
0.047692
0.054851
0.054245
0.053991
0.054265
0.035847
0.035722
0.035824
0.044959
0.044635
0.03582
0.035821
0.036011
0.035646
0.069792
0.05627
0.067769
0.067913
0.043333
0.043863
0.053262
0.043157
0.042974
0.056233
0.054247
0.053857
0.05299
0.052339
0.05102
0.049706
0.049104
0.048057
0.047801
0.047543
0.054428
0.054196
0.054126
0.054716
0.035483
0.045321
0.044523
0.035334
0.035544
0.035806
0.035558
0.035815
0.035654
0.056225
0.056577
0.068666
0.05581
0.070071
0.034617
0.034913
0.049843
0.057307
0.055738
0.055806
0.054361
0.054494
0.052067
0.051425
0.050789
0.049369
0.048792
0.04777
0.055374
0.054566
0.054244
0.054409
0.047449
0.044795
0.044603
0.044598
0.035719
0.035871
0.037209
0.03663
0.035789
0.035324
0.03533
0.056596
0.056625
0.057006
0.055933
0.055708
0.056023
0.054362
0.058406
0.05754
0.056167
0.054246
0.05358
0.052394
0.051721
0.050515
0.050161
0.049176
0.047888
0.055437
0.054484
0.054482
0.055167
0.054582
0.044703
0.043996
0.044411
0.01467
0.035367
0.036212
0.038707
0.037251
0.03708
0.035465
0.057119
0.070387
0.056443
0.056823
0.043074
0.069097
0.06974
0.063364
0.056817
0.055624
0.055212
0.054772
0.053377
0.052196
0.050292
0.049975
0.04853
0.048169
0.05475
0.05487
0.054725
0.054255
0.05451
0.022264
0.021718
0.023478
0.072527
0.072708
0.071023
0.062925
0.061776
0.053206
0.053421
0.052863
0.053383
0.053452
0.052286
0.050823
0.04983
0.04882
0.056245
0.054693
0.052802
0.051103
0.050496
0.050452
0.050323
0.049968
0.016347
0.050185
0.049706
0.050048
0.050198
0.050167
0.050076
0.049662
0.021959
0.022209
0.021992
0.023587
0.072568
0.071754
0.054751
0.053716
0.054359
0.054369
0.054475
0.054326
0.053364
0.052183
0.05021
0.049475
0.05594
0.055074
0.051492
0.05125
0.050608
0.050404
0.051078
0.050337
0.050122
0.016146
0.049719
0.050141
0.05001
0.049791
0.049585
0.049859
0.049541
0.022912
0.023414
0.023678
0.072615
0.064131
0.062434
0.056029
0.053669
0.054235
0.054246
0.05438
0.053367
0.052894
0.052953
0.051257
0.049521
0.056287
0.054675
0.050636
0.05089
0.050572
0.050401
0.050526
0.050497
0.05015
0.049979
0.049688
0.04997
0.049715
0.049591
0.04952
0.049587
0.049438
0.024052
0.04026
0.040186
0.063728
0.064052
0.062488
0.05518
0.054898
0.05323
0.053962
0.052933
0.052729
0.052644
0.052095
0.050588
0.049076
0.056399
0.054633
0.050825
0.051274
0.050635
0.050655
0.050443
0.050378
0.050362
0.04973
0.049655
0.049606
0.049575
0.04946
0.04947
0.04927
0.049321
0.024452
0.040634
0.040362
0.040997
0.04043
0.040758
0.056778
0.054473
0.052984
0.052504
0.052068
0.051935
0.051837
0.051581
0.049768
0.057118
0.055606
0.054127
0.050942
0.050575
0.050568
0.050621
0.051005
0.051967
0.050034
0.049992
0.049813
0.049578
0.050241
0.049479
0.049439
0.049547
0.049234
0.024662
0.040631
0.040471
0.040424
0.040367
0.041206
0.056399
0.053508
0.052851
0.052306
0.051827
0.05129
0.050864
0.050549
0.049864
0.056966
0.055375
0.054088
0.051322
0.051246
0.050536
0.050669
0.050551
0.050332
0.050868
0.049847
0.049666
0.049557
0.050545
0.049455
0.050098
0.049585
0.049523
0.064022
0.064039
0.064307
0.04041
0.040781
0.064409
0.056852
0.053758
0.053019
0.053255
0.051864
0.051285
0.050918
0.0579
0.056986
0.056232
0.054545
0.05393
0.05098
0.051027
0.050532
0.050574
0.050965
0.051072
0.053412
0.050392
0.050144
0.050009
0.049493
0.049424
0.049381
0.04934
0.049141
0.073981
0.064089
0.064989
0.040943
0.040623
0.065455
0.057207
0.053544
0.053044
0.05241
0.051785
0.051229
0.058998
0.056922
0.056636
0.055568
0.054674
0.054022
0.05133
0.05136
0.053532
0.054132
0.051245
0.052772
0.052283
0.053217
0.050517
0.0502
0.049968
0.049525
0.049401
0.049393
0.0493
0.073381
0.063984
0.064923
0.065045
0.06543
0.065055
0.057807
0.053578
0.061102
0.060448
0.060298
0.058844
0.050785
0.057286
0.056487
0.055995
0.052234
0.051304
0.051056
0.051117
0.052351
0.053522
0.052957
0.050528
0.050795
0.050223
0.053218
0.050059
0.049725
0.049758
0.050043
0.049296
0.049165
0.023919
0.024048
0.064901
0.06593
0.065197
0.065646
0.0585
0.053503
0.053003
0.060965
0.060431
0.059139
0.058368
0.058153
0.055843
0.055976
0.052162
0.051037
0.051332
0.05098
0.050847
0.053409
0.050972
0.053635
0.053292
0.053667
0.053733
0.050605
0.04986
0.049763
0.049686
0.015938
0.015971
0.073444
0.063915
0.064297
0.065106
0.064191
0.065923
0.060125
0.054918
0.053106
0.060292
0.059591
0.057968
0.056515
0.054001
0.053482
0.053081
0.052263
0.051227
0.053816
0.052811
0.053575
0.054054
0.053431
0.053966
0.053906
0.053716
0.053312
0.052705
0.051161
0.050057
0.016191
0.016165
0.015918
0.064068
0.04035
0.04026
0.040209
0.041153
0.040861
0.059599
0.053917
0.061527
0.060986
0.055856
0.056795
0.057369
0.053744
0.053348
0.053722
0.054708
0.017201
0.017
0.05347
0.051139
0.053375
0.053409
0.053998
0.053779
0.054596
0.053959
0.053009
0.016446
0.052866
0.016442
0.051148
0.049846
0.040419
0.040341
0.023739
0.040222
0.040294
0.040258
0.04009
0.040003
0.060884
0.059322
0.055806
0.055
0.054549
0.054259
0.054629
0.052992
0.017074
0.052378
0.017975
0.054368
0.054235
0.053392
0.053665
0.054001
0.054171
0.053332
0.053573
0.017602
0.01751
0.052777
0.052483
0.050263
0.050156
0.064519
0.07402
0.063923
0.04037
0.040943
0.040447
0.040097
0.023366
0.021389
0.022028
0.0562
0.055536
0.055633
0.057086
0.055931
0.017637
0.018202
0.018508
0.054772
0.054844
0.053542
0.053785
0.053412
0.018041
0.054053
0.01798
0.018361
0.017891
0.016501
0.017109
0.050557
0.051038
0.050053
0.06585
0.040703
0.073949
0.040197
0.040322
0.040984
0.040283
0.023174
0.021516
0.021062
0.056144
0.020389
0.019019
0.018259
0.018185
0.017854
0.055738
0.055086
0.055278
0.054464
0.054302
0.053552
0.054069
0.054018
0.018023
0.054881
0.018388
0.018025
0.01788
0.053571
0.052732
0.052751
0.049872
0.065337
0.040337
0.040622
0.040408
0.040325
0.040458
0.040378
0.02376
0.022814
0.021196
0.02127
0.020338
0.019051
0.018342
0.018472
0.019523
0.056906
0.055307
0.054796
0.054419
0.054294
0.055077
0.05508
0.054046
0.017787
0.01801
0.017989
0.01836
0.018006
0.053332
0.052761
0.052853
0.051942
0.065363
0.040533
0.040351
0.041572
0.04149
0.040967
0.040281
0.023684
0.023031
0.021467
0.021071
0.020804
0.019338
0.018312
0.018376
0.0194
0.019179
0.056309
0.054728
0.018351
0.018186
0.054906
0.047469
0.054899
0.054219
0.017983
0.01766
0.017643
0.016895
0.016471
0.050899
0.052695
0.052358
0.065256
0.040426
0.041169
0.041807
0.041141
0.040985
0.040146
0.023699
0.022858
0.022712
0.021204
0.020641
0.019699
0.018496
0.018133
0.018336
0.056784
0.055752
0.055959
0.055272
0.018333
0.032543
0.03265
0.032488
0.018055
0.018007
0.01766
0.016432
0.016278
0.052969
0.053183
0.052828
0.050291
0.040767
0.040802
0.040611
0.041242
0.0416
0.04102
0.040999
0.040154
0.023178
0.022752
0.022736
0.020882
0.019854
0.018783
0.018683
0.019419
0.019248
0.055933
0.048428
0.047852
0.047772
0.047844
0.032472
0.018304
0.018065
0.018062
0.017943
0.016328
0.016265
0.053051
0.052827
0.051902
0.05284
0.064572
0.041709
0.040722
0.040651
0.041067
0.040513
0.040473
0.040115
0.023346
0.023168
0.023105
0.022529
0.02061
0.019074
0.019058
0.019358
0.018404
0.018862
0.048277
0.018429
0.04793
0.048401
0.047442
0.032472
0.018325
0.018163
0.017761
0.017631
0.016348
0.053485
0.053608
0.052568
0.053477
0.040816
0.064502
0.040525
0.040677
0.040398
0.040559
0.040471
0.040076
0.023633
0.023171
0.023384
0.022978
0.020568
0.019673
0.019202
0.019493
0.019638
0.019189
0.018957
0.018494
0.032656
0.032695
0.032791
0.032547
0.032417
0.032364
0.03227
0.017969
0.018171
0.046893
0.054676
0.053581
0.051726
0.040836
0.040605
0.040476
0.040486
0.040435
0.040387
0.040421
0.040267
0.023686
0.023407
0.0031103
0.023072
0.020959
0.020086
0.020552
0.019915
0.019987
0.019335
0.019096
0.018404
0.032684
0.032713
0.033194
0.032526
0.032552
0.032378
0.047096
0.018223
0.018458
0.032141
0.018284
0.05453
0.053383
0.064772
0.064606
0.06415
0.040386
0.040325
0.040446
0.040334
0.040157
0.0402
0.0032673
0.023122
0.023176
0.022702
0.022191
0.021146
0.035287
0.01964
0.019328
0.018914
0.018655
0.018385
0.033414
0.033241
0.032629
0.032549
0.033159
0.03235
0.032413
0.032255
0.032299
0.018204
0.054636
0.053824
0.064514
0.064445
0.040517
0.023639
0.040381
0.040385
0.040243
0.040193
0.040379
0.04008
0.023134
0.023159
0.023034
0.022473
0.021573
0.020429
0.019747
0.01912
0.018754
0.018809
0.018812
0.033293
0.032977
0.032548
0.032632
0.03255
0.032422
0.032576
0.032354
0.032327
0.032847
0.054642
0.032112
0.023883
0.074473
0.064215
0.04071
0.040506
0.040342
0.040343
0.04039
0.040323
0.023215
0.022891
0.023257
0.023038
0.022566
0.021948
0.020362
0.019911
0.019548
0.019157
0.018958
0.018557
0.018293
0.032796
0.032813
0.032503
0.032563
0.018519
0.032341
0.047484
0.032326
0.018315
0.017944
0.017524
0.064466
0.073124
0.07404
0.040515
0.064255
0.023755
0.040607
0.040266
0.023459
0.022824
0.023188
0.022354
0.02277
0.022809
0.022119
0.020903
0.019977
0.019841
0.019277
0.019159
0.019004
0.018288
0.018376
0.032695
0.032642
0.032568
0.018513
0.047323
0.047112
0.047075
0.054524
0.053656
0.017599
0.064661
0.074316
0.072832
0.023637
0.040383
0.023699
0.040278
0.023861
0.023416
0.023749
0.023392
0.022229
0.022776
0.022577
0.022229
0.021128
0.020091
0.019797
0.019292
0.019031
0.019044
0.018623
0.018694
0.01867
0.032741
0.03276
0.032704
0.047352
0.047283
0.054303
0.018368
0.053723
0.053058
0.06687
0.065391
0.074384
0.023344
0.023615
0.074094
0.040314
0.023732
0.02347
0.040165
0.023802
0.022784
0.023045
0.023065
0.022198
0.021462
0.020274
0.019616
0.019493
0.01909
0.01906
0.01891
0.018431
0.018367
0.032487
0.032642
0.047338
0.055099
0.054333
0.054145
0.018042
0.018041
0.05289
0.066933
0.065862
0.064435
0.023743
0.040512
0.02346
0.023413
0.023363
0.023315
0.023585
0.023523
0.023346
0.023612
0.023224
0.02247
0.020323
0.020366
0.019735
0.019615
0.01928
0.033654
0.018567
0.018684
0.054868
0.04752
0.047374
0.047299
0.047281
0.054045
0.017993
0.018247
0.017938
0.052956
0.065925
0.065035
0.064492
0.074388
0.074106
0.023321
0.073245
0.023522
0.023334
0.02329
0.023262
0.023773
0.040078
0.061731
0.022712
0.022049
0.020888
0.020253
0.020044
0.019555
0.019033
0.018312
0.01856
0.018679
0.04777
0.047472
0.04762
0.047968
0.032369
0.047147
0.054542
0.053799
0.053734
0.066627
0.065443
0.064476
0.064395
0.023918
0.074283
0.064115
0.073068
0.073696
0.072939
0.073192
0.040216
0.040096
0.023705
0.023097
0.021334
0.021221
0.020439
0.01986
0.019609
0.01912
0.018467
0.018132
0.018349
0.047511
0.047608
0.047558
0.047494
0.047387
0.018148
0.054193
0.05389
0.053737
0.0661
0.065893
0.041001
0.064562
0.064489
0.064551
0.073999
0.064066
0.06436
0.063751
0.063795
0.063737
0.040084
0.02373
0.023365
0.022857
0.020471
0.0208
0.020318
0.019719
0.019302
0.018571
0.017787
0.018406
0.032599
0.047634
0.047583
0.047562
0.055122
0.047249
0.047145
0.054799
0.054054
0.06663
0.065933
0.064817
0.064997
0.064451
0.06519
0.065139
0.064299
0.064273
0.06423
0.072916
0.072329
0.072218
0.023727
0.023325
0.023398
0.022576
0.037068
0.035543
0.019781
0.019659
0.019023
0.018669
0.018399
0.032671
0.047597
0.047472
0.047517
0.05411
0.0473
0.04755
0.047085
0.054157
0.065154
0.06541
0.064699
0.064625
0.064827
0.041344
0.064743
0.064404
0.064241
0.074155
0.064005
0.023479
0.073494
0.040213
0.023295
0.023618
0.023019
0.038234
0.036071
0.03538
0.034577
0.019671
0.0191
0.018527
0.018276
0.055276
0.04762
0.047409
0.018249
0.047272
0.047399
0.054926
0.054124
0.066202
0.064826
0.064777
0.074757
0.041625
0.066326
0.064378
0.064255
0.074263
0.023688
0.064068
0.063765
0.023386
0.023795
0.023327
0.023672
0.023098
0.038861
0.036956
0.050672
0.050223
0.034255
0.019026
0.048181
0.047696
0.018461
0.055127
0.018256
0.032443
0.054502
0.047432
0.047218
0.047518
0.06617
0.065364
0.066
0.064903
0.064769
0.064993
0.064616
0.064235
0.04073
0.064243
0.064279
0.063848
0.063678
0.023425
0.040178
0.039963
0.023674
0.039233
0.038493
0.050948
0.050765
0.019962
0.019277
0.019023
0.018545
0.018072
0.054773
0.054303
0.054227
0.055056
0.055134
0.047369
0.048445
0.065053
0.065019
0.066012
0.041064
0.064851
0.065685
0.040971
0.040728
0.041648
0.066449
0.065532
0.065291
0.064365
0.040324
0.040315
0.040056
0.039928
0.03975
0.038888
0.051342
0.035366
0.03467
0.03415
0.033665
0.018746
0.018132
0.018204
0.054498
0.047478
0.054604
0.047354
0.047645
0.048255
0.065251
0.065339
0.041765
0.042489
0.042193
0.065755
0.065657
0.041554
0.042055
0.04217
0.066387
0.06591
0.066073
0.041145
0.040696
0.040006
0.023623
0.039888
0.039433
0.053052
0.035888
0.034975
0.019864
0.019587
0.018567
0.018681
0.018428
0.054645
0.053631
0.055336
0.048229
0.048354
0.049084
0.041224
0.06553
0.042697
0.043054
0.042548
0.042152
0.042355
0.04229
0.042281
0.043015
0.042499
0.041937
0.04122
0.040258
0.040159
0.040111
0.039954
0.039964
0.039893
0.040067
0.037737
0.035895
0.035221
0.034574
0.033762
0.019036
0.018809
0.055154
0.055256
0.047478
0.047323
0.048395
0.048327
0.041121
0.04124
0.041903
0.042607
0.042598
0.042749
0.068246
0.042911
0.04275
0.04269
0.042177
0.042037
0.040814
0.040342
0.040249
0.040127
0.040241
0.040122
0.040951
0.041102
0.039292
0.036421
0.035905
0.035271
0.034033
0.03355
0.048019
0.047798
0.047722
0.047694
0.04766
0.055143
0.065475
0.041331
0.041179
0.041855
0.042649
0.042644
0.043114
0.06774
0.042963
0.06828
0.043192
0.042323
0.041995
0.040592
0.040574
0.040237
0.040194
0.040217
0.040346
0.04126
0.041201
0.040105
0.037079
0.036253
0.03554
0.050261
0.049003
0.048413
0.047853
0.04772
0.047582
0.047489
0.054665
0.075402
0.041229
0.041509
0.042663
0.042768
0.068599
0.068673
0.069334
0.043845
0.043545
0.042782
0.067474
0.066591
0.041095
0.040726
0.041057
0.040336
0.04026
0.04039
0.040773
0.054805
0.053147
0.037911
0.037028
0.052176
0.051019
0.050071
0.048807
0.055993
0.054798
0.054301
0.054368
0.075314
0.074402
0.024039
0.023479
0.023436
0.021825
0.02117
0.021299
0.020949
0.021307
0.021102
0.020909
0.020418
0.054348
0.054441
0.01827
0.017952
0.052375
0.051684
0.051395
0.051207
0.050715
0.050609
0.050064
0.050651
0.050828
0.073742
0.073169
0.050909
0.069455
0.069326
0.069814
0.072102
0.050212
0.049793
0.040343
0.040332
0.023928
0.022988
0.021346
0.021079
0.021007
0.021224
0.020998
0.020844
0.020477
0.01961
0.01853
0.017995
0.017739
0.052029
0.051815
0.051401
0.050853
0.050717
0.050731
0.049931
0.050357
0.050394
0.050803
0.073157
0.069695
0.069252
0.069207
0.069804
0.072682
0.050011
0.050254
0.024003
0.040451
0.023566
0.022982
0.021406
0.021361
0.02112
0.02098
0.020942
0.020968
0.020515
0.019479
0.018433
0.01807
0.017665
0.017288
0.051729
0.051129
0.050731
0.050521
0.050108
0.050054
0.049977
0.05053
0.0733
0.053073
0.050736
0.073052
0.050238
0.068946
0.050011
0.050082
0.050476
0.023581
0.023878
0.023361
0.022966
0.022854
0.022844
0.021407
0.021214
0.021146
0.02086
0.020336
0.019362
0.01844
0.017924
0.017557
0.017334
0.051342
0.051272
0.050283
0.050068
0.050064
0.05003
0.050289
0.050198
0.050491
0.050262
0.050325
0.050275
0.050046
0.068609
0.068633
0.050211
0.05029
0.023917
0.023435
0.023185
0.023294
0.023281
0.022896
0.021589
0.02166
0.021246
0.020946
0.020537
0.019482
0.018417
0.018025
0.017543
0.017379
0.051259
0.049374
0.049019
0.048949
0.050066
0.050296
0.050012
0.050324
0.05032
0.050566
0.050776
0.050436
0.050093
0.049911
0.068534
0.068916
0.050016
0.023522
0.0053139
0.021661
0.023434
0.013498
0.013756
0.022842
0.02254
0.022711
0.021388
0.020467
0.019464
0.018481
0.018083
0.017795
0.017208
0.016885
0.050488
0.050209
0.048782
0.04879
0.050195
0.050291
0.050254
0.050469
0.050298
0.05026
0.050157
0.050491
0.068843
0.068302
0.068537
0.049724
0.011285
0.0032987
0.0046941
0.023459
0.013497
0.013619
0.02323
0.023013
0.022842
0.023179
0.022272
0.021314
0.018633
0.018086
0.017776
0.01724
0.016985
0.05109
0.050234
0.050108
0.050042
0.050252
0.050493
0.050419
0.050315
0.050239
0.050055
0.050387
0.050317
0.049953
0.068056
0.068402
0.049749
0.013857
0.023875
0.023605
0.023259
0.023287
0.023664
0.023472
0.02284
0.022796
0.023003
0.022313
0.021084
0.018759
0.019544
0.017808
0.017331
0.01698
0.051183
0.050725
0.050409
0.050012
0.050472
0.049943
0.049955
0.050153
0.05006
0.050189
0.049933
0.050007
0.050039
0.049744
0.049958
0.049929
0.012587
0.023947
0.023923
0.02332
0.023587
0.023763
0.023339
0.023199
0.023136
0.022949
0.022485
0.019894
0.018787
0.018301
0.017823
0.017436
0.01713
0.050986
0.01661
0.016469
0.050013
0.049928
0.050051
0.050144
0.050005
0.050013
0.050052
0.050066
0.050063
0.050159
0.04994
0.049575
0.049883
0.011506
0.040492
0.023779
0.023457
0.023574
0.023675
0.023332
0.023363
0.023226
0.023061
0.022532
0.021261
0.019587
0.020206
0.019183
0.01883
0.017219
0.016757
0.016514
0.050623
0.050011
0.049922
0.049689
0.049774
0.049901
0.050146
0.050114
0.04967
0.049713
0.049969
0.049977
0.049952
0.049622
0.014335
0.023928
0.040278
0.040349
0.023683
0.023325
0.0033363
0.040134
0.040104
0.023083
0.022515
0.021436
0.020038
0.019869
0.01961
0.018836
0.017335
0.017515
0.016673
0.050504
0.050204
0.049972
0.049798
0.016138
0.049985
0.05019
0.049675
0.049916
0.04997
0.049925
0.050002
0.049892
0.049615
0.040443
0.023961
0.023599
0.023353
0.023817
0.023345
0.0083582
0.04017
0.040139
0.023158
0.022845
0.012767
0.020645
0.019781
0.01943
0.018918
0.018496
0.018201
0.018067
0.018183
0.050641
0.050361
0.05022
0.050336
0.050061
0.050079
0.050053
0.049997
0.05088
0.051188
0.049929
0.049741
0.04962
0.04055
0.040384
0.02366
0.023315
0.022865
0.023329
0.0034262
0.040158
0.040164
0.023233
0.0081801
0.013149
0.010874
0.020141
0.019747
0.018993
0.018908
0.018664
0.018251
0.018287
0.051085
0.050308
0.050289
0.050184
0.050031
0.050281
0.05012
0.049821
0.050164
0.050181
0.049997
0.049848
0.049781
0.040556
0.024024
0.023556
0.040211
0.02329
0.023269
0.040077
0.0034129
0.0034642
0.0033793
0.023005
0.022527
0.021325
0.020447
0.019676
0.019416
0.018987
0.019051
0.01808
0.017895
0.016737
0.01636
0.049982
0.016404
0.01638
0.016334
0.050338
0.050665
0.051275
0.051103
0.049976
0.0733
0.050291
0.040568
0.040399
0.040326
0.023892
0.023833
0.013856
0.014147
0.0035053
0.040835
0.040234
0.039686
0.022921
0.021381
0.020097
0.019622
0.019401
0.018982
0.018783
0.018482
0.018208
0.016774
0.016509
0.016455
0.053327
0.017074
0.016581
0.053456
0.053121
0.053946
0.053594
0.050456
0.053605
0.072452
0.041264
0.040698
0.0035828
0.040488
0.040322
0.0034894
0.0034344
0.0035021
0.003485
0.04028
0.023398
0.022993
0.021832
0.020028
0.01981
0.01945
0.018284
0.017317
0.018108
0.018106
0.01788
0.017818
0.053464
0.016671
0.01767
0.016602
0.053834
0.053676
0.053757
0.053028
0.050271
0.052814
0.052829
0.041391
0.041263
0.041567
0.0037421
0.0035144
0.0035014
0.04044
0.003451
0.040135
0.040281
0.039837
0.022704
0.0024876
0.0019433
0.019595
0.019225
0.018856
0.018506
0.018296
0.01793
0.01675
0.018146
0.017974
0.017863
0.053569
0.053272
0.05321
0.053197
0.052892
0.053252
0.052871
0.051896
0.072431
0.041363
0.04143
0.042067
0.0038549
0.0036427
0.040258
0.040966
0.040414
0.040175
0.039957
0.023687
0.039288
0.022245
0.020585
0.035239
0.034729
0.019467
0.018888
0.018507
0.016976
0.017863
0.018175
0.018119
0.054344
0.053213
0.05422
0.054442
0.053655
0.053099
0.053665
0.073497
0.053552
0.052839
0.003804
0.0036229
0.0038799
0.0038091
0.0037332
0.0035038
0.040177
0.04087
0.041509
0.040158
0.040032
0.039542
0.022689
0.021408
0.035367
0.034986
0.034266
0.019113
0.018608
0.017534
0.016807
0.018064
0.054228
0.054137
0.054333
0.054865
0.054118
0.054664
0.053741
0.054657
0.046816
0.074687
0.07371
0.0036369
0.0038114
0.003776
0.041186
0.003797
0.0036705
0.0036177
0.041687
0.041701
0.041281
0.040194
0.039906
0.039215
0.037415
0.035575
0.020233
0.019661
0.019278
0.01875
0.018109
0.017931
0.017898
0.018122
0.018538
0.055086
0.018138
0.054325
0.054416
0.046958
0.054209
0.046891
0.052979
0.05329
0.040679
0.0037897
0.0037586
0.003759
0.003861
0.0038895
0.0037637
0.042395
0.042215
0.041529
0.040736
0.041002
0.040726
0.0028518
0.036467
0.02038
0.019701
0.019165
0.019026
0.018719
0.01835
0.018403
0.018464
0.018127
0.055129
0.018163
0.018172
0.054788
0.054804
0.05486
0.047048
0.053609
0.049957
0.040883
0.0038376
0.041249
0.041692
0.041909
0.0040965
0.042272
0.042712
0.042563
0.04167
0.041602
0.041306
0.040922
0.003168
0.037019
0.0020893
0.034749
0.019382
0.018988
0.018993
0.032732
0.032585
0.018376
0.018564
0.018536
0.054507
0.047346
0.055005
0.054794
0.054613
0.053903
0.053631
0.052979
0.0038307
0.042072
0.042484
0.041989
0.042017
0.0040672
0.0041803
0.0042543
0.0042156
0.042609
0.041391
0.041577
0.041206
0.040204
0.037666
0.035763
0.035186
0.034496
0.033886
0.033458
0.033524
0.032807
0.018521
0.018625
0.018289
0.047297
0.054877
0.054758
0.054259
0.054716
0.054421
0.052983
0.052772
0.042546
0.042226
0.042651
0.042509
0.042508
0.0042187
0.0044406
0.0043428
0.0041309
0.042637
0.04276
0.042694
0.04148
0.04047
0.038599
0.036863
0.035753
0.011767
0.034231
0.034782
0.034299
0.032945
0.032706
0.032644
0.032567
0.047441
0.018154
0.054195
0.053828
0.054078
0.053978
0.053047
0.050173
0.042822
0.042767
0.043387
0.043059
0.043183
0.0042308
0.0043428
0.0041537
0.0042276
0.0043904
0.043947
0.034482
0.042932
0.041033
0.039666
0.036928
0.036632
0.035398
0.034332
0.034161
0.033718
0.033245
0.032756
0.032843
0.032497
0.018592
0.047286
0.047182
0.054448
0.054396
0.053595
0.054264
0.053648
0.043473
0.043428
0.043798
0.043184
0.0043148
0.0042409
0.0044622
0.042986
0.0043847
0.0044838
0.004329
0.043378
0.042669
0.042331
0.041036
0.038784
0.036804
0.035702
0.035149
0.034591
0.033866
0.032795
0.032665
0.03273
0.032506
0.032519
0.047636
0.047465
0.047104
0.054501
0.053733
0.053724
0.053251
0.043483
0.043552
0.03501
0.034936
0.0045242
0.044727
0.0044698
0.0043364
0.0047081
0.0043157
0.0043246
0.0044242
0.042904
0.043019
0.041486
0.03981
0.037891
0.035835
0.035261
0.034171
0.033892
0.032985
0.032658
0.032706
0.032807
0.032745
0.048023
0.048217
0.047303
0.054133
0.054065
0.053992
0.053395
0.043909
0.043739
0.04478
0.044845
0.043947
0.043857
0.043561
0.034709
0.0044334
0.0042305
0.0043088
0.0046559
0.043077
0.042434
0.041382
0.040099
0.037552
0.036007
0.035716
0.035355
0.034341
0.033355
0.018736
0.032589
0.03267
0.047779
0.048384
0.047278
0.047166
0.054248
0.04725
0.054012
0.054554
0.044251
0.0439
0.044112
0.043767
0.044004
0.0044093
0.0043322
0.012893
0.043682
0.0042558
0.043098
0.004146
0.042195
0.041503
0.041267
0.040201
0.038245
0.036785
0.036122
0.035249
0.035144
0.033418
0.032901
0.032782
0.032705
0.047736
0.047725
0.047471
0.04812
0.047338
0.047172
0.047093
0.054773
0.035211
0.043934
0.04331
0.044106
0.043728
0.0047932
0.004387
0.043519
0.043902
0.043334
0.044326
0.0043648
0.0040945
0.040839
0.040812
0.040494
0.038901
0.037121
0.036456
0.0352
0.035311
0.034843
0.034314
0.033885
0.049417
0.049344
0.049182
0.048824
0.047916
0.048597
0.047304
0.032416
0.047032
0.035332
0.044836
0.044973
0.035179
0.044048
0.035475
0.013281
0.035379
0.044715
0.043356
0.044434
0.043616
0.0041741
0.041552
0.040719
0.040281
0.03835
0.037551
0.036421
0.036199
0.035581
0.035194
0.035046
0.034516
0.034118
0.049459
0.048455
0.048841
0.047853
0.04825
0.048935
0.048037
0.047059
0.03537
0.035843
0.035315
0.035474
0.035747
0.035647
0.035413
0.03526
0.043646
0.043057
0.0039531
0.04275
0.043122
0.042711
0.041558
0.041339
0.039701
0.038915
0.036864
0.036688
0.036955
0.035994
0.035093
0.034542
0.03448
0.034328
0.03394
0.049362
0.048342
0.047603
0.04822
0.047706
0.047431
0.013605
0.013487
0.037597
0.037062
0.037018
0.037005
0.035314
0.035542
0.034905
0.043422
0.043349
0.042788
0.034571
0.043146
0.042226
0.042026
0.040752
0.039876
0.038035
0.037516
0.037333
0.036616
0.035543
0.034332
0.034502
0.034495
0.034589
0.04922
0.048343
0.048561
0.033526
0.048935
0.048949
0.037781
0.037769
0.014163
0.038415
0.03923
0.013402
0.035026
0.035527
0.035456
0.044617
0.044528
0.042978
0.043219
0.042514
0.04284
0.042091
0.041911
0.041076
0.03109
0.038327
0.038376
0.037746
0.035854
0.035669
0.034895
0.034726
0.034406
0.049322
0.049217
0.049181
0.033784
0.033729
0.049535
0.041365
0.039044
0.013525
0.037149
0.038276
0.038549
0.036608
0.013149
0.03503
0.034916
0.043776
0.043389
0.042729
0.043117
0.042487
0.04301
0.04293
0.04212
0.040167
0.038556
0.037738
0.038217
0.037229
0.035997
0.035035
0.035219
0.034004
0.033895
0.033631
0.033791
0.03458
0.034272
0.049874
0.037357
0.039316
0.036654
0.035879
0.036042
0.03753
0.036573
0.035228
0.043994
0.044852
0.044735
0.042835
0.043339
0.042678
0.043226
0.043809
0.043087
0.043561
0.040502
0.038729
0.037611
0.037232
0.029187
0.03565
0.034916
0.03478
0.034601
0.034407
0.033636
0.049256
0.050328
0.034964
0.051024
0.037859
0.036503
0.038643
0.036194
0.035889
0.035782
0.035977
0.035956
0.035445
0.034941
0.044701
0.043317
0.04271
0.043225
0.04287
0.043082
0.043345
0.042763
0.041298
0.039468
0.037866
0.037637
0.036715
0.035929
0.035891
0.034652
0.049998
0.050331
0.050266
0.050141
0.050202
0.041178
0.04119
0.037896
0.03784
0.038821
0.035948
0.035811
0.03586
0.035758
0.035975
0.03566
0.035852
0.03525
0.043831
0.043677
0.043316
0.042696
0.043181
0.043382
0.042343
0.041846
0.040506
0.037748
0.037262
0.035997
0.03636
0.035627
0.034971
0.049955
0.050156
0.049965
0.050463
0.052062
0.04109
0.052167
0.040421
0.036781
0.037338
0.035984
0.035911
0.035752
0.035803
0.035929
0.036982
0.0356
0.03542
0.034814
0.04424
0.043453
0.043635
0.043524
0.043036
0.042401
0.041793
0.041422
0.038956
0.036827
0.036374
0.036277
0.03609
0.050788
0.049677
0.050081
0.049891
0.051446
0.041079
0.051931
0.052212
0.037956
0.037427
0.039216
0.036067
0.035763
0.035647
0.035635
0.037556
0.038259
0.036377
0.035382
0.035217
0.035341
0.043807
0.043336
0.044478
0.042619
0.042378
0.041481
0.041365
0.040197
0.038453
0.037281
0.037298
0.036177
0.051838
0.035197
0.049508
0.049558
0.050465
0.034896
0.05055
0.051071
0.038495
0.037953
0.036296
0.035927
0.035505
0.035394
0.036166
0.035853
0.037557
0.035962
0.035625
0.036936
0.035485
0.035108
0.034948
0.034674
0.044078
0.044288
0.042392
0.04215
0.041452
0.039741
0.038318
0.037609
0.036637
0.052416
0.05126
0.050362
0.034078
0.050509
0.050391
0.05038
0.050645
0.03933
0.040375
0.03618
0.037261
0.035368
0.045133
0.035926
0.035831
0.035879
0.014382
0.035734
0.035123
0.043971
0.035248
0.037138
0.036466
0.035204
0.035042
0.043307
0.042349
0.042419
0.041237
0.039187
0.055664
0.052871
0.052166
0.05136
0.050747
0.050528
0.050174
0.050886
0.051253
0.052251
0.057718
0.057346
0.055875
0.057129
0.069047
0.068031
0.060259
0.056135
0.05536
0.040708
0.055489
0.05511
0.052207
0.052296
0.05302
0.05199
0.051684
0.051362
0.050599
0.051001
0.051518
0.050613
0.051413
0.069547
0.068843
0.049791
0.068185
0.048375
0.073886
0.072455
0.072009
0.070913
0.051426
0.057605
0.058115
0.057115
0.057256
0.068623
0.067852
0.064276
0.056127
0.056328
0.055934
0.054428
0.054109
0.054094
0.05424
0.054378
0.052249
0.052308
0.04845
0.051033
0.051372
0.050313
0.051306
0.050656
0.050868
0.06954
0.04922
0.07435
0.054391
0.054067
0.073674
0.073551
0.072164
0.051314
0.057711
0.057631
0.057985
0.057857
0.069315
0.069183
0.064202
0.057183
0.055747
0.056826
0.055413
0.05511
0.055536
0.043987
0.053013
0.052257
0.052564
0.051161
0.070315
0.051846
0.051303
0.051734
0.05166
0.050704
0.049613
0.067245
0.074712
0.053739
0.073511
0.07303
0.071598
0.069854
0.072136
0.05823
0.057406
0.070175
0.057391
0.069239
0.056818
0.06455
0.057063
0.056547
0.055818
0.055408
0.05566
0.05548
0.045073
0.073891
0.072464
0.052046
0.07111
0.051605
0.070791
0.071833
0.071722
0.051673
0.069481
0.068194
0.065855
0.045765
0.074348
0.072868
0.071449
0.071574
0.070634
0.052905
0.057744
0.057516
0.069248
0.055779
0.056923
0.069074
0.064276
0.057665
0.057584
0.057217
0.055642
0.055049
0.044525
0.062994
0.038044
0.073193
0.052102
0.070702
0.051914
0.05766
0.070675
0.071029
0.057367
0.068994
0.068095
0.04035
0.066243
0.07362
0.04444
0.07299
0.072215
0.071421
0.071622
0.058123
0.057142
0.056907
0.069052
0.069311
0.068212
0.064727
0.057445
0.058077
0.056948
0.056276
0.063011
0.045696
0.062437
0.06177
0.072716
0.071182
0.070746
0.070916
0.049381
0.07092
0.070967
0.069578
0.066934
0.074358
0.074586
0.074633
0.05811
0.045515
0.074279
0.045342
0.072362
0.07277
0.059671
0.05773
0.070013
0.05731
0.055945
0.057543
0.054362
0.059377
0.057802
0.064553
0.064309
0.064615
0.061777
0.062484
0.037795
0.073703
0.037584
0.072934
0.06966
0.069485
0.051187
0.068903
0.049679
0.073632
0.073905
0.046395
0.046049
0.046289
0.040214
0.041449
0.073544
0.071882
0.072048
0.058477
0.056019
0.05746
0.058509
0.058487
0.057896
0.05464
0.048975
0.048578
0.067294
0.064574
0.06242
0.037665
0.063832
0.063143
0.05966
0.038051
0.072184
0.070531
0.069409
0.067495
0.075686
0.074638
0.074577
0.058268
0.046134
0.045959
0.046399
0.068176
0.065553
0.073468
0.045903
0.071768
0.060694
0.058763
0.058307
0.082209
0.060873
0.057981
0.056727
0.049743
0.068941
0.067526
0.067911
0.040438
0.066376
0.064804
0.039143
0.06081
0.072677
0.071383
0.070149
0.068509
0.066532
0.074703
0.075497
0.074332
0.045819
0.046298
0.046687
0.065202
0.064856
0.04045
0.04198
0.039539
0.07348
0.061526
0.061756
0.060161
0.059301
0.060538
0.058476
0.057669
0.052385
0.051261
0.069953
0.068736
0.067958
0.064836
0.064279
0.063599
0.061967
0.052697
0.042476
0.05113
0.068732
0.06628
0.074874
0.07483
0.073925
0.045459
0.046225
0.073763
0.074205
0.074026
0.046591
0.051459
0.040678
0.045756
0.062425
0.061575
0.060411
0.06113
0.061624
0.060994
0.060514
0.073483
0.051867
0.051419
0.069694
0.068038
0.048205
0.048316
0.062895
0.044824
0.053545
0.053158
0.051003
0.066643
0.054861
0.0748
0.074433
0.04665
0.045773
0.045869
0.045917
0.047058
0.045736
0.058168
0.058516
0.046634
0.046134
0.062327
0.061687
0.061614
0.06183
0.062003
0.061857
0.061749
0.054774
0.065529
0.059897
0.069317
0.067703
0.049231
0.048104
0.063133
0.060212
0.061102
0.043184
0.058657
0.070236
0.067273
0.067325
0.073658
0.056584
0.073165
0.073608
0.039179
0.046244
0.05757
0.058194
0.058186
0.058156
0.046377
0.062121
0.061313
0.061545
0.061851
0.063861
0.075858
0.050936
0.048621
0.042823
0.051397
0.050833
0.069237
0.049344
0.047139
0.062888
0.038067
0.061028
0.059697
0.059708
0.070784
0.068045
0.068007
0.073306
0.07166
0.044572
0.04515
0.044598
0.045573
0.058256
0.034208
0.039958
0.058255
0.057732
0.062331
0.062118
0.062081
0.063307
0.051685
0.052431
0.073205
0.056962
0.052009
0.050774
0.050523
0.049657
0.048911
0.046379
0.062399
0.061035
0.074109
0.058774
0.058788
0.071909
0.069382
0.048869
0.054053
0.072311
0.045628
0.045207
0.045117
0.05812
0.057839
0.032744
0.050603
0.05131
0.049874
0.062166
0.062442
0.062011
0.063762
0.062452
0.062084
0.061833
0.058349
0.051492
0.050951
0.050714
0.04972
0.046919
0.04596
0.062911
0.038649
0.074212
0.072398
0.070844
0.070198
0.069739
0.055045
0.053455
0.073724
0.073311
0.057204
0.056931
0.056709
0.045526
0.050006
0.051217
0.033575
0.033334
0.062915
0.062107
0.06189
0.062188
0.062987
0.051468
0.064111
0.051072
0.053189
0.038002
0.048714
0.049322
0.047365
0.046108
0.063215
0.062144
0.061052
0.072749
0.07192
0.070459
0.050206
0.054969
0.054405
0.074772
0.065797
0.046204
0.045166
0.045233
0.045176
0.052749
0.034679
0.038988
0.049845
0.062367
0.039209
0.062381
0.063616
0.063795
0.05126
0.062254
0.061004
0.053697
0.050132
0.048975
0.048113
0.048953
0.066526
0.06296
0.06243
0.061681
0.058971
0.072208
0.071101
0.070272
0.048829
0.047398
0.074759
0.054815
0.065877
0.064986
0.074373
0.05829
0.039452
0.052638
0.052229
0.041316
0.051824
0.064997
0.062914
0.053521
0.051205
0.051354
0.063664
0.061835
0.055443
0.051427
0.050591
0.04774
0.067976
0.067661
0.064058
0.063738
0.062747
0.060996
0.059104
0.058702
0.07055
0.068062
0.069141
0.049289
0.049964
0.051415
0.049443
0.073798
0.074167
0.074152
0.03956
0.040822
0.041792
0.040418
0.064092
0.051518
0.056507
0.053227
0.062321
0.064508
0.052049
0.057914
0.051963
0.050905
0.06913
0.06863
0.049694
0.045927
0.064115
0.062006
0.061241
0.058905
0.071328
0.069428
0.067644
0.042724
0.068552
0.068757
0.049807
0.048741
0.054145
0.05468
0.053927
0.074039
0.03978
0.067624
0.039357
0.062589
0.06286
0.052839
0.07931
0.058394
0.079799
0.076139
0.060218
0.052337
0.05127
0.06896
0.067456
0.06566
0.046193
0.062548
0.044578
0.043109
0.058637
0.071446
0.0708
0.069217
0.06976
0.067929
0.068488
0.068619
0.048922
0.048448
0.05434
0.054201
0.048496
0.067219
0.05132
0.039883
0.055001
0.053056
0.05315
0.054825
0.058056
0.064058
0.063657
0.061576
0.05391
0.051629
0.070519
0.068732
0.064245
0.064008
0.063851
0.044804
0.06104
0.060885
0.060055
0.05761
0.069966
0.069645
0.068192
0.067767
0.047724
0.054302
0.05447
0.054379
0.05423
0.047419
0.049171
0.04088
0.031736
0.059419
0.058303
0.05802
0.079588
0.062747
0.063485
0.061967
0.062126
0.055887
0.051508
0.070133
0.068866
0.06711
0.064085
0.045833
0.06353
0.063304
0.0386
0.038132
0.037614
0.070681
0.07113
0.070921
0.070019
0.04927
0.054506
0.054081
0.047499
0.048221
0.054262
0.054314
0.06824
0.023278
0.060265
0.058057
0.060049
0.053067
0.062558
0.062028
0.061957
0.061802
0.05829
0.07169
0.070708
0.068715
0.049672
0.066751
0.06431
0.064811
0.062584
0.038385
0.06049
0.059746
0.052342
0.071404
0.070387
0.071522
0.069793
0.049901
0.054821
0.04917
0.054906
0.054063
0.054231
0.049275
0.037793
0.023243
0.037694
0.024144
0.052214
0.032977
0.052176
0.061893
0.061909
0.061405
0.073511
0.070947
0.070271
0.051002
0.068802
0.066503
0.066
0.062325
0.062154
0.060718
0.042739
0.042343
0.041204
0.041156
0.058026
0.070502
0.05083
0.050236
0.04939
0.032235
0.053894
0.054416
0.047212
0.059299
0.036798
0.037544
0.037393
0.053135
0.053111
0.040132
0.061542
0.062241
0.079164
0.067776
0.062172
0.073228
0.06995
0.0503
0.067598
0.065007
0.065003
0.062307
0.061123
0.042415
0.041538
0.042904
0.042712
0.058104
0.051703
0.050682
0.050115
0.049308
0.032786
0.048972
0.049005
0.050064
0.060261
0.059341
0.060294
0.035056
0.031737
0.038979
0.039143
0.061997
0.061682
0.061709
0.059275
0.074172
0.072102
0.050928
0.069344
0.067801
0.047952
0.065117
0.04528
0.044522
0.04359
0.042534
0.042341
0.051681
0.058835
0.058324
0.051094
0.050527
0.050086
0.048319
0.049444
0.048807
0.05021
0.060368
0.058303
0.059107
0.058416
0.054383
0.039206
0.039231
0.062115
0.061879
0.062563
0.060988
0.073926
0.051742
0.050971
0.049934
0.048141
0.048913
0.063044
0.044366
0.044314
0.04371
0.058454
0.041889
0.052372
0.051086
0.050962
0.05111
0.051634
0.051028
0.049877
0.049307
0.049914
0.049776
0.058856
0.058412
0.054014
0.03936
0.062892
0.06204
0.038965
0.061325
0.0621
0.063507
0.062158
0.056683
0.051695
0.050557
0.049403
0.049117
0.064946
0.046212
0.06268
0.04317
0.043196
0.052203
0.041546
0.041631
0.051377
0.051864
0.05231
0.052108
0.04144
0.05105
0.050234
0.050083
0.051013
0.03322
0.058116
0.039841
0.06242
0.039153
0.061656
0.061405
0.061945
0.062533
0.061531
0.060748
0.059482
0.052096
0.050986
0.050351
0.068113
0.047322
0.066041
0.061835
0.053715
0.0521
0.051735
0.042602
0.043091
0.052312
0.051657
0.051084
0.051189
0.041737
0.050812
0.049671
0.051151
0.050024
0.032621
0.039569
0.039467
0.039518
0.062191
0.061663
0.0388
0.038877
0.061845
0.061726
0.061226
0.0613
0.053971
0.050955
0.050457
0.049806
0.048173
0.047338
0.044905
0.053871
0.053462
0.052035
0.052244
0.042131
0.052036
0.050462
0.050132
0.051402
0.034824
0.051569
0.051015
0.051154
0.049594
0.033368
0.039605
0.039347
0.039456
0.062117
0.061634
0.061357
0.061063
0.061113
0.059843
0.061191
0.061426
0.057616
0.051744
0.050831
0.050369
0.047779
0.045943
0.045123
0.054583
0.043334
0.043228
0.042394
0.051972
0.051727
0.050468
0.049976
0.050021
0.034654
0.034561
0.051238
0.049722
0.050452
0.041268
0.03978
0.039462
0.032237
0.039294
0.061705
0.060612
0.061299
0.038512
0.058706
0.061118
0.061242
0.060676
0.053512
0.051496
0.050939
0.047413
0.044999
0.045511
0.03122
0.044736
0.043667
0.053288
0.041598
0.051012
0.050601
0.049343
0.03412
0.050806
0.049544
0.049865
0.049557
0.050216
0.058189
0.039876
0.039316
0.039445
0.039236
0.038342
0.03725
0.038556
0.037272
0.038545
0.0603
0.061146
0.062002
0.056618
0.052163
0.050914
0.047814
0.046447
0.045524
0.044937
0.044999
0.04388
0.052418
0.051731
0.050517
0.048536
0.048291
0.049643
0.050491
0.051567
0.050212
0.049329
0.049383
0.040994
0.039635
0.039302
0.039519
0.03885
0.038772
0.038699
0.038284
0.03852
0.038495
0.038769
0.061152
0.061984
0.060436
0.052581
0.051468
0.050149
0.047234
0.04584
0.044513
0.044892
0.053832
0.053221
0.052641
0.051936
0.049529
0.054891
0.049625
0.050727
0.051175
0.049919
0.049303
0.047085
0.059041
0.032798
0.040595
0.039441
0.039183
0.03902
0.038705
0.038811
0.038762
0.038228
0.038686
0.061475
0.061964
0.062133
0.055444
0.070836
0.05056
0.048577
0.047085
0.046079
0.063644
0.044585
0.052701
0.052771
0.042388
0.05192
0.050206
0.048937
0.050387
0.050135
0.05025
0.049481
0.048663
0.038305
0.038116
0.052291
0.041047
0.039528
0.039573
0.039009
0.039447
0.039261
0.039245
0.039379
0.062159
0.061997
0.062272
0.082191
0.051358
0.05045
0.048678
0.066498
0.066784
0.063916
0.062242
0.044351
0.053595
0.052811
0.051614
0.05033
0.05064
0.049465
0.049965
0.049999
0.050073
0.049693
0.026666
0.038286
0.033173
0.041662
0.039777
0.039734
0.039815
0.040325
0.033901
0.039748
0.039747
0.039134
0.062392
0.062316
0.062539
0.054744
0.050934
0.050642
0.068731
0.067756
0.065552
0.062723
0.04416
0.060723
0.059838
0.052061
0.050825
0.049449
0.054568
0.048171
0.047287
0.048753
0.049273
0.013084
0.023635
0.037074
0.015558
0.032565
0.032694
0.033621
0.032733
0.033346
0.039324
0.040597
0.062809
0.062444
0.053539
0.062577
0.061062
0.051971
0.051517
0.050285
0.067788
0.064678
0.062908
0.061834
0.060888
0.043138
0.051975
0.050447
0.049638
0.05469
0.048529
0.048482
0.048331
0.049422
0.014846
0.026589
0.023546
0.03785
0.038161
0.036743
0.032919
0.03232
0.032961
0.0404
0.063938
0.062916
0.062494
0.051499
0.062736
0.06185
0.055225
0.053189
0.051109
0.066855
0.040587
0.063565
0.045171
0.043395
0.04257
0.052414
0.051942
0.049961
0.050154
0.04979
0.049895
0.047533
0.04986
0.026948
0.024817
0.023547
0.023558
0.023491
0.037827
0.037049
0.037691
0.035489
0.040908
0.039268
0.063328
0.063606
0.051441
0.06371
0.061762
0.060253
0.052894
0.051607
0.050166
0.066649
0.046581
0.046075
0.045352
0.043336
0.042733
0.051493
0.050658
0.050288
0.050234
0.050018
0.04827
0.032492
0.027836
0.01216
0.024236
0.024684
0.025691
0.0235
0.023505
0.035447
0.033317
0.032568
0.033077
0.064004
0.054175
0.05224
0.055154
0.06392
0.064389
0.04622
0.052769
0.051064
0.050379
0.0491
0.04845
0.047302
0.044603
0.042574
0.052383
0.051454
0.051199
0.051636
0.051232
0.051119
0.050343
0.014148
0.025513
0.023834
0.02442
0.02583
0.023501
0.037543
0.036177
0.036559
0.040342
0.054862
0.0584
0.053077
0.064896
0.057922
0.057993
0.053444
0.051839
0.039166
0.051432
0.050454
0.049857
0.047623
0.046254
0.045745
0.043459
0.043276
0.042145
0.059308
0.051862
0.041268
0.051366
0.05088
0.023505
0.023994
0.023361
0.023645
0.022497
0.022192
0.02139
0.02128
0.021333
0.021061
0.020683
0.020492
0.055253
0.054743
0.018657
0.018515
0.017481
0.017094
0.016603
0.016277
0.0162
0.016277
0.016278
0.016203
0.016136
0.016181
0.016305
0.016145
0.016089
0.016018
0.01596
0.016038
0.016032
0.064052
0.064815
0.023421
0.023417
0.023293
0.023334
0.021382
0.020965
0.021203
0.021025
0.020704
0.020158
0.019153
0.054025
0.01799
0.017787
0.017391
0.016847
0.016526
0.016229
0.01613
0.01617
0.016239
0.016398
0.016308
0.016202
0.016281
0.016179
0.016157
0.016022
0.015945
0.016057
0.016217
0.072744
0.023414
0.023656
0.023321
0.021462
0.021381
0.021253
0.020973
0.021051
0.020876
0.020714
0.019992
0.018704
0.018114
0.017862
0.017703
0.017253
0.016766
0.016379
0.016462
0.016299
0.016416
0.016402
0.016495
0.016349
0.016146
0.016122
0.016226
0.016064
0.016012
0.015908
0.016028
7.982e-05
0.07429
0.071709
0.023599
0.023487
0.022516
0.021732
0.021261
0.021021
0.020925
0.02105
0.020699
0.019913
0.01865
0.017915
0.017891
0.017698
0.017214
0.016756
0.016375
0.00035871
0.016799
0.016526
0.016478
0.016361
0.016345
0.016116
0.016103
0.016001
0.015951
0.015866
0.015809
1.7897e-05
1.0752e-05
0.073082
0.070836
0.073485
0.023337
0.023314
0.021486
0.021588
0.021206
0.021245
0.021052
0.020581
0.019871
0.018426
0.018186
0.017957
0.017604
0.017355
0.016896
0.016464
0.016541
0.01658
0.016535
0.016516
0.016525
0.016392
0.01636
0.016121
0.015936
0.015815
0.015913
2.908e-05
1.3236e-05
4.8436e-06
0.064978
0.073402
0.072553
0.022492
0.023373
0.021379
0.021254
0.021287
0.021094
0.021137
0.020623
0.019952
0.018755
0.018292
0.018645
0.017607
0.017204
0.016839
0.016372
0.016324
0.016251
0.01636
0.0003294
0.0004409
0.016484
0.016272
0.016098
0.015959
0.015802
3.6115e-05
8.2113e-05
4.1374e-05
0.015817
0.065162
0.064491
0.072672
0.023382
0.02337
0.022328
0.022339
0.021329
0.021161
0.021076
0.020765
0.019981
0.018795
0.018861
0.018097
0.017635
0.017313
0.016894
0.016495
0.00024461
0.00029365
0.016503
0.00033212
0.00042711
0.0003248
0.01635
0.016265
0.016043
0.015899
0.015828
0.015853
0.015717
0.015829
0.04109
0.064829
0.064737
0.023411
0.022623
0.023279
0.02333
0.021916
0.021984
0.021279
0.020879
0.020095
0.019297
0.019954
0.018134
0.017639
0.01725
0.016993
0.016574
0.00034828
0.0003254
0.00035464
0.00040407
0.016495
0.00027627
0.016267
0.016232
0.016182
0.016029
0.015976
0.015937
0.015708
0
0.041779
0.041454
0.040914
0.040798
0.023675
0.022102
0.02323
0.02319
0.023238
0.022068
0.021319
0.020769
0.020538
0.019798
0.019588
0.018201
0.017299
0.017054
0.00037366
0.00039214
0.0003566
0.00036381
0.00075783
0.00033173
0.016373
0.016254
0.016087
0.00020693
0.016289
0.016002
0.015845
0.015779
0.015802
0.06635
0.066212
0.041395
0.041003
0.04084
0.023517
0.023202
0.023068
0.022967
0.022951
0.022802
0.02203
0.020139
0.019957
0.019607
0.017912
0.017537
0.017124
0.016721
0.016659
0.00072756
0.00045229
0.00032973
0.00030603
0.016307
0.016113
0.016201
0.0001975
0.00012021
0.015919
0.015842
0.015718
0.015807
0.067244
0.067707
0.042192
0.041325
0.023891
0.0408
0.04044
0.023196
0.021398
0.022776
0.022898
0.022234
0.020772
0.020087
0.0012317
0.019297
0.017793
0.016926
0.016641
0.00039353
0.017567
0.00061505
0.00034063
0.00031109
0.00049963
0.016361
0.016245
0.00023585
0.00012729
0.01586
0.015839
0.015817
0.015667
0.068705
0.043505
0.042304
0.0416
0.041298
0.040567
0.040903
0.040474
0.023164
0.022873
0.022883
0.039046
0.036925
0.020051
0.018618
0.018823
0.018882
0.018622
0.017594
0.017489
0.0010355
0.00039208
0.0010006
0.00055251
0.016558
0.00026241
0.0002646
0.00019165
0.016009
0.016131
0.015953
0.015814
0.015645
0.04244
0.042395
0.043491
0.041505
0.042172
0.040855
0.040929
0.040665
0.023475
0.023126
0.023042
0.039366
0.02118
0.020181
0.019763
0.019303
0.019113
0.018704
0.018338
0.018168
0.017441
0.00036363
0.017383
0.00097558
0.017518
0.016612
0.00064674
0.00028196
0.00018164
0.00018927
0.016213
0.016099
0.015787
0.044133
0.042439
0.042425
0.041866
0.041339
0.041428
0.040848
0.023533
0.040691
0.040286
0.04045
0.022992
0.021635
0.020554
0.019652
0.019505
0.019065
0.018039
0.018578
0.018211
0.017417
0.018123
0.018173
0.018171
0.01807
0.016683
0.017815
0.00063231
0.00024464
0.016318
0.016506
0.0161
0.015849
0.044023
0.043006
0.041833
0.041381
0.041814
0.042149
0.040475
0.023305
0.040332
0.040398
0.040343
0.039054
0.038215
0.036092
0.035198
0.019618
0.019399
0.018775
0.018483
0.018355
0.018269
0.018154
0.018188
0.01814
0.01721
0.016908
0.017961
0.017864
0.016349
0.016548
0.016201
0.016087
0.015736
0.043746
0.042259
0.041111
0.04137
0.041771
0.040789
0.02324
0.023254
0.040643
0.040635
0.039924
0.039369
0.038605
0.036358
0.035281
0.034758
0.019432
0.019119
0.018519
0.018753
0.018233
0.018141
0.0182
0.018156
0.017368
0.017394
0.01725
0.017942
0.016902
0.016329
0.016196
0.015948
0.015749
0.042011
0.041831
0.041192
0.041681
0.041094
0.040724
0.040568
0.040604
0.040678
0.023692
0.040526
0.040185
0.039181
0.037051
0.035903
0.03517
0.019653
0.034019
0.033254
0.033031
0.033076
0.032705
0.018452
0.018297
0.018106
0.018302
0.018299
0.018257
0.00069412
0.016706
0.016991
0.016204
0.015929
0.041405
0.041338
0.04236
0.042315
0.041923
0.041093
0.040806
0.040592
0.0036069
0.0036149
0.0036817
0.040481
0.0033621
0.037906
0.036124
0.035556
0.034711
0.019092
0.0336
0.033625
0.033621
0.018524
0.018219
0.032512
0.018152
0.032833
0.017976
0.017435
0.017715
0.016497
0.016908
0.016541
0.016409
0.041404
0.041924
0.041945
0.042297
0.042294
0.041445
0.041184
0.040812
0.040488
0.0037151
0.0038101
0.0038657
0.040959
0.039128
0.0024773
0.035826
0.035064
0.034431
0.033964
0.033753
0.034334
0.033268
0.03311
0.032823
0.032896
0.032432
0.032795
0.018205
0.00064073
0.017732
0.01709
0.017829
0.016552
0.041757
0.042201
0.041978
0.041938
0.041805
0.041497
0.041363
0.041502
0.041358
0.041234
0.0039155
0.003899
0.0037358
0.0033165
0.0026922
0.036325
0.035314
0.034809
0.034226
0.03391
0.033931
0.033864
0.033625
0.033393
0.03318
0.03312
0.032668
0.018094
0.017936
0.017936
0.017874
0.016949
0.016268
0.044003
0.043502
0.04358
0.043669
0.043485
0.043479
0.042325
0.042116
0.043197
0.04341
0.043366
0.042985
0.042353
0.04035
0.038679
0.037049
0.036051
0.035289
0.034461
0.033782
0.033289
0.033929
0.033508
0.03341
0.033005
0.03311
0.032879
0.018123
0.01802
0.032182
0.017912
0.017518
0.017672
0.045037
0.044538
0.044614
0.044547
0.043505
0.044571
0.043323
0.043595
0.044211
0.044014
0.043955
0.042824
0.042564
0.041186
0.039783
0.038115
0.03754
0.036017
0.034436
0.03388
0.033435
0.034336
0.033895
0.03357
0.033141
0.032952
0.033077
0.032614
0.032567
0.018388
0.017983
0.017883
0.017529
0.035145
0.036159
0.035657
0.03672
0.044232
0.035226
0.044198
0.044288
0.035575
0.043166
0.0427
0.041913
0.041802
0.042048
0.033289
0.0032589
0.038993
0.036265
0.035088
0.034058
0.033531
0.033981
0.034029
0.033651
0.033156
0.033049
0.033013
0.00099678
0.032754
0.032671
0.018125
0.017916
0.016976
0.035663
0.036297
0.036739
0.036055
0.035511
0.035583
0.034955
0.034875
0.035041
0.04419
0.044285
0.042923
0.043897
0.043392
0.042298
0.031695
0.030299
0.03772
0.035879
0.035297
0.033855
0.033679
0.033444
0.033645
0.033126
0.033322
0.033169
0.033346
0.03316
0.033172
0.032548
0.017878
0.016863
0.035558
0.036483
0.013879
0.013862
0.036791
0.036298
0.036653
0.0046461
0.0046851
0.012862
0.035813
0.044259
0.043697
0.034337
0.034747
0.032606
0.039267
0.038168
0.037303
0.036062
0.034946
0.033664
0.033278
0.033257
0.033203
0.033189
0.034103
0.033475
0.033136
0.032898
0.032513
0.017901
0.017133
0.036622
0.036788
0.013932
0.014756
0.038784
0.038776
0.03727
0.013484
0.012883
0.013164
0.0046523
0.044289
0.044119
0.034727
0.033687
0.033002
0.039381
0.038677
0.036218
0.035632
0.035123
0.034215
0.033587
0.033191
0.033228
0.033069
0.033183
0.0014455
0.032946
0.032911
0.032611
0.01814
0.017914
0.03677
0.038185
0.037959
0.038752
0.015716
0.038793
0.038818
0.013916
0.013053
0.03501
0.035375
0.012943
0.044056
0.044262
0.043422
0.041966
0.039725
0.030131
0.037416
0.035841
0.035292
0.03379
0.034
0.033186
0.032852
0.033089
0.03301
0.032906
0.032924
0.03288
0.018397
0.032599
0.018144
0.036595
0.035559
0.014516
0.038471
0.016205
0.014995
0.015651
0.014637
0.038519
0.036351
0.035178
0.013152
0.034492
0.04399
0.034225
0.03362
0.039719
0.038375
0.036312
0.036583
0.035945
0.03474
0.033833
0.033268
0.032937
0.032637
0.033051
0.0014148
0.00135
0.032898
0.033041
0.032813
0.032664
0.038861
0.037887
0.037783
0.037828
0.014443
0.014406
0.040046
0.040034
0.040119
0.014855
0.037109
0.036699
0.03687
0.034692
0.034815
0.033629
0.04128
0.037728
0.037621
0.036188
0.035625
0.034751
0.033476
0.033575
0.033228
0.033173
0.033506
0.033064
0.032984
0.033551
0.033582
0.032867
0.032786
0.039548
0.041063
0.040104
0.038485
0.039035
0.038738
0.031623
0.014847
0.039194
0.039837
0.039548
0.037195
0.037199
0.035744
0.034513
0.043381
0.032962
0.039076
0.039032
0.037395
0.037406
0.034927
0.034044
0.033791
0.033938
0.033843
0.033831
0.033531
0.033913
0.034857
0.034584
0.032971
0.032548
0.041008
0.040563
0.032202
0.038147
0.038199
0.040089
0.040727
0.040994
0.040692
0.040155
0.0396
0.037959
0.036771
0.03699
0.034623
0.034162
0.033649
0.040335
0.038821
0.038444
0.03787
0.036064
0.034526
0.03394
0.034192
0.034867
0.034453
0.034058
0.033752
0.034869
0.033824
0.03317
0.03221
0.032092
0.040465
0.039452
0.038849
0.03874
0.038871
0.031838
0.041152
0.031892
0.038543
0.038333
0.037759
0.037263
0.037056
0.036421
0.035132
0.033868
0.032228
0.039456
0.037875
0.036394
0.036636
0.035081
0.034524
0.034565
0.034284
0.035208
0.034812
0.033875
0.033984
0.033541
0.032971
0.032856
0.032543
0.039218
0.040474
0.041322
0.039909
0.040524
0.040685
0.032075
0.032453
0.039701
0.038485
0.039811
0.039333
0.037638
0.036656
0.036633
0.035809
0.03366
0.039666
0.038224
0.037475
0.036809
0.034936
0.03487
0.035627
0.035948
0.035088
0.035578
0.034961
0.034135
0.03451
0.033595
0.03299
0.040142
0.038058
0.040495
0.038778
0.040368
0.038223
0.041003
0.03394
0.034788
0.033979
0.03182
0.031732
0.039789
0.037132
0.037228
0.037473
0.035788
0.035251
0.040743
0.038427
0.037456
0.037031
0.037254
0.036512
0.035718
0.035857
0.035572
0.035455
0.034972
0.03535
0.034903
0.049299
0.033051
0.033013
0.039055
0.038749
0.038466
0.039077
0.031836
0.032802
0.034758
0.033141
0.032739
0.032609
0.033682
0.039983
0.039501
0.039719
0.039378
0.037632
0.03515
0.033042
0.039592
0.038865
0.038177
0.037636
0.028627
0.036669
0.028107
0.035692
0.034853
0.033945
0.035093
0.050348
0.049472
0.033622
0.04149
0.040651
0.039236
0.039058
0.039488
0.034073
0.035282
0.035721
0.032201
0.031974
0.034633
0.032888
0.039622
0.038725
0.040107
0.053208
0.036966
0.035685
0.033855
0.031866
0.030206
0.031005
0.029664
0.029439
0.043194
0.028502
0.028244
0.03617
0.035402
0.034179
0.049627
0.050142
0.033805
0.035081
0.041324
0.039915
0.040717
0.033732
0.04127
0.032797
0.034132
0.032591
0.034651
0.033853
0.032783
0.03987
0.038272
0.03727
0.037035
0.036088
0.035188
0.035012
0.03362
0.031709
0.047893
0.044959
0.043018
0.037093
0.028166
0.02864
0.036011
0.034787
0.033821
0.033868
0.049552
0.048253
0.032561
0.040615
0.039124
0.041525
0.040531
0.033689
0.0357
0.036537
0.033387
0.033897
0.034654
0.035459
0.040939
0.038016
0.036272
0.037878
0.035704
0.034689
0.047422
0.033968
0.033116
0.046635
0.048342
0.045928
0.043773
0.036713
0.03569
0.035527
0.034695
0.034181
0.049649
0.049588
0.048501
0.041849
0.039423
0.038516
0.040674
0.040546
0.032729
0.035529
0.035019
0.035912
0.036411
0.034546
0.034001
0.031751
0.039641
0.038113
0.037266
0.054813
0.048096
0.047082
0.048213
0.034169
0.032906
0.046755
0.046956
0.045668
0.042879
0.035896
0.051879
0.051432
0.035633
0.051127
0.03523
0.034117
0.033638
0.040766
0.039393
0.040688
0.041347
0.015268
0.034184
0.033986
0.037043
0.036593
0.034824
0.034094
0.03404
0.039156
0.037356
0.037969
0.058223
0.051491
0.03576
0.048569
0.05009
0.049892
0.048321
0.047895
0.048865
0.04344
0.042661
0.05277
0.035617
0.051136
0.052175
0.05209
0.0351
0.032547
0.041841
0.041539
0.032666
0.041484
0.041361
0.033058
0.036429
0.012641
0.034491
0.036871
0.035616
0.035635
0.041042
0.038644
0.038415
0.037247
0.054621
0.049494
0.053052
0.049686
0.049061
0.048523
0.048098
0.046656
0.043961
0.042352
0.052498
0.052192
0.051516
0.050603
0.050984
0.051005
0.016162
0.03256
0.032398
0.034494
0.03468
0.034837
0.036136
0.035204
0.034439
0.036425
0.036537
0.03483
0.03514
0.034681
0.040865
0.03985
0.037346
0.058622
0.050968
0.053301
0.048881
0.048063
0.047464
0.047117
0.046177
0.045611
0.044224
0.043316
0.041707
0.051085
0.051722
0.052063
0.052116
0.023097
0.023377
0.021524
0.021773
0.021216
0.021162
0.021371
0.021341
0.021106
0.02121
0.020942
0.020329
0.019078
0.01896
0.018841
0.018134
0.017751
0.017668
0.016965
0.016661
0.050876
0.050518
0.050606
0.049893
0.01631
0.016284
0.016058
0.016271
0.016208
0.016143
0.016194
0.0162
0.016162
0.023526
0.022259
0.023375
0.023313
0.021739
0.021391
0.021376
0.02126
0.021281
0.021019
0.020805
0.020272
0.01901
0.018445
0.018383
0.017819
0.018222
0.017327
0.01687
0.016607
0.050717
0.050224
0.016141
0.016056
0.016125
0.016129
0.049803
0.016231
0.016241
0.016303
0.016396
0.016259
0.016262
0.040467
0.023488
0.023359
0.022631
0.022357
0.021642
0.02227
0.021374
0.021298
0.021087
0.020779
0.020165
0.019011
0.018309
0.01849
0.017785
0.01747
0.05327
0.017252
0.050761
0.050932
0.050376
0.049869
0.016124
0.016019
0.016167
0.049957
0.016336
0.016146
0.016555
0.016719
0.016215
0.016168
0.040387
0.023887
0.023447
0.023355
0.021977
0.021473
0.021673
0.021593
0.02123
0.021265
0.020906
0.020243
0.01935
0.018532
0.01804
0.017686
0.017404
0.051833
0.052516
0.050828
0.050901
0.050336
0.049805
0.016203
0.049819
0.016493
0.049673
0.04846
0.048413
0.016271
0.016249
0.016358
0.016115
0.040984
0.023765
0.023401
0.022695
0.021445
0.021461
0.023165
0.022163
0.021476
0.02141
0.021231
0.020899
0.019708
0.019297
0.018355
0.018436
0.017322
0.051752
0.051169
0.050814
0.050661
0.049963
0.048718
0.016153
0.048597
0.049876
0.04847
0.049659
0.016256
0.016245
0.016102
0.01603
0.016003
0.041526
0.041053
0.040652
0.023343
0.021545
0.021585
0.022024
0.022539
0.023031
0.021911
0.022576
0.02082
0.020606
0.057754
0.018747
0.018486
0.0521
0.017077
0.050407
0.05053
0.050336
0.04878
0.0487
0.048627
0.049751
0.048514
0.048359
0.016288
0.01645
0.016135
0.015969
0.016015
0.016017
0.04198
0.04151
0.040873
0.023439
0.023297
0.022473
0.021874
0.021459
0.021319
0.021491
0.021418
0.020488
0.0195
0.020346
0.019115
0.018069
0.017372
0.016815
0.050323
0.050179
0.049913
0.048766
0.049786
0.048614
0.048557
0.048493
0.049629
0.048384
0.016388
0.016088
0.015992
0.016228
0.01612
0.042579
0.041602
0.041206
0.040826
0.04038
0.022233
0.021697
0.021566
0.021551
0.021274
0.021196
0.021277
0.020537
0.018923
0.019667
0.019319
0.017314
0.016923
0.016615
0.050446
0.016174
0.048753
0.049743
0.049787
0.050081
0.04964
0.016461
0.0166
0.016537
0.049313
0.016258
0.016078
0.048128
0.042421
0.041556
0.041012
0.040938
0.040817
0.023283
0.02204
0.021752
0.021353
0.021201
0.02134
0.020587
0.020734
0.020009
0.019104
0.017714
0.017965
0.017888
0.016536
0.016367
0.016307
0.016291
0.016186
0.048616
0.049737
0.016613
0.016588
0.016399
0.01646
0.016093
0.048199
0.016098
0.04813
0.043599
0.041891
0.041828
0.041534
0.041005
0.040841
0.023585
0.021735
0.021545
0.021589
0.022188
0.022165
0.020859
0.019947
0.019653
0.017935
0.054037
0.052812
0.016701
0.016606
0.016567
0.016568
0.016545
0.049836
0.048523
0.048457
0.016563
0.049535
0.016496
0.016189
0.016162
0.016143
0.049352
0.043128
0.042384
0.041918
0.041553
0.040651
0.040794
0.023815
0.02234
0.021976
0.022642
0.022168
0.022219
0.020881
0.020063
0.019711
0.018288
0.017391
0.017604
0.017517
0.016708
0.016526
0.016636
0.016481
0.050128
0.050045
0.050008
0.016489
0.049804
0.016577
0.016573
0.016364
0.048129
0.04927
0.042359
0.043128
0.04228
0.041468
0.041638
0.040736
0.023616
0.023306
0.023186
0.023209
0.022926
0.021398
0.02106
0.01933
0.019718
0.019396
0.017993
0.018645
0.018113
0.01669
0.016654
0.016623
0.01632
0.049906
0.049786
0.050204
0.049924
0.049572
0.049821
0.016672
0.016415
0.016081
0.049271
0.042062
0.042049
0.041443
0.041019
0.04101
0.040594
0.023333
0.023226
0.023255
0.023104
0.022986
0.021617
0.021227
0.019819
0.019777
0.019471
0.018257
0.018664
0.017346
0.016705
0.016644
0.016562
0.016377
0.048655
0.048525
0.049664
0.049579
0.016034
0.016387
0.016464
0.049378
0.016069
0.049165
0.041587
0.041785
0.040937
0.04086
0.040965
0.023673
0.023253
0.023723
0.023251
0.02314
0.023237
0.022314
0.021824
0.019165
0.019106
0.018971
0.019175
0.017521
0.017302
0.016596
0.016732
0.016584
0.016195
0.048593
0.048523
0.016119
0.048418
0.01608
0.01619
0.016044
0.016166
0.049627
0.049319
0.041588
0.041832
0.041708
0.04138
0.040821
0.040847
0.023439
0.040596
0.023359
0.023319
0.014236
0.03912
0.02052
0.018695
0.018259
0.019554
0.019198
0.017325
0.016928
0.01659
0.016701
0.016506
0.049736
0.048579
0.015967
0.016345
0.016203
0.016282
0.016327
0.016335
0.049957
0.049674
0.049439
0.041333
0.041692
0.042255
0.041098
0.040752
0.040549
0.040769
0.040444
0.039992
0.040531
0.023613
0.022873
0.021789
0.018873
0.018884
0.019036
0.017848
0.017278
0.016793
0.016658
0.016627
0.016316
0.016313
0.016186
0.016217
0.01606
0.016307
0.01639
0.016364
0.016374
0.050886
0.051287
0.016398
0.043644
0.042048
0.04129
0.041103
0.040846
0.04091
0.04089
0.040176
0.014526
0.040666
0.040476
0.022928
0.012493
0.019131
0.018278
0.018
0.018257
0.017359
0.0090995
0.0089725
0.0088682
0.016622
0.01649
0.016575
0.01619
0.016393
0.016475
0.017253
0.01719
0.018028
0.018013
0.016658
0.050803
0.043235
0.041359
0.04119
0.041883
0.041074
0.040803
0.040839
0.040677
0.014758
0.040074
0.023595
0.023082
0.012003
0.01924
0.018371
0.017988
0.017749
0.0093792
0.016844
0.0089481
0.0087955
0.016652
0.016693
0.016295
0.01645
0.016496
0.016975
0.017038
0.018061
0.032448
0.018054
0.052101
0.05007
0.042098
0.041279
0.041168
0.04179
0.041646
0.040884
0.040876
0.040838
0.040719
0.013735
0.023484
0.013589
0.012395
0.01109
0.010248
0.010484
0.017794
0.017544
0.017041
0.0089432
0.0087281
0.016404
0.01675
0.016459
0.016523
0.016792
0.018081
0.018065
0.018002
0.03211
0.047104
0.05362
0.049981
0.042546
0.042048
0.041518
0.041521
0.014895
0.041023
0.040999
0.040834
0.040728
0.013721
0.023243
0.013686
0.013135
0.011862
0.010494
0.010304
0.010376
0.010237
0.0093432
0.0090348
0.016765
0.0087743
0.016729
0.01667
0.016813
0.018133
0.018125
0.018121
0.018079
0.018035
0.017103
0.051821
0.050313
0.042608
0.043639
0.042268
0.042238
0.015289
0.014816
0.040947
0.0409
0.040892
0.013799
0.014006
0.013892
0.012701
0.012921
0.011906
0.011366
0.010174
0.018819
0.0096218
0.017027
0.016848
0.016756
0.018134
0.018333
0.018453
0.018422
0.032821
0.032641
0.03278
0.018286
0.053552
0.051657
0.05014
0.043937
0.044076
0.043811
0.042845
0.015659
0.015051
0.041139
0.04091
0.040853
0.01449
0.013822
0.013651
0.013587
0.013563
0.037135
0.011526
0.019889
0.019468
0.0192
0.017868
0.018217
0.018325
0.018478
0.018626
0.018509
0.018607
0.018534
0.018283
0.01824
0.053802
0.051494
0.051159
0.05026
0.044982
0.03539
0.0352
0.044132
0.04336
0.043033
0.041602
0.014777
0.01463
0.014699
0.014491
0.013628
0.013589
0.0133
0.022183
0.011591
0.03535
0.019701
0.019221
0.018845
0.018545
0.018522
0.032938
0.018522
0.018392
0.033025
0.033093
0.032806
0.03251
0.018073
0.017004
0.050262
0.016326
0.035383
0.035452
0.044891
0.016268
0.016283
0.015777
0.015372
0.015146
0.014812
0.041134
0.01444
0.013675
0.013634
0.013373
0.012838
0.011804
0.011413
0.01988
0.019141
0.018931
0.018585
0.018343
0.032905
0.033046
0.032987
0.033073
0.033129
0.032908
0.018408
0.018271
0.017261
0.0163
0.01627
0.035889
0.035167
0.04459
0.016319
0.016435
0.016204
0.015733
0.015296
0.015463
0.01501
0.014533
0.013915
0.023095
0.013497
0.012389
0.011806
0.01074
0.010622
0.018629
0.019128
0.018781
0.018476
0.033124
0.033251
0.033109
0.032954
0.033085
0.033045
0.032747
0.018217
0.018012
0.017084
0.016392
0.036614
0.036379
0.014056
0.014249
0.013637
0.016459
0.016127
0.013443
0.01391
0.015539
0.014522
0.013755
0.013701
0.013582
0.012255
0.011169
0.019185
0.019847
0.010992
0.01925
0.033952
0.033513
0.033244
0.033165
0.033172
0.032981
0.033056
0.032871
0.018405
0.018049
0.017961
0.017754
0.016374
0.038824
0.036255
0.038694
0.014987
0.015375
0.01413
0.01344
0.016323
0.044168
0.015532
0.014612
0.013925
0.013551
0.013613
0.013176
0.011945
0.011089
0.011311
0.019673
0.034446
0.034254
0.033729
0.033329
0.033252
0.032926
0.018276
0.018238
0.018199
0.018301
0.018079
0.016909
0.016415
0.01636
0.038817
0.037706
0.014987
0.037951
0.014997
0.013841
0.036137
0.01642
0.015915
0.015558
0.014719
0.013758
0.013653
0.01362
0.0134
0.013083
0.01247
0.011561
0.01146
0.034811
0.034408
0.033951
0.033697
0.0327
0.018219
0.01794
0.017807
0.018085
0.018146
0.017545
0.01719
0.017284
0.017279
0.038924
0.037543
0.037583
0.036823
0.037914
0.014143
0.014023
0.044345
0.01538
0.015002
0.014538
0.014023
0.013673
0.012611
0.013578
0.013599
0.012655
0.011546
0.011214
0.03496
0.034636
0.033717
0.018521
0.018333
0.018052
0.017048
0.016593
0.017085
0.018152
0.0182
0.018464
0.032221
0.017809
0.037947
0.039057
0.038288
0.037817
0.037769
0.038311
0.014122
0.014048
0.016068
0.015171
0.014748
0.014558
0.013746
0.013639
0.013842
0.014099
0.013219
0.012259
0.035128
0.035012
0.034494
0.019249
0.0093032
0.018163
0.0089066
0.016492
0.016494
0.017684
0.032664
0.018115
0.032288
0.01805
0.017136
0.040411
0.039675
0.040479
0.03974
0.016259
0.014983
0.014541
0.014236
0.016434
0.015734
0.015064
0.01492
0.01451
0.01432
0.040631
0.040949
0.014021
0.01282
0.011473
0.011654
0.011497
0.010679
0.010217
0.010132
0.0089116
0.01665
0.016635
0.017342
0.018084
0.018053
0.018309
0.018028
0.017695
0.041597
0.041182
0.034375
0.032388
0.015453
0.014753
0.014192
0.013917
0.014091
0.016329
0.015711
0.015196
0.014965
0.014937
0.040796
0.040699
0.014274
0.013278
0.012337
0.011935
0.011708
0.011497
0.010508
0.010372
0.0099549
0.0090948
0.016525
0.016636
0.016947
0.01701
0.016447
0.018017
0.017972
0.016851
0.040733
0.032228
0.041185
0.015739
0.016086
0.015717
0.014592
0.014488
0.013757
0.015672
0.015762
0.01561
0.015464
0.041973
0.041808
0.014622
0.014091
0.012761
0.012112
0.012008
0.035245
0.010941
0.010583
0.0101
0.017574
0.0088663
0.008824
0.016561
0.016873
0.016452
0.01681
0.01731
0.017409
0.017396
0.012787
0.033689
0.034299
0.011919
0.016034
0.015728
0.014673
0.013868
0.01624
0.01639
0.016325
0.016306
0.043775
0.015654
0.015008
0.014882
0.013503
0.012369
0.012458
0.011808
0.011421
0.010474
0.010208
0.010133
0.01006
0.017361
0.017986
0.018095
0.016512
0.017158
0.017983
0.013764
0.034252
0.036068
0.035054
0.033685
0.017014
0.015784
0.015496
0.014615
0.01369
0.013449
0.013664
0.013577
0.013498
0.014106
0.015928
0.015527
0.015449
0.014441
0.012627
0.012434
0.012118
0.011481
0.01051
0.018438
0.018593
0.018546
0.010038
0.0097102
0.017129
0.01817
0.018058
0.018087
0.036696
0.013518
0.036101
0.03617
0.036011
0.032472
0.016862
0.038727
0.014278
0.013693
0.016475
0.016365
0.016283
0.013469
0.016197
0.01614
0.015801
0.015411
0.014875
0.013582
0.012617
0.012231
0.011674
0.010685
0.018465
0.018432
0.018395
0.018241
0.032526
0.01822
0.018184
0.018159
0.018117
0.010223
0.038249
0.036139
0.038076
0.037484
0.035009
0.041188
0.040314
0.014365
0.014587
0.014045
0.013945
0.013924
0.013863
0.016233
0.016278
0.016092
0.016192
0.015227
0.014314
0.012852
0.012426
0.035392
0.034511
0.018825
0.018754
0.018348
0.032768
0.018326
0.032565
0.032989
0.018339
0.018509
0.025905
0.024435
0.024253
0.024285
0.036703
0.034348
0.034194
0.041086
0.01531
0.014508
0.013654
0.014018
0.014011
0.03715
0.037078
0.01443
0.013604
0.016234
0.014897
0.014165
0.012978
0.012107
0.036085
0.011548
0.0339
0.033682
0.033236
0.033146
0.033189
0.032896
0.033156
0.033051
0.032985
0.02512
0.024697
0.024281
0.02404
0.036013
0.033676
0.040391
0.040149
0.038205
0.015246
0.01492
0.014673
0.014873
0.015055
0.015417
0.014826
0.013659
0.016088
0.015311
0.014634
0.013535
0.01233
0.01224
0.011656
0.034525
0.034031
0.033361
0.033143
0.033212
0.018452
0.033162
0.033117
0.033267
0.0467
0.027612
0.026325
0.024521
0.037201
0.032802
0.035486
0.031907
0.031842
0.040621
0.037362
0.037447
0.016473
0.038609
0.038838
0.015259
0.01416
0.013456
0.015572
0.01544
0.013977
0.012985
0.012452
0.035473
0.035327
0.034635
0.034158
0.03343
0.033292
0.033242
0.033326
0.03313
0.032842
0.052098
0.049853
0.046499
0.04581
0.04076
0.035929
0.035107
0.013556
0.034408
0.032901
0.040225
0.040583
0.016718
0.039097
0.037446
0.015163
0.014601
0.013919
0.034715
0.044109
0.015206
0.014087
0.037359
0.036226
0.036023
0.035032
0.034857
0.034246
0.033539
0.033469
0.032734
0.018508
0.018482
0.032628
0.045914
0.046845
0.0456
0.045314
0.037411
0.036396
0.036681
0.035826
0.035936
0.032639
0.017721
0.032058
0.04032
0.039975
0.036817
0.036003
0.036048
0.036124
0.016078
0.015932
0.041866
0.039188
0.03736
0.036419
0.035896
0.035281
0.011247
0.010964
0.033263
0.032663
0.033155
0.033038
0.022324
0.022328
0.070008
0.068885
0.067756
0.067607
0.092959
0.085671
0.060873
0.082454
0.082929
0.052752
0.052078
0.051899
0.051287
0.051158
0.051336
0.049836
0.049163
0.048614
0.047781
0.054548
0.018201
0.018179
0.017346
0.05411
0.054109
0.054071
0.054575
0.018086
0.054653
0.047852
0.047479
0.023423
0.023415
0.069634
0.068091
0.067536
0.06784
0.067199
0.06277
0.059475
0.082236
0.072428
0.052527
0.052352
0.051666
0.051424
0.05048
0.050085
0.050193
0.049043
0.055476
0.018346
0.018275
0.018248
0.018128
0.018176
0.016923
0.054214
0.01833
0.01831
0.018078
0.018247
0.047712
0.047946
0.022611
0.07297
0.068284
0.068745
0.06789
0.069468
0.067439
0.062831
0.082838
0.083675
0.07223
0.052609
0.052156
0.051563
0.051001
0.050428
0.049789
0.049393
0.048742
0.04847
0.018426
0.018183
0.018071
0.018202
0.018162
0.018065
0.018127
0.018085
0.032834
0.032623
0.048338
0.047972
0.047818
0.022852
0.072917
0.072595
0.068806
0.067911
0.068164
0.067542
0.062926
0.083136
0.082863
0.053242
0.052588
0.052123
0.051655
0.051204
0.050542
0.049771
0.049175
0.048772
0.048292
0.018299
0.017522
0.018119
0.018084
0.018032
0.017903
0.018194
0.01799
0.032627
0.032868
0.048111
0.047975
0.047875
0.040395
0.07368
0.064051
0.070327
0.068056
0.06952
0.067586
0.060168
0.083954
0.083724
0.060793
0.052469
0.052283
0.051593
0.051163
0.050592
0.050004
0.048536
0.055057
0.047965
0.017449
0.017401
0.018117
0.016533
0.016568
0.018032
0.018012
0.018342
0.03256
0.047958
0.048338
0.047785
0.048197
0.041152
0.065024
0.073176
0.064538
0.072762
0.073281
0.071715
0.063513
0.061029
0.060562
0.052254
0.052452
0.05275
0.052228
0.051559
0.050716
0.049986
0.049172
0.04837
0.055119
0.018168
0.018356
0.018003
0.017485
0.01807
0.018541
0.047794
0.03223
0.0478
0.04774
0.047926
0.048763
0.047869
0.041321
0.065094
0.065069
0.064823
0.064763
0.064433
0.063696
0.063981
0.061545
0.053555
0.052217
0.052838
0.053574
0.052053
0.051564
0.050983
0.050647
0.050063
0.048632
0.04798
0.018359
0.033033
0.018109
0.01708
0.018364
0.032829
0.032656
0.032849
0.032841
0.04746
0.047723
0.047892
0.047856
0.041645
0.066226
0.065019
0.064916
0.06543
0.065688
0.064716
0.05714
0.054255
0.05377
0.053061
0.05318
0.053132
0.051971
0.051321
0.050725
0.049905
0.049966
0.049183
0.048356
0.048178
0.032763
0.018051
0.01813
0.01811
0.032836
0.032902
0.032978
0.048242
0.032735
0.032764
0.047575
0.048046
0.042076
0.042132
0.041372
0.065873
0.065972
0.066465
0.066276
0.058926
0.055675
0.053907
0.05335
0.053055
0.052873
0.052237
0.035527
0.035569
0.050837
0.050419
0.048689
0.048491
0.047951
0.032499
0.032839
0.0182
0.032418
0.032901
0.032894
0.032852
0.033103
0.032516
0.0327
0.048107
0.047574
0.041997
0.041499
0.066197
0.067661
0.068162
0.067949
0.066426
0.061337
0.055726
0.054836
0.054469
0.04041
0.053189
0.036133
0.035522
0.035817
0.052543
0.051409
0.049359
0.048965
0.048468
0.03292
0.033158
0.033332
0.032738
0.032782
0.018038
0.03271
0.032759
0.047567
0.03282
0.048035
0.047584
0.066401
0.066374
0.066912
0.066837
0.068742
0.068258
0.068428
0.062972
0.043119
0.056321
0.054728
0.039488
0.038282
0.036046
0.036104
0.035753
0.050838
0.03434
0.050023
0.049497
0.033513
0.033166
0.033373
0.033101
0.032827
0.032891
0.018445
0.032185
0.032706
0.032712
0.047701
0.047111
0.018118
0.042453
0.066809
0.066431
0.066776
0.06642
0.066184
0.066389
0.062119
0.041576
0.041903
0.054963
0.040185
0.038249
0.03658
0.036355
0.036138
0.03643
0.050668
0.049945
0.034085
0.033488
0.033452
0.033595
0.048691
0.033273
0.032786
0.032853
0.047973
0.047928
0.033348
0.047633
0.047398
0.047057
0.069042
0.068343
0.042037
0.066145
0.067706
0.066596
0.065737
0.062769
0.057076
0.055019
0.054303
0.040019
0.038638
0.037391
0.036649
0.052
0.051234
0.050737
0.034385
0.050464
0.049447
0.049114
0.049178
0.049027
0.033465
0.033327
0.033202
0.033124
0.047772
0.048087
0.032806
0.047586
0.054399
0.068966
0.068926
0.043065
0.067836
0.067709
0.066608
0.041659
0.065445
0.056747
0.055165
0.054378
0.053813
0.039136
0.037156
0.05238
0.052126
0.051311
0.051541
0.035413
0.034184
0.049785
0.049636
0.034131
0.034091
0.033556
0.03398
0.033931
0.033161
0.047858
0.048409
0.047759
0.047168
0.032605
0.067083
0.068047
0.067699
0.06778
0.06808
0.066128
0.066532
0.065362
0.057392
0.054715
0.054738
0.054611
0.053919
0.053429
0.036542
0.036386
0.037105
0.052512
0.034333
0.034383
0.034085
0.033889
0.034628
0.034099
0.033095
0.033322
0.033309
0.033639
0.032878
0.032733
0.047648
0.047589
0.032652
0.042476
0.068668
0.065795
0.066011
0.067632
0.066074
0.065917
0.065687
0.057828
0.055306
0.055131
0.054186
0.054185
0.053765
0.05296
0.05349
0.053031
0.035943
0.035354
0.034212
0.03588
0.034777
0.033793
0.033444
0.033007
0.033076
0.033328
0.033159
0.048031
0.047708
0.032642
0.032621
0.032731
0.067629
0.067031
0.066555
0.066431
0.066768
0.067688
0.066336
0.066243
0.061284
0.079263
0.077463
0.076685
0.055686
0.055387
0.053168
0.054166
0.037338
0.036618
0.034851
0.034339
0.03401
0.034715
0.034767
0.033784
0.033484
0.033954
0.032912
0.032835
0.032683
0.032764
0.032472
0.0327
0.032403
0.042106
0.068102
0.067157
0.066909
0.066765
0.066629
0.068254
0.069541
0.064702
0.064635
0.079784
0.057456
0.06331
0.055186
0.054107
0.054775
0.054318
0.037402
0.035032
0.049962
0.03433
0.034816
0.035004
0.034135
0.033732
0.033691
0.033623
0.032825
0.033095
0.032796
0.032478
0.032667
0.032633
0.065866
0.067103
0.066991
0.066858
0.067841
0.068367
0.068733
0.068227
0.054089
0.047427
0.046488
0.065129
0.06329
0.044933
0.054866
0.054931
0.054754
0.053178
0.05187
0.051423
0.035073
0.034227
0.033804
0.034699
0.034126
0.034036
0.033374
0.033161
0.03348
0.032959
0.032847
0.032722
0.032794
0.065566
0.067107
0.06782
0.066893
0.066849
0.068535
0.069219
0.068447
0.068698
0.060677
0.058663
0.047504
0.065031
0.046106
0.056286
0.05538
0.043645
0.053378
0.052482
0.051506
0.034386
0.034527
0.035197
0.035416
0.035062
0.033739
0.034589
0.033668
0.033502
0.033365
0.0329
0.032696
0.033372
0.066794
0.043479
0.066437
0.066839
0.066889
0.066746
0.069385
0.067625
0.068396
0.062491
0.058832
0.057916
0.045684
0.046747
0.046086
0.044407
0.05517
0.054314
0.053548
0.053011
0.052428
0.035222
0.035495
0.034189
0.034951
0.034764
0.034178
0.034955
0.033914
0.03378
0.033201
0.033461
0.033377
0.04251
0.067187
0.042017
0.065987
0.066895
0.066788
0.068786
0.069629
0.068359
0.064841
0.057508
0.058409
0.057824
0.045322
0.056411
0.038669
0.043954
0.054269
0.053058
0.053057
0.036397
0.035591
0.035886
0.035438
0.035125
0.035551
0.035863
0.035202
0.033926
0.033776
0.034772
0.033859
0.033052
0.042184
0.066648
0.042402
0.042444
0.066797
0.066681
0.067769
0.066565
0.068555
0.067413
0.059549
0.058148
0.056967
0.056582
0.055777
0.056187
0.054742
0.038172
0.054202
0.037122
0.036687
0.028323
0.036233
0.036046
0.035636
0.02832
0.035933
0.027734
0.034784
0.035116
0.035777
0.050215
0.033405
0.042213
0.042131
0.042698
0.068526
0.042242
0.042332
0.042427
0.069352
0.069911
0.069671
0.062446
0.058795
0.04365
0.043193
0.056913
0.05578
0.038135
0.038416
0.029875
0.028953
0.028461
0.028227
0.028726
0.028948
0.036171
0.028069
0.035817
0.035964
0.027715
0.03561
0.051667
0.050842
0.048648
0.042697
0.043389
0.070154
0.043147
0.043877
0.069608
0.070189
0.055702
0.056034
0.057614
0.054368
0.058858
0.04377
0.043613
0.057259
0.05634
0.039089
0.030593
0.030183
0.030146
0.029807
0.029604
0.030131
0.028866
0.028626
0.028457
0.028458
0.036003
0.035813
0.042253
0.051686
0.051454
0.050176
0.042637
0.069499
0.057437
0.044863
0.044614
0.057107
0.070208
0.070048
0.069585
0.056102
0.067784
0.041984
0.042879
0.043103
0.042447
0.040837
0.039653
0.038833
0.038279
0.029615
0.037185
0.028545
0.029136
0.028896
0.028932
0.029925
0.029299
0.042458
0.028774
0.042419
0.042362
0.051824
0.050278
0.044184
0.056306
0.058192
0.058247
0.057959
0.056111
0.055914
0.069862
0.068799
0.069327
0.068294
0.042971
0.042652
0.042953
0.042785
0.033233
0.031709
0.039098
0.038253
0.029994
0.029453
0.029213
0.028665
0.028124
0.029041
0.030089
0.028741
0.028795
0.042549
0.043801
0.042267
0.05121
0.040847
0.045062
0.056669
0.057944
0.060781
0.058325
0.056681
0.056592
0.05649
0.070094
0.043616
0.042984
0.04301
0.042945
0.043345
0.034177
0.034177
0.032709
0.045605
0.030002
0.043938
0.029579
0.029532
0.028845
0.028386
0.041491
0.028558
0.036112
0.028086
0.044331
0.045462
0.042181
0.051909
0.051648
0.056691
0.056921
0.058383
0.058296
0.05791
0.056755
0.056585
0.056075
0.034851
0.044295
0.04425
0.043137
0.044114
0.043309
0.043283
0.034303
0.032784
0.030696
0.030683
0.03074
0.029618
0.042902
0.028393
0.029714
0.028985
0.028533
0.036166
0.042702
0.043809
0.045895
0.044684
0.043328
0.040859
0.057688
0.058345
0.058425
0.056948
0.070341
0.05805
0.056435
0.056102
0.056585
0.036065
0.034965
0.034992
0.034666
0.043216
0.043189
0.034401
0.033275
0.039993
0.030483
0.030971
0.03798
0.029932
0.028936
0.029269
0.029669
0.029116
0.029706
0.042069
0.041675
0.060845
0.044102
0.044238
0.041489
0.035414
0.071182
0.070676
0.05675
0.057309
0.058053
0.058105
0.057402
0.057077
0.05977
0.059356
0.057485
0.044169
0.043473
0.043478
0.043957
0.033361
0.040615
0.030449
0.030656
0.038163
0.030472
0.029315
0.030662
0.030268
0.029615
0.030344
0.044097
0.043179
0.062793
0.043926
0.04367
0.043815
0.058434
0.058304
0.071135
0.05815
0.044914
0.035469
0.036414
0.056657
0.058027
0.036792
0.057771
0.035138
0.034716
0.034727
0.03539
0.034784
0.034227
0.041669
0.031711
0.03125
0.02979
0.03006
0.030839
0.030773
0.030257
0.029275
0.044792
0.044394
0.044892
0.043953
0.062461
0.061331
0.044697
0.058997
0.057842
0.058356
0.056501
0.057997
0.035186
0.044897
0.036238
0.037555
0.057762
0.035288
0.03544
0.05664
0.054374
0.050527
0.036892
0.035968
0.034381
0.032389
0.03095
0.030352
0.030705
0.031739
0.0307
0.044654
0.029067
0.045277
0.0452
0.047811
0.046559
0.045399
0.061846
0.043603
0.058815
0.058769
0.058893
0.060881
0.060842
0.05948
0.058632
0.060058
0.060724
0.059252
0.044599
0.035435
0.035932
0.037087
0.036871
0.036997
0.048856
0.034802
0.033449
0.031055
0.031335
0.030286
0.031203
0.030036
0.044568
0.030179
0.04757
0.046921
0.047152
0.046636
0.044056
0.04402
0.044081
0.060552
0.063981
0.064
0.062029
0.062992
0.062971
0.061627
0.060898
0.063624
0.061467
0.035725
0.036008
0.03574
0.037684
0.037075
0.036275
0.036633
0.049794
0.037318
0.032534
0.031459
0.031027
0.030422
0.030626
0.031118
0.031056
0.038962
0.03784
0.046993
0.046651
0.046884
0.045487
0.046009
0.064498
0.064661
0.053071
0.063894
0.064861
0.065476
0.063921
0.039506
0.038655
0.037961
0.03758
0.036224
0.036001
0.038017
0.037243
0.052539
0.051125
0.037837
0.03576
0.034536
0.03331
0.031682
0.031901
0.030832
0.046315
0.033027
0.038509
0.04006
0.047765
0.064828
0.048102
0.037734
0.047305
0.03882
0.039445
0.064383
0.065543
0.065241
0.052437
0.041125
0.040268
0.040671
0.040834
0.037123
0.036085
0.038334
0.038327
0.039951
0.039444
0.038771
0.037773
0.036716
0.034891
0.033355
0.033477
0.033177
0.032501
0.033149
0.04757
0.047598
0.037508
0.047757
0.065194
0.046179
0.047175
0.047447
0.038078
0.037836
0.064661
0.056364
0.041021
0.041098
0.040779
0.03946
0.039095
0.038839
0.03998
0.031905
0.031504
0.03226
0.040505
0.039846
0.032221
0.040098
0.037763
0.037914
0.036692
0.027685
0.02719
0.026641
0.034034
0.031585
0.045213
0.047164
0.047579
0.044933
0.044494
0.046724
0.045609
0.039229
0.038281
0.040681
0.034486
0.033903
0.038658
0.040957
0.032391
0.040594
0.039115
0.040909
0.031919
0.040651
0.040931
0.040039
0.03354
0.033458
0.039614
0.040326
0.039002
0.031294
0.029162
0.0351
0.027379
0.032472
0.03098
0.046207
0.048038
0.045404
0.043909
0.061182
0.063233
0.052997
0.039326
0.03948
0.03287
0.032392
0.033603
0.034104
0.034478
0.017403
0.032371
0.033988
0.037171
0.034175
0.034131
0.032107
0.033674
0.033871
0.032135
0.039434
0.031728
0.033198
0.031464
0.028728
0.028979
0.042169
0.033149
0.04593
0.045344
0.046024
0.064766
0.043936
0.064925
0.064883
0.066371
0.039262
0.040216
0.040626
0.032997
0.034522
0.03289
0.037099
0.013473
0.013786
0.037664
0.037284
0.023853
0.023305
0.033271
0.034623
0.034055
0.031862
0.032454
0.040608
0.034001
0.032687
0.030654
0.028166
0.027459
0.049254
0.039195
0.046142
0.065426
0.064855
0.045634
0.045998
0.064684
0.044537
0.032573
0.041129
0.041488
0.03396
0.035237
0.033718
0.035084
0.014063
0.01371
0.0371
0.023885
0.023967
0.037079
0.034761
0.03382
0.032922
0.034961
0.033585
0.033494
0.039835
0.044985
0.043783
0.031101
0.027342
0.035121
0.050344
0.048767
0.048112
0.04648
0.044448
0.061025
0.061257
0.043919
0.021577
0.021478
0.021288
0.021274
0.021349
0.021161
0.02094
0.021097
0.020911
0.020734
0.020886
0.020466
0.019341
0.018625
0.018213
0.017711
0.017555
0.017224
0.016981
0.016666
0.016568
0.016429
0.016206
0.04982
0.048449
0.048481
0.048609
0.016071
0.016132
0.016333
0.049988
0.048444
0.049481
0.021907
0.021585
0.021541
0.022059
0.021714
0.067525
0.066378
0.058958
0.020769
0.020786
0.02094
0.0205
0.019311
0.018447
0.018104
0.017546
0.017417
0.017083
0.016811
0.016416
0.016468
0.016156
0.016132
0.048753
0.048695
0.048353
0.048633
0.016114
0.016144
0.049926
0.015953
0.048377
0.048069
0.073069
0.07295
0.023382
0.022743
0.022321
0.021434
0.021143
0.021225
0.056119
0.05566
0.055618
0.055176
0.019551
0.018457
0.017972
0.017608
0.017334
0.016885
0.016742
0.01657
0.016542
0.016269
0.048835
0.049925
0.05004
0.048611
0.049639
0.016074
0.015974
0.016053
0.015934
0.048067
0.048007
0.064477
0.072977
0.023371
0.023331
0.071643
0.021306
0.021315
0.021329
0.021202
0.056007
0.055508
0.054952
0.019256
0.018312
0.018046
0.017453
0.017145
0.016717
0.050581
0.050806
0.051268
0.050679
0.050621
0.049891
0.050019
0.016141
0.016025
0.016229
0.016063
0.016038
0.016018
0.048276
0.048179
0.023613
0.022431
0.023134
0.022454
0.021378
0.021201
0.021317
0.021326
0.021288
0.021137
0.055753
0.020444
0.019095
0.018204
0.018024
0.017571
0.017344
0.051063
0.050915
0.050783
0.050908
0.052015
0.050664
0.050291
0.050418
0.016147
0.016107
0.016098
0.01604
0.049518
0.049526
0.04827
0.048243
0.041009
0.023429
0.072882
0.023311
0.021433
0.067935
0.02141
0.021812
0.021309
0.021186
0.05551
0.020171
0.01897
0.0181
0.017696
0.01759
0.0171
0.016946
0.051033
0.050879
0.051241
0.050768
0.050408
0.05055
0.016292
0.016099
0.016243
0.01636
0.049596
0.049784
0.01616
0.049302
0.049415
0.073277
0.07301
0.0729
0.023873
0.023379
0.021448
0.069831
0.021647
0.021565
0.021224
0.02091
0.020253
0.018963
0.017989
0.017709
0.017551
0.017034
0.016842
0.016671
0.01657
0.050777
0.050632
0.050403
0.050424
0.01629
0.050283
0.016222
0.016303
0.049452
0.049552
0.049923
0.049654
0.049792
0.065089
0.064175
0.023594
0.023444
0.023396
0.022083
0.022436
0.021355
0.02194
0.021319
0.02081
0.020301
0.019065
0.018223
0.017801
0.017544
0.017227
0.051126
0.016775
0.050707
0.050692
0.050294
0.050088
0.050204
0.050091
0.050155
0.016158
0.015937
0.049489
0.049709
0.049976
0.050198
0.050142
0.06572
0.065073
0.041175
0.04085
0.023603
0.023359
0.023261
0.021801
0.021313
0.021156
0.021371
0.020508
0.019035
0.018294
0.017935
0.017547
0.017295
0.016962
0.016654
0.016557
0.050517
0.049984
0.050265
0.050381
0.016378
0.016237
0.016309
0.016012
0.016257
0.016163
0.050222
0.050668
0.051502
0.041876
0.041497
0.04154
0.041372
0.023692
0.02337
0.022328
0.021955
0.02129
0.021285
0.02121
0.055492
0.054717
0.054003
0.017995
0.017674
0.017374
0.017567
0.016708
0.050677
0.0504
0.050354
0.050254
0.049828
0.016279
0.016358
0.016197
0.016122
0.016365
0.050213
0.050535
0.051532
0.052866
0.042014
0.041917
0.041913
0.041073
0.023317
0.040585
0.023325
0.022022
0.021321
0.02116
0.02127
0.020566
0.019313
0.01874
0.018374
0.018076
0.017377
0.016986
0.016663
0.016313
0.050172
0.050491
0.016205
0.016327
0.016287
0.016114
0.016251
0.016178
0.016309
0.016335
0.016239
0.016297
0.017824
0.041986
0.04155
0.041513
0.04166
0.023405
0.023368
0.023248
0.023312
0.023204
0.021613
0.021932
0.02061
0.019553
0.018533
0.054173
0.0178
0.052856
0.017076
0.016719
0.050766
0.016504
0.016306
0.016331
0.016508
0.016441
0.016319
0.016221
0.016378
0.016249
0.016634
0.016311
0.016208
0.01628
0.041516
0.041967
0.041906
0.041489
0.040971
0.0238
0.040555
0.023742
0.040565
0.023168
0.023035
0.022558
0.020393
0.020146
0.018349
0.018449
0.017517
0.017355
0.016829
0.016618
0.016407
0.016328
0.016211
0.016369
0.016589
0.016407
0.0163
0.016382
0.016329
0.016243
0.016226
0.016185
0.015973
0.041389
0.041712
0.042352
0.041878
0.041768
0.041046
0.023535
0.023306
0.040788
0.040461
0.053227
0.02269
0.020835
0.01927
0.018129
0.017823
0.018197
0.017813
0.017095
0.016503
0.016325
0.016237
0.0162
0.016333
0.016534
0.01784
0.016906
0.017075
0.016358
0.016291
0.01631
0.016234
0.016061
0.041382
0.042298
0.042374
0.042161
0.041467
0.040932
0.040314
0.040641
0.040669
0.040699
0.041143
0.040021
0.020822
0.05639
0.055333
0.018192
0.018492
0.017881
0.018483
0.016617
0.016426
0.01645
0.016398
0.016533
0.017657
0.017351
0.018052
0.01694
0.017915
0.016343
0.016154
0.01618
0.016141
0.042416
0.066744
0.041585
0.041185
0.041108
0.041731
0.041509
0.040835
0.040775
0.040836
0.040959
0.04039
0.022225
0.020737
0.018357
0.018567
0.019297
0.017872
0.016982
0.016697
0.016592
0.016846
0.016567
0.016524
0.017032
0.018018
0.054286
0.017931
0.016568
0.016337
0.016285
0.016286
0.016424
0.066302
0.041993
0.042005
0.042323
0.041972
0.04286
0.041747
0.040986
0.040846
0.040879
0.041328
0.040344
0.039301
0.021343
0.055755
0.019133
0.056623
0.01762
0.017269
0.01687
0.016657
0.016576
0.016548
0.01655
0.01747
0.018093
0.018208
0.017959
0.017732
0.01696
0.016321
0.016213
0.017693
0.068392
0.068118
0.041942
0.06688
0.066139
0.042048
0.042672
0.041641
0.041245
0.041436
0.041117
0.040868
0.052872
0.037965
0.058642
0.057584
0.05574
0.019068
0.017078
0.016825
0.018208
0.016636
0.016497
0.016764
0.016978
0.017557
0.018066
0.018038
0.01776
0.017908
0.017247
0.016714
0.017888
0.068602
0.069232
0.043405
0.042554
0.04374
0.043369
0.068324
0.065667
0.041184
0.04108
0.05503
0.054129
0.053008
0.05231
0.052052
0.051693
0.020038
0.055333
0.017997
0.018526
0.018072
0.016749
0.016752
0.01655
0.01775
0.017362
0.016999
0.0183
0.032345
0.018107
0.032589
0.017839
0.054374
0.070593
0.068833
0.042445
0.068325
0.068942
0.067696
0.068296
0.066576
0.065892
0.058955
0.054731
0.053852
0.053161
0.053022
0.052961
0.051445
0.050655
0.05692
0.055721
0.018532
0.017754
0.017167
0.018143
0.018104
0.017754
0.01724
0.016788
0.017973
0.032775
0.032546
0.032634
0.032148
0.032561
0.070374
0.069188
0.070195
0.06996
0.067922
0.068404
0.068355
0.067411
0.067407
0.060195
0.054971
0.054814
0.053753
0.053194
0.052737
0.051548
0.051012
0.050187
0.019079
0.017667
0.017455
0.017857
0.018222
0.017926
0.016602
0.016508
0.016366
0.016664
0.016552
0.032349
0.032782
0.032723
0.032806
0.069158
0.06933
0.056684
0.070357
0.068284
0.069499
0.068274
0.068328
0.066388
0.062361
0.055389
0.054508
0.0534
0.039602
0.052749
0.051765
0.035836
0.050356
0.049498
0.018128
0.016889
0.01748
0.018202
0.018154
0.017385
0.017173
0.0091978
0.0088673
0.016861
0.018241
0.01826
0.032769
0.032799
0.070175
0.056474
0.057291
0.057931
0.070315
0.070221
0.069647
0.068231
0.066574
0.063983
0.057426
0.055021
0.053662
0.039818
0.052522
0.052675
0.035938
0.050842
0.049384
0.01892
0.017818
0.017245
0.018289
0.018476
0.01815
0.01715
0.018051
0.01799
0.017978
0.017968
0.032203
0.032705
0.047546
0.057554
0.058762
0.037264
0.057984
0.057067
0.057685
0.069407
0.066026
0.064836
0.065154
0.059086
0.055136
0.054214
0.053956
0.03968
0.052519
0.05151
0.050695
0.034908
0.033993
0.018923
0.01833
0.018291
0.032783
0.018142
0.018168
0.018068
0.018065
0.018413
0.018139
0.032697
0.017994
0.032746
0.05825
0.062758
0.06156
0.060049
0.057061
0.057648
0.069929
0.06804
0.065937
0.066407
0.064496
0.055176
0.05479
0.056175
0.054081
0.053662
0.05182
0.051087
0.03511
0.034382
0.033895
0.033316
0.018318
0.032554
0.018316
0.01821
0.018144
0.018219
0.03268
0.018119
0.032816
0.032747
0.047673
0.060332
0.062443
0.061496
0.059655
0.058231
0.057667
0.070275
0.068418
0.066633
0.066555
0.066004
0.057976
0.055594
0.042819
0.055374
0.055334
0.052643
0.052015
0.051669
0.034709
0.034113
0.033575
0.018463
0.018228
0.018184
0.018123
0.018104
0.018054
0.032813
0.032848
0.032868
0.01804
0.017995
0.062756
0.062811
0.060218
0.059377
0.058281
0.057197
0.056268
0.068503
0.068928
0.069004
0.068583
0.06331
0.042911
0.042843
0.041454
0.055356
0.054361
0.0543
0.052731
0.035157
0.034388
0.03355
0.018656
0.018531
0.033054
0.018141
0.017128
0.018134
0.032906
0.032799
0.032752
0.018024
0.018049
0.065667
0.062104
0.060361
0.060055
0.058982
0.05824
0.058127
0.057696
0.069587
0.044245
0.034605
0.043699
0.041952
0.043032
0.042641
0.055154
0.05523
0.054332
0.052379
0.050949
0.049798
0.033313
0.033129
0.033146
0.032956
0.032948
0.018187
0.0181
0.0324
0.01851
0.018493
0.018022
0.018226
0.063808
0.064165
0.062128
0.060712
0.060002
0.05681
0.058114
0.07021
0.070119
0.04435
0.044039
0.04383
0.043826
0.04406
0.043298
0.04178
0.040248
0.053325
0.036719
0.051529
0.050586
0.034252
0.033569
0.03304
0.032981
0.033183
0.033234
0.018311
0.01803
0.018092
0.032251
0.032474
0.032705
0.061897
0.061396
0.063923
0.06249
0.059797
0.057221
0.057246
0.056342
0.057031
0.035389
0.044114
0.034704
0.044316
0.05876
0.058028
0.042258
0.040269
0.054425
0.05369
0.051949
0.050929
0.034448
0.034374
0.03363
0.033198
0.033145
0.033197
0.032891
0.018085
0.018303
0.032803
0.032756
0.032795
0.061579
0.063831
0.064189
0.063664
0.063426
0.060132
0.057294
0.058039
0.057784
0.057956
0.044226
0.044197
0.043558
0.043389
0.043315
0.043159
0.042063
0.055143
0.053118
0.0533
0.05188
0.035156
0.034593
0.033972
0.033667
0.033221
0.033116
0.03311
0.018158
0.01804
0.018294
0.032786
0.047832
0.062905
0.065343
0.052435
0.064492
0.061223
0.059169
0.058255
0.056225
0.056125
0.044427
0.04434
0.034977
0.043645
0.043527
0.043716
0.044179
0.057222
0.056014
0.053192
0.05266
0.052667
0.051312
0.035182
0.034036
0.034356
0.034181
0.033304
0.033336
0.033079
0.018399
0.018067
0.033007
0.048266
0.06211
0.064697
0.065498
0.064109
0.060059
0.06024
0.056586
0.056363
0.07018
0.044639
0.034711
0.044208
0.044112
0.044066
0.044054
0.03571
0.045856
0.057017
0.054731
0.053778
0.053432
0.051819
0.035283
0.034509
0.034328
0.033434
0.033155
0.033285
0.03333
0.032873
0.01805
0.032693
0.032854
0.06256
0.053575
0.052333
0.062196
0.060993
0.058395
0.057262
0.057547
0.057059
0.044691
0.043698
0.043593
0.044265
0.043242
0.044333
0.034559
0.035131
0.033667
0.040062
0.038601
0.053894
0.052652
0.05243
0.034856
0.033678
0.033334
0.033185
0.033479
0.033479
0.033144
0.032735
0.047869
0.032827
0.053223
0.064373
0.065249
0.060792
0.058621
0.056991
0.057049
0.044957
0.035451
0.044407
0.042967
0.041882
0.043619
0.043519
0.043691
0.035207
0.043997
0.043465
0.033143
0.039487
0.037916
0.036895
0.037659
0.036258
0.034335
0.033325
0.033567
0.033803
0.033827
0.033162
0.033085
0.047661
0.018346
0.05348
0.039717
0.065865
0.061135
0.058826
0.070964
0.044886
0.044761
0.044726
0.044348
0.043024
0.042995
0.04421
0.043157
0.043835
0.04313
0.043471
0.043969
0.04194
0.038667
0.037125
0.037392
0.037441
0.036473
0.03481
0.034118
0.033235
0.033313
0.033142
0.033059
0.032974
0.032898
0.032675
0.065095
0.064231
0.061692
0.037766
0.036688
0.035974
0.036632
0.035167
0.035445
0.03558
0.043855
0.04463
0.044526
0.043767
0.044221
0.043134
0.043391
0.043261
0.042589
0.040187
0.037516
0.03744
0.037109
0.037476
0.036422
0.034125
0.033321
0.033207
0.033073
0.033156
0.032675
0.032884
0.032986
0.053382
0.06339
0.037878
0.037621
0.035268
0.037003
0.03724
0.035727
0.036423
0.036466
0.044783
0.044632
0.043834
0.043241
0.044427
0.043524
0.043433
0.042587
0.043051
0.042291
0.039219
0.037627
0.037379
0.036993
0.036287
0.034011
0.033422
0.033251
0.033087
0.033164
0.033093
0.03282
0.032784
0.052139
0.064584
0.041166
0.03866
0.036973
0.037407
0.035437
0.037169
0.036474
0.035956
0.044719
0.044753
0.044336
0.043786
0.043616
0.043983
0.043758
0.042927
0.041849
0.04075
0.040114
0.038315
0.037766
0.036863
0.035285
0.034257
0.033677
0.018625
0.032964
0.033217
0.033326
0.033043
0.032942
0.06606
0.062399
0.065587
0.038763
0.037635
0.038007
0.037961
0.039074
0.038054
0.038192
0.035935
0.036337
0.036173
0.04469
0.044157
0.043554
0.043046
0.042006
0.042007
0.041583
0.040471
0.038194
0.037628
0.037088
0.036588
0.034521
0.033593
0.018584
0.018512
0.033173
0.033245
0.033254
0.033067
0.040669
0.040981
0.038968
0.038382
0.03901
0.03965
0.039529
0.040586
0.034132
0.038191
0.036461
0.036073
0.035336
0.044674
0.043387
0.044226
0.043084
0.043135
0.042638
0.042831
0.040594
0.039175
0.03861
0.037638
0.036205
0.035052
0.034431
0.033781
0.03346
0.033248
0.033381
0.033309
0.033703
0.040052
0.040093
0.039572
0.039726
0.040697
0.040447
0.038766
0.041269
0.040912
0.039886
0.038753
0.037484
0.035645
0.044569
0.043489
0.04345
0.043523
0.043731
0.04311
0.042548
0.041614
0.040161
0.037852
0.03672
0.03577
0.035859
0.035917
0.034463
0.033928
0.033464
0.033234
0.033093
0.048298
0.043152
0.042335
0.04441
0.034794
0.035067
0.034631
0.035719
0.035323
0.043675
0.043289
0.043795
0.042792
0.040662
0.039234
0.030129
0.038376
0.037379
0.037023
0.035122
0.034502
0.034215
0.034025
0.034064
0.03385
0.033807
0.033145
0.032943
0.018394
0.018388
0.032817
0.018348
0.017983
0.018042
0.070353
0.069693
0.069005
0.044373
0.044474
0.044419
0.056815
0.035973
0.034502
0.043792
0.042604
0.041934
0.045225
0.039349
0.038892
0.038194
0.036775
0.036885
0.03582
0.035085
0.034347
0.034167
0.034249
0.033832
0.033385
0.033188
0.0329
0.032723
0.03241
0.018076
0.018021
0.017151
0.018178
0.044684
0.070044
0.04416
0.035141
0.035366
0.055803
0.034699
0.03477
0.035181
0.042396
0.041594
0.041863
0.040951
0.038404
0.037529
0.037594
0.037009
0.037036
0.036137
0.035569
0.03433
0.034275
0.035085
0.034149
0.033392
0.032918
0.03297
0.018263
0.018115
0.018292
0.032549
0.018443
0.017997
0.056391
0.044526
0.044383
0.044604
0.055865
0.044359
0.04322
0.044407
0.043095
0.042837
0.041427
0.040748
0.038815
0.037307
0.03668
0.036391
0.036332
0.037126
0.036584
0.03501
0.034371
0.0341
0.03421
0.034173
0.033652
0.032964
0.018353
0.018079
0.032774
0.018034
0.018014
0.017938
0.017953
0.04473
0.034957
0.034903
0.044066
0.034628
0.044259
0.043922
0.043666
0.042576
0.041893
0.041561
0.040476
0.038217
0.037154
0.036693
0.03621
0.035771
0.036193
0.036196
0.036338
0.035257
0.034742
0.034108
0.033758
0.03366
0.033006
0.018511
0.032848
0.032827
0.032784
0.018051
0.017969
0.017979
0.044735
0.044702
0.044543
0.043743
0.043608
0.043979
0.044117
0.044293
0.042547
0.042514
0.041399
0.039827
0.038302
0.053137
0.036046
0.035485
0.034883
0.03512
0.035868
0.034364
0.035084
0.034402
0.049129
0.033206
0.033415
0.033041
0.032891
0.032667
0.032721
0.032714
0.018014
0.017965
0.018346
0.043095
0.044206
0.042737
0.043649
0.044038
0.043298
0.034591
0.043467
0.041894
0.041496
0.04084
0.039459
0.037503
0.052423
0.035662
0.035057
0.034539
0.034452
0.034329
0.033636
0.049352
0.049375
0.048328
0.033026
0.033016
0.032946
0.032975
0.032584
0.017962
0.032773
0.032654
0.018281
0.018086
0.04387
0.042694
0.042855
0.043706
0.044031
0.043099
0.043337
0.042992
0.041834
0.041416
0.040803
0.039412
0.037389
0.036172
0.036001
0.035461
0.034522
0.034718
0.034193
0.033438
0.048967
0.048441
0.048349
0.047681
0.032969
0.03296
0.032918
0.032823
0.032342
0.032543
0.032451
0.018202
0.03264
0.043682
0.043786
0.042324
0.042896
0.04291
0.04176
0.042077
0.04206
0.041951
0.041209
0.041477
0.03997
0.037675
0.036074
0.035684
0.035444
0.034521
0.049678
0.04959
0.033369
0.033279
0.048568
0.047855
0.047773
0.047645
0.032891
0.032866
0.032803
0.032466
0.017917
0.017652
0.017911
0.018001
0.043601
0.043353
0.042183
0.042274
0.041747
0.041698
0.04184
0.041818
0.041848
0.041503
0.040764
0.039687
0.037715
0.035887
0.035104
0.034957
0.034536
0.049671
0.034025
0.033826
0.033282
0.048285
0.047811
0.054968
0.032778
0.032806
0.032604
0.018156
0.018128
0.018118
0.016962
0.01783
0.018203
0.043952
0.043662
0.041956
0.041665
0.041614
0.041398
0.041304
0.042206
0.041976
0.040744
0.040416
0.039791
0.0379
0.02054
0.020264
0.019783
0.034813
0.034026
0.033959
0.048843
0.048529
0.048407
0.048213
0.047967
0.032784
0.032591
0.032515
0.032536
0.032666
0.032702
0.018053
0.018159
0.017899
0.043616
0.042417
0.042567
0.041398
0.041254
0.042051
0.041347
0.041505
0.055427
0.040604
0.040526
0.040119
0.038476
0.036267
0.035306
0.034795
0.034573
0.034121
0.048694
0.049271
0.048979
0.049573
0.048381
0.033101
0.018542
0.032774
0.032431
0.032796
0.032767
0.032503
0.017867
0.017034
0.017349
0.042522
0.041524
0.042289
0.042165
0.041932
0.041025
0.041195
0.041097
0.056549
0.040843
0.040684
0.039901
0.038537
0.036377
0.035771
0.035134
0.034673
0.034008
0.033637
0.04936
0.049646
0.048511
0.048655
0.033087
0.032431
0.032703
0.03288
0.018197
0.01806
0.032433
0.017868
0.017736
0.017806
0.042097
0.043377
0.041901
0.042897
0.042077
0.041277
0.04181
0.042051
0.041884
0.041913
0.040709
0.040069
0.038658
0.036585
0.035888
0.03527
0.034859
0.034322
0.034012
0.033878
0.049642
0.048306
0.048353
0.048082
0.047634
0.018378
0.018471
0.054007
0.016917
0.017353
0.016299
0.016293
0.017027
0.042137
0.043135
0.042456
0.042262
0.042225
0.04289
0.04212
0.04247
0.042
0.041442
0.040599
0.039455
0.038916
0.03688
0.035774
0.035469
0.034883
0.034828
0.033839
0.033974
0.033857
0.048949
0.032965
0.018281
0.03233
0.054692
0.0539
0.053826
0.016825
0.016776
0.016857
0.016848
0.016266
0.067818
0.042309
0.04382
0.042876
0.042424
0.043419
0.043589
0.043185
0.042005
0.041947
0.040808
0.04027
0.039669
0.037303
0.03589
0.035922
0.034897
0.034455
0.033872
0.033804
0.049321
0.033215
0.03302
0.018201
0.018267
0.01809
0.01735
0.017943
0.017917
0.01787
0.016566
0.016257
0.016393
0.066734
0.06658
0.042404
0.043006
0.042317
0.043515
0.042142
0.042679
0.041923
0.041214
0.041735
0.041684
0.040032
0.038034
0.036155
0.036204
0.034972
0.034355
0.033954
0.033477
0.033392
0.048324
0.032927
0.018171
0.018065
0.032378
0.018238
0.018045
0.017704
0.016618
0.016318
0.016485
0.016549
0.042441
0.043899
0.043077
0.042348
0.067845
0.042883
0.043124
0.042087
0.04139
0.041477
0.041459
0.041538
0.040588
0.038837
0.036641
0.052132
0.035465
0.034941
0.034224
0.033496
0.033345
0.048511
0.01826
0.03277
0.018074
0.018073
0.032335
0.018047
0.01711
0.017028
0.01707
0.016843
0.016301
0.043619
0.043184
0.043011
0.04335
0.042846
0.043179
0.043122
0.042112
0.04162
0.041553
0.041219
0.042007
0.041195
0.040518
0.037508
0.036945
0.036033
0.035494
0.034454
0.033665
0.048486
0.033245
0.018243
0.018618
0.018251
0.018285
0.032351
0.018063
0.01792
0.016362
0.017442
0.017842
0.017824
0.043299
0.044028
0.04313
0.04389
0.043289
0.04339
0.04287
0.042127
0.04168
0.041418
0.041627
0.043016
0.041673
0.040539
0.038203
0.037291
0.037112
0.035846
0.034645
0.033777
0.033404
0.033003
0.032771
0.047626
0.047812
0.032949
0.032813
0.032765
0.018028
0.016381
0.017481
0.017309
0.016886
0.043643
0.043998
0.043466
0.04306
0.043954
0.041967
0.041418
0.041758
0.041786
0.041585
0.042845
0.043505
0.041327
0.040356
0.038794
0.037241
0.05216
0.035212
0.034759
0.049746
0.033406
0.03319
0.032621
0.033005
0.048211
0.018405
0.032662
0.032874
0.053848
0.017217
0.016898
0.016769
0.016399
0.035313
0.044905
0.043967
0.042711
0.043953
0.041869
0.0411
0.041027
0.041482
0.04117
0.041972
0.043516
0.042955
0.041677
0.039413
0.038078
0.036818
0.035586
0.034774
0.049558
0.048924
0.033337
0.033516
0.048604
0.049041
0.048295
0.047716
0.054646
0.018132
0.032582
0.017917
0.016899
0.017683
0.035328
0.044206
0.04391
0.043927
0.042529
0.041879
0.041099
0.041277
0.04164
0.041674
0.041455
0.042864
0.04331
0.041885
0.041436
0.038744
0.036724
0.036411
0.035095
0.034197
0.04871
0.033323
0.04887
0.048707
0.048634
0.047797
0.047807
0.055109
0.018051
0.017955
0.017931
0.017827
0.017885
0.035922
0.044763
0.043699
0.044223
0.042453
0.041906
0.041042
0.041282
0.042154
0.041833
0.04273
0.04195
0.041883
0.041712
0.041663
0.039936
0.054397
0.052421
0.051037
0.0501
0.049138
0.048664
0.048608
0.048458
0.048313
0.048135
0.047318
0.054158
0.017972
0.01795
0.018013
0.05371
0.051997
0.035239
0.044763
0.044018
0.043655
0.042208
0.042167
0.041001
0.041128
0.041716
0.041662
0.041975
0.042064
0.042821
0.056184
0.041993
0.03969
0.05321
0.05208
0.051969
0.050697
0.049389
0.049477
0.048561
0.048721
0.033034
0.048013
0.054674
0.054177
0.018017
0.01805
0.053802
0.053921
0.053665
0.035402
0.044659
0.043726
0.04353
0.042499
0.042022
0.041426
0.041648
0.041478
0.041559
0.041539
0.042182
0.04338
0.056611
0.055399
0.054053
0.052842
0.036664
0.036371
0.051633
0.050492
0.04967
0.048846
0.048402
0.048011
0.047943
0.047608
0.04723
0.054806
0.018073
0.054004
0.051661
0.053837
0.045067
0.044344
0.04342
0.043563
0.044193
0.042442
0.042016
0.042929
0.042102
0.041428
0.042206
0.041957
0.042497
0.041377
0.041436
0.053665
0.037679
0.052977
0.052359
0.051569
0.051144
0.050518
0.049444
0.048416
0.048299
0.048202
0.048083
0.048021
0.048052
0.047627
0.052232
0.053629
0.054005
0.035626
0.03524
0.043944
0.043758
0.043541
0.042506
0.042292
0.042379
0.041795
0.042228
0.042105
0.04315
0.04318
0.042615
0.04361
0.040821
0.038528
0.036598
0.053362
0.036168
0.035269
0.050716
0.049803
0.033341
0.018511
0.048089
0.048221
0.048059
0.055184
0.054147
0.054224
0.05438
0.047075
0.045238
0.035313
0.044569
0.04413
0.044606
0.043681
0.043862
0.04227
0.043681
0.044027
0.043566
0.043474
0.04297
0.043482
0.043933
0.042756
0.040809
0.038673
0.054081
0.054562
0.036337
0.05321
0.051547
0.033713
0.033502
0.033149
0.047907
0.04799
0.047737
0.047751
0.017999
0.018138
0.054368
0.035686
0.044981
0.045099
0.044994
0.035013
0.043675
0.04247
0.043358
0.04372
0.044508
0.044413
0.04209
0.042021
0.042667
0.043311
0.042186
0.05695
0.056267
0.05553
0.054833
0.053499
0.052794
0.052146
0.03469
0.033662
0.033206
0.033111
0.048147
0.047823
0.054762
0.054109
0.047858
0.032917
0.037957
0.035424
0.045216
0.035594
0.035198
0.04473
0.043159
0.043548
0.044356
0.04381
0.044427
0.043112
0.043215
0.042959
0.043794
0.056774
0.057027
0.056575
0.044413
0.054888
0.051894
0.053374
0.052065
0.03506
0.034107
0.033628
0.033456
0.048334
0.032985
0.047905
0.018253
0.032298
0.03299
0.037366
0.037837
0.0365
0.045152
0.035408
0.035055
0.044692
0.044378
0.035112
0.034752
0.035513
0.03485
0.044052
0.043614
0.043586
0.042857
0.057151
0.056262
0.039447
0.054459
0.052104
0.052675
0.035785
0.035547
0.049562
0.049012
0.048691
0.033659
0.048289
0.033086
0.018396
0.032446
0.032961
0.038959
0.036739
0.035976
0.036343
0.037642
0.037049
0.03595
0.04476
0.044563
0.04467
0.03506
0.034778
0.043684
0.043202
0.042952
0.043009
0.057427
0.056263
0.055726
0.054319
0.052401
0.05348
0.052442
0.051853
0.050167
0.049424
0.033735
0.033917
0.048377
0.032905
0.032785
0.032756
0.047821
0.038792
0.036055
0.045069
0.035508
0.036268
0.036134
0.036453
0.057355
0.044794
0.044669
0.04448
0.043181
0.044221
0.043865
0.043983
0.043438
0.056
0.056834
0.054922
0.054361
0.052484
0.052756
0.052289
0.052414
0.051387
0.049771
0.034246
0.034029
0.033776
0.033124
0.018144
0.032843
0.047765
0.036611
0.045211
0.035301
0.035388
0.035635
0.03549
0.04498
0.057352
0.03506
0.070235
0.044626
0.035011
0.035172
0.034944
0.043755
0.05785
0.057856
0.056415
0.054896
0.053425
0.052708
0.052393
0.052896
0.052053
0.049898
0.049944
0.034824
0.050918
0.033953
0.033238
0.047972
0.047906
0.047668
0.036774
0.035454
0.035325
0.036612
0.037928
0.036517
0.035525
0.035573
0.035102
0.044159
0.044722
0.044654
0.044508
0.034743
0.043335
0.05878
0.057918
0.045849
0.056978
0.055347
0.038672
0.053805
0.054484
0.051238
0.034232
0.035038
0.034949
0.034308
0.033902
0.048853
0.048149
0.048285
0.048011
0.036329
0.015718
0.036099
0.036755
0.016587
0.036132
0.035138
0.035373
0.044946
0.044472
0.044471
0.044658
0.044543
0.044467
0.043903
0.043168
0.043385
0.058195
0.057472
0.056594
0.056145
0.055417
0.043246
0.053173
0.050427
0.051426
0.03514
0.051175
0.049975
0.050682
0.049617
0.048425
0.048005
0.03825
0.037603
0.036775
0.038338
0.036554
0.036085
0.035307
0.043859
0.035172
0.044663
0.043937
0.043552
0.043742
0.043681
0.043591
0.043172
0.043305
0.058074
0.057498
0.055947
0.053823
0.055764
0.054872
0.052532
0.052001
0.051998
0.050909
0.051214
0.051108
0.051346
0.050491
0.048463
0.048193
0.038216
0.039238
0.039099
0.038081
0.016291
0.035554
0.035993
0.044406
0.044149
0.035226
0.044548
0.043902
0.043507
0.043195
0.043626
0.069459
0.043188
0.057169
0.041904
0.05543
0.054621
0.055038
0.054791
0.051928
0.053095
0.052097
0.051298
0.051023
0.049845
0.050514
0.049887
0.048751
0.0485
0.061803
0.038688
0.038216
0.0377
0.037307
0.036158
0.036883
0.035437
0.045035
0.035326
0.04485
0.04442
0.04439
0.043766
0.043354
0.068745
0.043212
0.04208
0.042888
0.041508
0.054183
0.055086
0.053584
0.053815
0.053473
0.042563
0.051967
0.050832
0.049976
0.049584
0.049614
0.048674
0.048195
0.061489
0.037871
0.038955
0.036797
0.036776
0.036145
0.036636
0.036981
0.037747
0.035588
0.036068
0.070523
0.043902
0.043515
0.043725
0.068765
0.043173
0.062815
0.042588
0.054685
0.054487
0.054722
0.054494
0.054424
0.05385
0.053608
0.052679
0.050448
0.04904
0.048905
0.049482
0.049617
0.04968
0.063792
0.039293
0.03705
0.037336
0.037779
0.03797
0.037935
0.038556
0.037345
0.036468
0.056367
0.0564
0.069264
0.044261
0.043785
0.069834
0.067956
0.065409
0.057213
0.054748
0.054587
0.054182
0.053311
0.053854
0.05319
0.05301
0.051213
0.050467
0.049424
0.048926
0.068598
0.051257
0.049631
0.043085
0.042445
0.043411
0.042946
0.043313
0.043591
0.065848
0.060921
0.041571
0.041254
0.041027
0.039824
0.059057
0.05922
0.058432
0.019706
0.056728
0.056186
0.048558
0.055026
0.052495
0.052231
0.074262
0.054461
0.054211
0.054497
0.054709
0.047687
0.048136
0.047674
0.065812
0.066387
0.067853
0.044439
0.04384
0.043036
0.042223
0.04315
0.042128
0.042078
0.060825
0.041369
0.041192
0.054048
0.05302
0.052305
0.058423
0.057613
0.057247
0.050014
0.049521
0.055692
0.054931
0.053112
0.052847
0.051403
0.051967
0.054207
0.054178
0.047946
0.047892
0.047947
0.066324
0.066102
0.066095
0.067845
0.044584
0.043844
0.043058
0.043078
0.042228
0.043086
0.041976
0.041625
0.041066
0.041164
0.04031
0.038942
0.059785
0.058217
0.058497
0.019559
0.049821
0.05649
0.055359
0.05463
0.054473
0.05447
0.05425
0.052973
0.054434
0.054312
0.054926
0.047899
0.047861
0.066113
0.066061
0.066013
0.067115
0.044321
0.04469
0.044171
0.042892
0.041737
0.041474
0.041185
0.041431
0.040661
0.040613
0.040308
0.052488
0.059893
0.058699
0.057655
0.019601
0.019509
0.018921
0.055358
0.055144
0.054623
0.054687
0.055431
0.054398
0.054777
0.054817
0.054387
0.054123
0.047605
0.047419
0.06598
0.065964
0.036333
0.042449
0.044368
0.043842
0.041963
0.041709
0.041252
0.041288
0.040844
0.040583
0.040649
0.052966
0.051913
0.051405
0.058677
0.057495
0.019516
0.019334
0.018937
0.048729
0.048329
0.055238
0.054388
0.05459
0.054361
0.054399
0.054225
0.054146
0.054046
0.047632
0.065945
0.06587
0.065926
0.066042
0.044148
0.034835
0.043309
0.042867
0.042189
0.042025
0.041179
0.040742
0.040403
0.053733
0.040209
0.052576
0.059871
0.051339
0.019871
0.034598
0.019575
0.049346
0.048847
0.048484
0.054594
0.055212
0.048118
0.054336
0.054054
0.054023
0.053359
0.07409
0.065799
0.064906
0.065471
0.065947
0.065708
0.044101
0.043817
0.043465
0.042098
0.042086
0.042136
0.041216
0.040789
0.023603
0.040518
0.040269
0.059455
0.059669
0.051782
0.035583
0.035159
0.050112
0.049363
0.048789
0.048421
0.048302
0.048245
0.048175
0.054341
0.05419
0.05363
0.05395
0.065836
0.06579
0.065849
0.06578
0.065669
0.066259
0.043605
0.043532
0.043019
0.042256
0.042075
0.041805
0.041731
0.041024
0.040704
0.040366
0.040343
0.052364
0.052174
0.052165
0.051488
0.051313
0.050137
0.049409
0.048751
0.04864
0.048299
0.047573
0.04747
0.054801
0.054061
0.054136
0.053862
0.047849
0.065576
0.0739
0.065007
0.07411
0.074484
0.042472
0.043083
0.043405
0.041984
0.041759
0.042195
0.041509
0.040752
0.040796
0.054007
0.052783
0.05282
0.052306
0.052683
0.052266
0.051453
0.050517
0.034044
0.048672
0.04898
0.048453
0.048121
0.054413
0.054319
0.054205
0.054125
0.054559
0.047508
0.047117
0.066056
0.065384
0.074694
0.065586
0.041996
0.043062
0.041817
0.043107
0.042598
0.042343
0.042094
0.041271
0.055228
0.054731
0.053911
0.05307
0.052762
0.052709
0.053818
0.05199
0.050494
0.049402
0.048903
0.048634
0.048539
0.048292
0.054345
0.074399
0.054221
0.047909
0.047237
0.054044
0.065751
0.065507
0.036017
0.036259
0.036055
0.042034
0.0424
0.043066
0.043416
0.043947
0.043556
0.042861
0.041136
0.055706
0.055597
0.055866
0.05448
0.053756
0.0737
0.054045
0.0529
0.052265
0.050328
0.067673
0.04937
0.048545
0.066424
0.05503
0.054577
0.054186
0.047105
0.054718
0.065763
0.066422
0.065875
0.03611
0.036165
0.036199
0.042348
0.043391
0.042993
0.043713
0.043197
0.043115
0.068175
0.064584
0.056982
0.056466
0.056348
0.056336
0.055364
0.055099
0.053916
0.053218
0.052795
0.069883
0.069065
0.068622
0.067462
0.066491
0.048019
0.047781
0.065905
0.054563
0.047517
0.066502
0.065927
0.065392
0.035913
0.035959
0.065858
0.041746
0.043075
0.042354
0.043442
0.044285
0.042825
0.068677
0.067611
0.060659
0.058261
0.05664
0.056685
0.056627
0.04447
0.055571
0.054707
0.052713
0.050943
0.06851
0.067964
0.048555
0.048636
0.066463
0.047864
0.066175
0.047938
0.047369
0.065551
0.065377
0.065792
0.065227
0.064736
0.065581
0.042503
0.043836
0.070265
0.055846
0.068815
0.069638
0.069472
0.094601
0.061271
0.046548
0.046035
0.057552
0.056972
0.045253
0.054097
0.055039
0.053296
0.050625
0.068732
0.068597
0.068173
0.06784
0.066475
0.048232
0.047892
0.047641
0.047869
0.065766
0.065852
0.065722
0.065241
0.054193
0.047641
0.044007
0.044549
0.056591
0.056488
0.068651
0.068318
0.067984
0.06788
0.062801
0.058581
0.04614
0.05705
0.057043
0.055992
0.05555
0.054494
0.073834
0.073231
0.069377
0.068618
0.067629
0.06813
0.066951
0.048424
0.04799
0.066135
0.066049
0.066027
0.066446
0.047773
0.047361
0.047219
0.047631
0.044825
0.043926
0.044378
0.056063
0.069746
0.068446
0.067607
0.0665
0.088245
0.081658
0.081056
0.079886
0.056774
0.05548
0.055051
0.053768
0.054543
0.072847
0.070618
0.070549
0.070061
0.068484
0.067348
0.049142
0.048626
0.048033
0.066464
0.066835
0.066855
0.048065
0.048106
0.047612
0.047593
0.044834
0.043894
0.044678
0.069725
0.069745
0.069574
0.066544
0.066769
0.090608
0.080856
0.080172
0.079942
0.078978
0.044766
0.044295
0.053984
0.054503
0.052888
0.071208
0.072129
0.051242
0.068483
0.048446
0.049279
0.04926
0.049271
0.048119
0.067308
0.066581
0.048861
0.048857
0.048475
0.047994
0.044357
0.044635
0.043539
0.043635
0.04343
0.06757
0.066631
0.068203
0.065602
0.081451
0.079552
0.079683
0.078685
0.056794
0.056165
0.044046
0.054636
0.042794
0.053512
0.057955
0.069696
0.049786
0.049669
0.049441
0.050251
0.049511
0.049392
0.048447
0.048406
0.049204
0.067095
0.04894
0.048651
0.044572
0.044651
0.043579
0.044547
0.044205
0.069842
0.068051
0.067498
0.067624
0.083313
0.079101
0.079318
0.057166
0.046423
0.044949
0.044172
0.043824
0.042992
0.042563
0.05265
0.049792
0.049858
0.050857
0.049736
0.049559
0.050807
0.049083
0.048788
0.049207
0.06693
0.048728
0.048781
0.048653
0.043996
0.044813
0.044747
0.044376
0.070185
0.055965
0.069774
0.055827
0.069568
0.062571
0.058621
0.057347
0.057507
0.056932
0.056225
0.044825
0.054806
0.054321
0.053812
0.05287
0.051102
0.050561
0.050598
0.050485
0.05087
0.051143
0.04927
0.048924
0.048728
0.048865
0.067482
0.048648
0.048551
0.036329
0.035725
0.044804
0.034871
0.056019
0.056851
0.070216
0.069617
0.06974
0.065186
0.059184
0.057571
0.056956
0.045637
0.056391
0.055154
0.055249
0.054607
0.054034
0.052352
0.051406
0.051079
0.052427
0.04157
0.051498
0.050813
0.050518
0.049599
0.048827
0.067814
0.049033
0.047933
0.04822
0.035887
0.035713
0.044656
0.044589
0.044748
0.056027
0.070145
0.05599
0.056697
0.055471
0.048058
0.058588
0.056781
0.057177
0.05617
0.05593
0.054261
0.053845
0.053968
0.052204
0.051913
0.041517
0.041523
0.051806
0.051969
0.052169
0.051125
0.050041
0.049326
0.048497
0.048771
0.04847
0.066343
0.035498
0.035314
0.044492
0.035039
0.03488
0.044469
0.043745
0.056355
0.057041
0.055355
0.061772
0.057641
0.056078
0.057574
0.056685
0.044722
0.055468
0.055168
0.054347
0.043171
0.041846
0.042374
0.042924
0.042835
0.058539
0.059481
0.051167
0.050548
0.049545
0.0493
0.048547
0.048464
0.065784
0.0364
0.035471
0.0354
0.044933
0.044632
0.043942
0.043419
0.070042
0.070006
0.055595
0.065408
0.058623
0.057923
0.045544
0.056074
0.056204
0.055655
0.044339
0.044334
0.043408
0.04354
0.042905
0.044649
0.042782
0.059593
0.043528
0.051748
0.049794
0.049423
0.050003
0.049154
0.048228
0.047771
0.03622
0.035193
0.035437
0.035086
0.035025
0.04385
0.043426
0.04351
0.069739
0.069696
0.067772
0.059796
0.043982
0.042931
0.055144
0.055613
0.044665
0.044561
0.060931
0.044049
0.044527
0.044358
0.045728
0.060928
0.042572
0.041432
0.051696
0.050111
0.05017
0.050613
0.04879
0.066654
0.047791
0.016687
0.044856
0.044929
0.044892
0.044622
0.042417
0.042334
0.043399
0.043029
0.069944
0.043503
0.043521
0.043072
0.043384
0.055884
0.056746
0.046144
0.045611
0.04569
0.045885
0.045809
0.044224
0.063028
0.044371
0.04213
0.042567
0.051206
0.050602
0.049431
0.049262
0.048354
0.047859
0.046968
0.045006
0.043748
0.04462
0.044744
0.044482
0.042342
0.043374
0.043293
0.044245
0.069493
0.069625
0.043588
0.043395
0.057646
0.057765
0.046174
0.047225
0.048305
0.047649
0.046105
0.045511
0.04481
0.044554
0.042959
0.043088
0.04168
0.052017
0.049547
0.048962
0.048754
0.048489
0.047845
0.047649
0.044981
0.044394
0.042951
0.043678
0.044013
0.04249
0.043065
0.044005
0.044002
0.043334
0.043394
0.067628
0.043391
0.057407
0.05788
0.046201
0.049387
0.069125
0.047932
0.047412
0.044457
0.044264
0.045466
0.044369
0.042684
0.052366
0.052066
0.050866
0.049478
0.049295
0.04892
0.047726
0.047613
0.045013
0.044954
0.044307
0.043347
0.044245
0.043683
0.043861
0.04442
0.044303
0.043765
0.04365
0.043213
0.042083
0.043077
0.046763
0.048657
0.04794
0.04873
0.049026
0.046891
0.046435
0.046372
0.045385
0.043878
0.043631
0.0427
0.052356
0.041176
0.049071
0.048909
0.049369
0.047942
0.054726
0.045055
0.04478
0.0451
0.044232
0.044674
0.044859
0.044612
0.043862
0.044604
0.043878
0.043966
0.044239
0.043082
0.04399
0.04695
0.046028
0.047733
0.047924
0.047257
0.049339
0.048905
0.045344
0.04442
0.044695
0.042581
0.041627
0.051289
0.050232
0.050352
0.049031
0.048617
0.047951
0.047712
0.035583
0.044702
0.044951
0.015972
0.016024
0.044061
0.043841
0.044334
0.035726
0.03478
0.043928
0.044143
0.044127
0.043493
0.043367
0.057889
0.046316
0.046294
0.046831
0.0466
0.045947
0.045454
0.044321
0.043149
0.028011
0.03485
0.050847
0.049193
0.049451
0.048264
0.048376
0.047926
0.047574
0.045133
0.044094
0.044546
0.044177
0.015615
0.04335
0.043884
0.035712
0.03584
0.035355
0.043833
0.043605
0.043539
0.043839
0.044216
0.057698
0.045444
0.045786
0.04499
0.04539
0.044761
0.044208
0.043026
0.042071
0.035593
0.049659
0.050367
0.049662
0.049157
0.048539
0.04788
0.047813
0.047149
0.035653
0.045118
0.04504
0.044983
0.016652
0.035785
0.035732
0.036108
0.036384
0.035027
0.043711
0.034781
0.044406
0.044342
0.047614
0.046622
0.047195
0.046489
0.045507
0.045131
0.055082
0.044298
0.043168
0.036083
0.035262
0.051161
0.050399
0.049416
0.049168
0.049475
0.048582
0.048752
0.048718
0.035898
0.035786
0.036286
0.037508
0.036492
0.037172
0.036973
0.038144
0.036841
0.035033
0.034882
0.034809
0.035769
0.035817
0.051186
0.048729
0.04845
0.046148
0.044935
0.044978
0.030093
0.043803
0.043079
0.053439
0.051151
0.05034
0.049797
0.050809
0.049693
0.049485
0.049417
0.04898
0.049109
0.036754
0.036111
0.037855
0.036761
0.037671
0.037461
0.037746
0.039333
0.039161
0.037575
0.035365
0.044306
0.06974
0.035033
0.053857
0.048336
0.047679
0.043545
0.044939
0.039859
0.04434
0.044675
0.043633
0.053509
0.051722
0.050575
0.050993
0.051428
0.049726
0.048805
0.048157
0.048188
0.048231
0.037413
0.038014
0.036866
0.037598
0.03703
0.0379
0.037689
0.038036
0.039178
0.037654
0.036201
0.057842
0.055896
0.056841
0.057126
0.050271
0.046746
0.044085
0.04302
0.040829
0.04459
0.054924
0.054526
0.042624
0.052308
0.051222
0.034466
0.034338
0.049796
0.048829
0.048141
0.047587
0.03307
0.036967
0.036617
0.036916
0.037347
0.038974
0.038919
0.036573
0.036551
0.036433
0.036573
0.057134
0.056476
0.056045
0.057379
0.059229
0.053979
0.044076
0.044076
0.034541
0.032781
0.039451
0.054532
0.054258
0.05322
0.053196
0.05151
0.049938
0.049729
0.048734
0.048456
0.047724
0.032799
0.018513
0.036827
0.036226
0.036252
0.03629
0.036991
0.037751
0.037638
0.037841
0.036406
0.059524
0.059771
0.058181
0.058172
0.057675
0.056277
0.034825
0.035019
0.034696
0.034549
0.042795
0.056023
0.054885
0.053767
0.054296
0.053753
0.051361
0.050115
0.049836
0.0335
0.048913
0.033127
0.032731
0.03281
0.037244
0.037424
0.036927
0.03795
0.037724
0.03831
0.038667
0.037318
0.037102
0.036644
0.059806
0.060527
0.060838
0.059802
0.035004
0.069875
0.065529
0.04394
0.034802
0.045695
0.056443
0.055901
0.044437
0.04358
0.04297
0.053109
0.049891
0.048942
0.048791
0.033604
0.033543
0.033133
0.033046
0.037202
0.038266
0.038013
0.036455
0.036232
0.037244
0.040274
0.038386
0.037193
0.0364
0.059041
0.062344
0.06378
0.063389
0.036095
0.035382
0.055707
0.049429
0.047932
0.043955
0.042199
0.039764
0.055559
0.055141
0.054438
0.053156
0.050704
0.049877
0.049261
0.033922
0.03385
0.033723
0.049548
0.037726
0.038645
0.038039
0.036176
0.036244
0.037816
0.038324
0.038604
0.037257
0.037752
0.036556
0.061969
0.061777
0.061571
0.036052
0.036557
0.0352
0.044393
0.047628
0.046909
0.043388
0.056516
0.055917
0.054462
0.053298
0.052126
0.053034
0.051831
0.050817
0.034257
0.033903
0.03418
0.034689
0.038238
0.038387
0.038938
0.036178
0.036205
0.036749
0.036416
0.036785
0.037493
0.038699
0.037679
0.059788
0.058426
0.061326
0.059128
0.035339
0.057544
0.044363
0.049241
0.058628
0.057476
0.04246
0.055653
0.055428
0.05466
0.052337
0.053485
0.052566
0.050449
0.034334
0.034249
0.034886
0.03509
0.087778
0.083466
0.080174
0.059372
0.081066
0.077718
0.077912
0.063705
0.056146
0.055091
0.053611
0.052606
0.05892
0.058895
0.057817
0.057148
0.056852
0.055463
0.055877
0.055166
0.054724
0.055548
0.055042
0.047764
0.054254
0.054348
0.047806
0.054351
0.074995
0.054169
0.047795
0.047866
0.04802
0.071289
0.087778
0.087065
0.085516
0.082586
0.080806
0.069609
0.063953
0.057366
0.055618
0.053565
0.060209
0.059102
0.058398
0.057862
0.057539
0.056691
0.055897
0.049202
0.055316
0.047591
0.048059
0.047993
0.048192
0.048158
0.054335
0.055133
0.047413
0.054732
0.075252
0.047606
0.047991
0.047892
0.076884
0.088521
0.086923
0.086081
0.083644
0.080885
0.055678
0.065308
0.057879
0.05535
0.053276
0.060621
0.052152
0.058231
0.05783
0.057634
0.057071
0.049614
0.055419
0.055439
0.054765
0.048397
0.048277
0.048169
0.048601
0.048151
0.048086
0.048117
0.047867
0.047734
0.047829
0.047597
0.032794
0.071463
0.063579
0.07084
0.061969
0.0799
0.056455
0.069818
0.063369
0.056237
0.054923
0.053467
0.059643
0.052024
0.051488
0.050383
0.057147
0.056324
0.049422
0.048612
0.055214
0.055267
0.048243
0.048376
0.048302
0.048283
0.048044
0.048072
0.048187
0.047975
0.047756
0.047187
0.047853
0.032695
0.07144
0.063519
0.060837
0.060439
0.058946
0.056331
0.069501
0.064473
0.055979
0.054552
0.053457
0.022838
0.051466
0.051526
0.058691
0.057459
0.049724
0.019179
0.056173
0.047838
0.055229
0.047991
0.0327
0.033099
0.047791
0.047913
0.047618
0.04837
0.047978
0.047861
0.047811
0.04777
0.04783
0.063678
0.063234
0.060767
0.061513
0.057619
0.055835
0.06989
0.064381
0.055994
0.040986
0.040665
0.052483
0.038005
0.051453
0.050738
0.057191
0.049938
0.019154
0.018471
0.054574
0.054563
0.047973
0.048082
0.047319
0.018145
0.055051
0.047187
0.048146
0.047733
0.047865
0.047768
0.047644
0.047732
0.085469
0.063541
0.064358
0.059811
0.057401
0.055612
0.069173
0.06434
0.056405
0.054934
0.040714
0.039521
0.037833
0.02032
0.055852
0.056969
0.049628
0.019135
0.018879
0.018328
0.047483
0.018523
0.054767
0.054844
0.054104
0.05403
0.047897
0.054726
0.054095
0.047597
0.047625
0.047379
0.047729
0.062558
0.061293
0.063109
0.05824
0.057612
0.055836
0.068034
0.064634
0.056162
0.055584
0.054436
0.039719
0.037874
0.020304
0.019815
0.019708
0.019133
0.018878
0.018512
0.018273
0.018179
0.054582
0.054985
0.054303
0.047605
0.054264
0.054622
0.047575
0.053986
0.05392
0.047418
0.047883
0.047866
0.061406
0.059686
0.062004
0.084703
0.060899
0.057606
0.069895
0.066888
0.058701
0.056819
0.054856
0.05298
0.03806
0.036151
0.035511
0.049771
0.056554
0.018774
0.033239
0.032871
0.018488
0.054457
0.047752
0.047976
0.055117
0.047778
0.054673
0.054567
0.047317
0.04734
0.047671
0.047693
0.047491
0.061676
0.062088
0.0635
0.087598
0.061075
0.059167
0.058847
0.057994
0.047595
0.058292
0.055067
0.040076
0.038302
0.036217
0.035638
0.019918
0.019481
0.018833
0.018704
0.033154
0.018268
0.018332
0.04803
0.048052
0.05476
0.055072
0.054057
0.047712
0.032687
0.047739
0.047747
0.047705
0.04745
0.062843
0.064025
0.064995
0.061143
0.059438
0.059199
0.058357
0.057368
0.050531
0.04729
0.05601
0.054432
0.039045
0.036587
0.036149
0.034905
0.019318
0.018794
0.018525
0.018689
0.018381
0.048044
0.033113
0.047458
0.054822
0.054724
0.047589
0.047528
0.047927
0.03279
0.048133
0.048114
0.047651
0.053782
0.052073
0.062408
0.083904
0.061
0.059599
0.05755
0.055899
0.049549
0.046847
0.056375
0.055397
0.053669
0.036664
0.03593
0.034974
0.034259
0.034105
0.033593
0.018482
0.033072
0.048223
0.048226
0.047883
0.048025
0.047916
0.047448
0.047837
0.048457
0.048921
0.048453
0.047694
0.047666
0.052558
0.06444
0.063144
0.061202
0.060705
0.060236
0.06088
0.060286
0.050251
0.047307
0.056404
0.054382
0.05404
0.052366
0.036169
0.035407
0.050086
0.034537
0.033683
0.033179
0.048325
0.048408
0.04818
0.048488
0.048536
0.048059
0.047861
0.04795
0.047895
0.048788
0.049008
0.048253
0.047779
0.064833
0.061631
0.063199
0.062174
0.059799
0.061273
0.062508
0.061393
0.051323
0.048094
0.057335
0.054807
0.053968
0.052845
0.036125
0.035698
0.050757
0.034269
0.033753
0.033263
0.033125
0.033033
0.048045
0.048104
0.048433
0.048063
0.047905
0.047958
0.04873
0.048674
0.048442
0.048631
0.048408
0.054985
0.061424
0.062832
0.061128
0.037251
0.060601
0.064377
0.060873
0.053477
0.047823
0.047404
0.057091
0.0554
0.053181
0.036438
0.036047
0.035633
0.035077
0.033864
0.033164
0.018306
0.018219
0.018326
0.048069
0.048135
0.048614
0.033255
0.047988
0.048315
0.047869
0.048289
0.04858
0.048618
0.053938
0.052541
0.051453
0.063106
0.062138
0.061033
0.063139
0.063186
0.055327
0.047518
0.046145
0.045783
0.055272
0.053379
0.037254
0.036238
0.036016
0.035222
0.034445
0.033284
0.033016
0.03314
0.033265
0.049128
0.049201
0.048745
0.033085
0.032986
0.033113
0.048133
0.048743
0.048328
0.047677
0.057144
0.053066
0.054907
0.06141
0.060358
0.061432
0.058472
0.058376
0.054757
0.047454
0.047663
0.046605
0.056269
0.040209
0.038073
0.0363
0.035888
0.035416
0.034858
0.033587
0.033424
0.03322
0.049565
0.049109
0.033578
0.033522
0.048371
0.049266
0.049022
0.048195
0.032781
0.048433
0.048724
0.055876
0.078204
0.054033
0.052364
0.063093
0.061478
0.059587
0.058015
0.068754
0.04828
0.04369
0.057829
0.056312
0.041524
0.038752
0.036904
0.035934
0.035198
0.034648
0.034284
0.033907
0.034197
0.034213
0.033976
0.033583
0.033411
0.033507
0.049227
0.04883
0.033057
0.048465
0.050204
0.050127
0.058129
0.080352
0.057008
0.055722
0.064531
0.064424
0.063221
0.057793
0.058191
0.049716
0.058605
0.043064
0.042785
0.041203
0.038571
0.036637
0.035552
0.035923
0.035366
0.034162
0.033829
0.033962
0.033994
0.034126
0.034108
0.03361
0.033261
0.048923
0.048409
0.047879
0.048678
0.050222
0.050283
0.057299
0.055073
0.054789
0.065005
0.051978
0.064475
0.060652
0.05914
0.05721
0.064756
0.058895
0.058021
0.041572
0.04088
0.039197
0.036656
0.03613
0.036161
0.036355
0.035389
0.034931
0.034473
0.033983
0.034192
0.035098
0.034919
0.033442
0.03303
0.047907
0.033147
0.048183
0.048925
0.049098
0.059646
0.0823
0.053856
0.052
0.054476
0.064818
0.062876
0.063205
0.059148
0.055218
0.047829
0.057939
0.043194
0.055856
0.039144
0.036877
0.036757
0.037479
0.036891
0.035662
0.034567
0.034193
0.034417
0.033366
0.034149
0.033848
0.03371
0.048266
0.047676
0.032939
0.048378
0.033049
0.048438
0.056207
0.055809
0.081513
0.075437
0.051942
0.064693
0.064428
0.064709
0.060808
0.058441
0.051088
0.048159
0.057988
0.055981
0.055013
0.054516
0.037822
0.037195
0.036668
0.036526
0.035211
0.033987
0.033963
0.034091
0.034216
0.034101
0.033742
0.033235
0.033066
0.032871
0.048138
0.047765
0.032688
0.039415
0.039361
0.055877
0.05483
0.053713
0.052432
0.064553
0.087192
0.061598
0.058757
0.052494
0.048075
0.058217
0.056723
0.056194
0.056398
0.038877
0.037956
0.036956
0.03628
0.034868
0.034416
0.035054
0.034247
0.034223
0.034967
0.033575
0.048052
0.0479
0.032735
0.047789
0.04716
0.032414
0.059635
0.036879
0.05587
0.033361
0.064882
0.051956
0.053546
0.074347
0.061213
0.060156
0.054427
0.048289
0.047518
0.057571
0.057177
0.056551
0.055489
0.037933
0.036737
0.036812
0.037012
0.035346
0.034321
0.03388
0.034584
0.034556
0.034634
0.048535
0.047993
0.047887
0.0328
0.032815
0.03252
0.059801
0.034892
0.034989
0.034198
0.064542
0.063165
0.064354
0.053592
0.063336
0.059248
0.056799
0.049226
0.046789
0.045935
0.057144
0.056521
0.038781
0.038054
0.038073
0.037612
0.036492
0.035467
0.034352
0.033914
0.033742
0.033614
0.033572
0.048083
0.047623
0.032299
0.047737
0.018079
0.032297
0.036591
0.034486
0.032363
0.032571
0.031925
0.063842
0.053561
0.052775
0.05133
0.061763
0.059342
0.050743
0.047051
0.0579
0.043419
0.040797
0.037912
0.038306
0.037697
0.037947
0.036209
0.035439
0.035359
0.033901
0.033545
0.033519
0.033085
0.032988
0.018332
0.018079
0.017271
0.01698
0.017987
0.024097
0.037048
0.034074
0.034004
0.033076
0.063669
0.063496
0.05228
0.05176
0.062865
0.061856
0.056123
0.048209
0.057961
0.043863
0.042673
0.039211
0.038936
0.037627
0.037838
0.036517
0.035804
0.035296
0.033954
0.033223
0.033129
0.033045
0.032701
0.018046
0.017986
0.017982
0.017928
0.053929
0.023526
0.037005
0.034925
0.03414
0.033252
0.054075
0.052464
0.051633
0.063543
0.062898
0.061348
0.058594
0.050149
0.046925
0.044125
0.045436
0.040289
0.038297
0.038591
0.0024787
0.035394
0.035145
0.035172
0.0341
0.033298
0.033042
0.032703
0.032454
0.018129
0.018044
0.018061
0.017966
0.04768
0.023688
0.03752
0.034192
0.034895
0.059223
0.058147
0.054566
0.064376
0.061537
0.062358
0.06283
0.060824
0.051775
0.048052
0.044064
0.03401
0.041092
0.039277
0.038006
0.037028
0.035504
0.034691
0.03433
0.033733
0.033331
0.033052
0.018131
0.018211
0.032885
0.032716
0.018072
0.018049
0.03272
0.037753
0.037223
0.033173
0.035404
0.036956
0.037032
0.056539
0.064458
0.061458
0.060723
0.061399
0.060888
0.055586
0.035024
0.043994
0.042567
0.041682
0.031549
0.039238
0.037826
0.036088
0.035111
0.034154
0.033531
0.033128
0.018628
0.018463
0.018267
0.032977
0.018344
0.018323
0.032855
0.032874
0.024363
0.037107
0.035019
0.036082
0.037478
0.037198
0.034102
0.064711
0.039086
0.063326
0.063187
0.060558
0.036571
0.035172
0.043049
0.043675
0.041651
0.041122
0.038924
0.038673
0.038041
0.035559
0.0017792
0.0015294
0.0014213
0.032961
0.032863
0.033003
0.03276
0.032859
0.032976
0.032798
0.032623
0.036892
0.035583
0.035866
0.023839
0.035937
0.0358
0.035774
0.03249
0.037867
0.063014
0.06295
0.06044
0.037104
0.035124
0.043998
0.043873
0.042028
0.041011
0.03921
0.038282
0.037637
0.035047
0.0016958
0.0015775
0.0014751
0.0014233
0.03316
0.033107
0.03314
0.033007
0.033126
0.0329
0.032653
0.034615
0.036744
0.036028
0.035342
0.035426
0.034084
0.034853
0.032538
0.063814
0.064606
0.061622
0.037357
0.036094
0.034515
0.044341
0.043979
0.042619
0.041296
0.039075
0.036781
0.036155
0.035571
0.034385
0.0016324
0.0016246
0.033958
0.0014241
0.0014287
0.033408
0.033166
0.032981
0.032837
0.018081
0.036372
0.03628
0.034301
0.032197
0.034062
0.034114
0.034827
0.033983
0.041197
0.040027
0.039247
0.037276
0.036911
0.035933
0.034621
0.043852
0.043624
0.042017
0.0034175
0.0027438
0.036781
0.036248
0.035323
0.03447
0.03357
0.033726
0.0015281
0.03347
0.033256
0.033122
0.033097
0.032949
0.032692
0.032947
0.032494
0.036231
0.03426
0.033695
0.034583
0.03308
0.032272
0.032749
0.040771
0.040981
0.031839
0.037129
0.036074
0.03497
0.043357
0.043274
0.042908
0.041623
0.002989
0.0027863
0.0023707
0.035584
0.034705
0.03405
0.034033
0.0016751
0.033878
0.033673
0.033114
0.033359
0.032952
0.032651
0.035548
0.034431
0.032851
0.032223
0.055061
0.03242
0.041168
0.032196
0.033077
0.041202
0.033945
0.032342
0.038615
0.036776
0.035991
0.034558
0.044104
0.043182
0.042897
0.040588
0.0026018
0.036602
0.036007
0.03532
0.0018831
0.033891
0.03392
0.033933
0.034028
0.033517
0.033506
0.033172
0.03298
0.03602
0.032606
0.032535
0.040392
0.032339
0.032399
0.064989
0.053866
0.041023
0.054834
0.052047
0.040917
0.04038
0.039269
0.037154
0.036116
0.036388
0.035105
0.033912
0.04177
0.038557
0.0028555
0.0378
0.036432
0.0019503
0.034211
0.034177
0.033944
0.034278
0.034129
0.033766
0.033339
0.033035
0.03447
0.032701
0.034407
0.041516
0.040287
0.041218
0.038594
0.039037
0.038906
0.039206
0.038444
0.039191
0.038441
0.037487
0.037603
0.036497
0.037878
0.035826
0.035186
0.042788
0.04013
0.038957
0.002865
0.037544
0.0023389
0.035037
0.034572
0.034808
0.033701
0.034086
0.033827
0.033624
0.033303
0.011587
0.016605
0.032192
0.041503
0.041039
0.041466
0.038995
0.039039
0.038541
0.038665
0.03945
0.041061
0.038185
0.037442
0.035849
0.037118
0.038143
0.036807
0.035705
0.034658
0.0039579
0.03977
0.038629
0.029711
0.037627
0.036529
0.034833
0.034437
0.034894
0.034275
0.033446
0.033431
0.034017
0.011634
0.011674
0.03244
0.034497
0.041338
0.0338
0.041323
0.032878
0.04088
0.040287
0.038951
0.03995
0.038998
0.040701
0.038378
0.037305
0.037046
0.036504
0.037804
0.03687
0.035935
0.032891
0.030561
0.038652
0.0026073
0.037101
0.03701
0.035891
0.035203
0.034234
0.03427
0.033843
0.034083
0.011931
0.032276
0.033765
0.032625
0.041581
0.04124
0.055124
0.052348
0.03968
0.064144
0.040022
0.061074
0.040838
0.040682
0.038405
0.038949
0.037659
0.037489
0.037026
0.034529
0.034988
0.03343
0.031277
0.030795
0.0028376
0.037656
0.036654
0.035001
0.035022
0.034348
0.034174
0.034015
0.03345
0.012836
0.013116
0.03754
0.03606
0.032905
0.040713
0.032638
0.052202
0.041283
0.032299
0.041085
0.061987
0.064824
0.039257
0.040883
0.038533
0.036553
0.036589
0.034972
0.043885
0.03499
0.034679
0.032672
0.03049
0.0028539
0.037554
0.036403
0.0019551
0.035439
0.034086
0.034255
0.033914
0.03339
0.004623
0.0044997
0.0045442
0.043691
0.0039615
0.04132
0.040737
0.040757
0.04136
0.041268
0.039853
0.040271
0.039076
0.037374
0.036712
0.035975
0.035548
0.050669
0.050073
0.050438
0.049999
0.049864
0.048928
0.048878
0.033273
0.033253
0.033057
0.018936
0.032651
0.018629
0.047208
0.018929
0.019193
0.013347
0.0047407
0.0044615
0.0042511
0.0038825
0.041046
0.040858
0.041151
0.041558
0.041113
0.040675
0.039471
0.038646
0.036746
0.035998
0.035873
0.035324
0.034962
0.050807
0.050299
0.04947
0.049089
0.048365
0.033563
0.033503
0.033045
0.032997
0.032881
0.018473
0.018307
0.018375
0.01882
0.019168
0.0046947
0.0046186
0.0043893
0.0043551
0.0040772
0.041442
0.040779
0.041169
0.040888
0.040772
0.023863
0.023162
0.038075
0.051567
0.035574
0.035356
0.034884
0.05065
0.049825
0.049539
0.049454
0.048567
0.048459
0.048319
0.048167
0.032434
0.032759
0.032749
0.018026
0.016711
0.017152
0.017113
0.017436
0.0047113
0.0044118
0.0044771
0.0043263
0.0038978
0.0036413
0.041231
0.04128
0.041186
0.04037
0.024318
0.023267
0.022611
0.02111
0.020523
0.03505
0.034803
0.0345
0.034439
0.049253
0.049364
0.049348
0.048316
0.048407
0.033089
0.032992
0.01895
0.017702
0.017007
0.016835
0.016747
0.0167
0.016834
0.0047362
0.0043969
0.043477
0.041843
0.0038047
0.041208
0.040853
0.040801
0.041045
0.040577
0.04027
0.02365
0.022356
0.020936
0.020533
0.020507
0.035177
0.034317
0.049439
0.048821
0.049407
0.033889
0.033451
0.049178
0.033358
0.047823
0.01882
0.018421
0.016885
0.016505
0.016717
0.016946
0.016627
0.044623
0.043831
0.04331
0.042284
0.0039637
0.041256
0.041334
0.041646
0.040741
0.040363
0.040297
0.023771
0.022409
0.036317
0.035387
0.035091
0.034701
0.034214
0.033845
0.033507
0.034231
0.034256
0.049484
0.049571
0.048264
0.032825
0.017515
0.016956
0.016977
0.016573
0.016583
0.017078
0.016731
0.044133
0.044424
0.043814
0.043666
0.041862
0.041714
0.041712
0.042034
0.041331
0.040452
0.040587
0.03988
0.037955
0.036105
0.035687
0.03528
0.035266
0.049663
0.03429
0.033418
0.033838
0.049747
0.049227
0.048898
0.048483
0.047879
0.018977
0.017152
0.017143
0.016824
0.016987
0.01688
0.016906
0.044264
0.044367
0.04331
0.043288
0.041933
0.041569
0.04177
0.041599
0.041208
0.040783
0.040798
0.040202
0.038337
0.036357
0.036207
0.035669
0.035431
0.049993
0.049226
0.048606
0.048786
0.049238
0.049371
0.048226
0.048646
0.048444
0.018992
0.017704
0.017968
0.016966
0.016875
0.016641
0.017157
0.044846
0.044527
0.043504
0.043006
0.042044
0.041719
0.041714
0.041682
0.041979
0.041808
0.041026
0.040994
0.038775
0.037038
0.037006
0.035808
0.035379
0.049836
0.048744
0.048478
0.049095
0.049443
0.050096
0.048876
0.033483
0.048177
0.01851
0.017717
0.017464
0.016815
0.016688
0.016799
0.017042
0.044605
0.043858
0.043612
0.042011
0.041332
0.041309
0.041652
0.042684
0.041991
0.041917
0.041498
0.042067
0.039288
0.037623
0.036884
0.037227
0.051342
0.050875
0.049441
0.049186
0.049977
0.049209
0.048307
0.048868
0.048385
0.047975
0.032789
0.054973
0.017575
0.018232
0.017401
0.0173
0.017172
0.043478
0.044021
0.04259
0.042285
0.041488
0.041657
0.041587
0.041825
0.041988
0.042598
0.042714
0.041141
0.039905
0.038166
0.037557
0.037025
0.052749
0.053396
0.051438
0.049892
0.0511
0.050825
0.049516
0.04956
0.048582
0.04854
0.033204
0.032717
0.018574
0.018392
0.017407
0.01735
0.017309
0.043925
0.043149
0.043021
0.041574
0.041449
0.041354
0.04124
0.041619
0.042709
0.058068
0.04355
0.041854
0.04096
0.038732
0.036971
0.053571
0.052904
0.052407
0.052646
0.050052
0.050661
0.051395
0.051695
0.033934
0.033722
0.033358
0.033475
0.032866
0.032551
0.032719
0.018426
0.018398
0.01737
0.044437
0.042067
0.043517
0.041941
0.066095
0.065165
0.065459
0.065616
0.059833
0.057095
0.057115
0.042019
0.041317
0.038835
0.054086
0.036456
0.053909
0.052168
0.051529
0.049919
0.050652
0.05165
0.051916
0.034939
0.034217
0.03393
0.033847
0.03382
0.033014
0.032434
0.032285
0.018696
0.017797
0.04366
0.043375
0.042454
0.042323
0.065727
0.065618
0.065245
0.065902
0.05977
0.055924
0.055836
0.056243
0.055439
0.053677
0.053507
0.053946
0.054396
0.053279
0.0513
0.050745
0.051494
0.05202
0.051651
0.034941
0.048819
0.034618
0.033498
0.033586
0.033218
0.033062
0.032536
0.018471
0.017147
0.03501
0.04459
0.043837
0.043056
0.041823
0.066079
0.040907
0.065436
0.061368
0.057338
0.0578
0.054706
0.054968
0.054476
0.053845
0.053631
0.053015
0.052856
0.052046
0.052166
0.034932
0.035096
0.050996
0.034296
0.049584
0.033918
0.033551
0.033085
0.033342
0.033196
0.032627
0.018406
0.017555
0.058245
0.04457
0.044298
0.069812
0.042972
0.066121
0.06575
0.065986
0.062951
0.056291
0.056293
0.054449
0.055286
0.055395
0.053184
0.053912
0.052783
0.052302
0.052611
0.035769
0.034336
0.035099
0.03505
0.035106
0.049524
0.033547
0.048892
0.048853
0.033004
0.033466
0.032688
0.018391
0.017283
0.070509
0.07046
0.056966
0.044297
0.068234
0.067487
0.066541
0.066753
0.065763
0.05621
0.055607
0.041417
0.041761
0.055911
0.054708
0.053445
0.05207
0.052126
0.052935
0.035697
0.03491
0.036023
0.03518
0.050206
0.033178
0.033407
0.032924
0.032892
0.032938
0.033222
0.032765
0.018298
0.018178
0.044809
0.044809
0.035853
0.070464
0.069155
0.068929
0.067579
0.067488
0.067277
0.058209
0.05542
0.055223
0.033978
0.040909
0.054869
0.051937
0.052082
0.052417
0.052688
0.052781
0.035931
0.035726
0.036191
0.035191
0.034015
0.033036
0.032891
0.019054
0.018547
0.032541
0.032775
0.03254
0.018184
0.044594
0.058016
0.056439
0.057209
0.069935
0.06929
0.055705
0.06989
0.068937
0.060654
0.041943
0.043757
0.042155
0.040331
0.05403
0.037069
0.053903
0.037747
0.037527
0.029393
0.028548
0.036045
0.035675
0.035026
0.033199
0.032981
0.032409
0.018643
0.018426
0.032209
0.018351
0.018179
0.017134
0.035495
0.035095
0.035306
0.057128
0.035519
0.05739
0.056894
0.057355
0.06942
0.062403
0.041887
0.042863
0.043187
0.041383
0.039797
0.038275
0.04368
0.038118
0.029917
0.030654
0.028291
0.036298
0.035949
0.034069
0.033202
0.032992
0.019183
0.018442
0.018461
0.018534
0.017221
0.016782
0.017742
0.037131
0.036302
0.035375
0.056631
0.07045
0.070263
0.057117
0.06959
0.069451
0.043495
0.04269
0.042881
0.043096
0.041908
0.039347
0.038673
0.038702
0.043281
0.029208
0.029745
0.029338
0.035723
0.034844
0.034734
0.033619
0.033012
0.018948
0.018457
0.018642
0.032699
0.01707
0.016616
0.016852
0.037574
0.060115
0.056501
0.057931
0.05703
0.056908
0.055945
0.06875
0.068303
0.044053
0.044325
0.043927
0.043982
0.041713
0.04088
0.039133
0.038913
0.054717
0.04386
0.029467
0.029264
0.034926
0.034089
0.034109
0.033983
0.033005
0.032455
0.032453
0.032693
0.018439
0.018289
0.016897
0.016774
0.060622
0.037518
0.036903
0.037637
0.059064
0.058323
0.055763
0.068336
0.04355
0.04344
0.063663
0.058157
0.043719
0.042444
0.041406
0.039318
0.038867
0.030208
0.038071
0.037302
0.028777
0.035023
0.034316
0.033388
0.033746
0.033049
0.032959
0.032841
0.018453
0.018401
0.017427
0.016709
0.053622
0.039091
0.038716
0.038768
0.037623
0.058967
0.057355
0.069479
0.069
0.067991
0.04266
0.043537
0.047252
0.044167
0.043462
0.041501
0.039511
0.038289
0.038122
0.038081
0.029769
0.036953
0.036375
0.03518
0.034258
0.033741
0.033348
0.03301
0.032967
0.047823
0.047583
0.018265
0.053772
0.047387
0.040336
0.037648
0.037526
0.037368
0.03624
0.044748
0.069979
0.044549
0.043237
0.043102
0.043933
0.04395
0.042874
0.04336
0.041065
0.039536
0.03732
0.036765
0.037701
0.037653
0.036902
0.036678
0.035568
0.035463
0.034218
0.048897
0.033165
0.032983
0.047859
0.047307
0.047545
0.047729
0.048871
0.040136
0.037308
0.035893
0.036691
0.036374
0.035583
0.035522
0.034925
0.056345
0.044272
0.044203
0.043201
0.043028
0.04379
0.043138
0.04178
0.038089
0.037672
0.037103
0.036815
0.035613
0.035866
0.035957
0.050934
0.049632
0.033414
0.048707
0.033329
0.048047
0.047796
0.047879
0.048592
0.048411
0.038113
0.038131
0.035896
0.035454
0.036322
0.036134
0.035664
0.044338
0.044502
0.044236
0.035663
0.044314
0.034461
0.044213
0.042811
0.041337
0.039574
0.037769
0.036649
0.037204
0.036674
0.036753
0.03548
0.035525
0.034259
0.033028
0.048231
0.048051
0.048555
0.048401
0.047948
0.048795
0.047914
0.038871
0.040138
0.040334
0.03736
0.035753
0.035766
0.035301
0.035055
0.044293
0.044502
0.035771
0.034667
0.035111
0.044278
0.043659
0.04278
0.04046
0.038523
0.037379
0.036902
0.037094
0.036016
0.035959
0.034249
0.033625
0.033558
0.033482
0.047997
0.048096
0.048138
0.047971
0.048314
0.048852
0.040832
0.039536
0.038311
0.038462
0.037453
0.036376
0.044691
0.04466
0.034782
0.035759
0.03539
0.035913
0.034956
0.044066
0.035671
0.043625
0.033218
0.031067
0.038773
0.037312
0.036506
0.036628
0.035664
0.033828
0.033671
0.033493
0.033107
0.047954
0.033168
0.048549
0.047947
0.048899
0.049274
0.038399
0.038286
0.037651
0.040833
0.037806
0.036174
0.035054
0.035155
0.044624
0.036383
0.037766
0.036765
0.034662
0.043388
0.04398
0.042897
0.042332
0.040433
0.030459
0.038663
0.03705
0.036135
0.034888
0.034149
0.033689
0.033658
0.033551
0.033315
0.033683
0.049175
0.048414
0.049207
0.033683
0.04156
0.039997
0.014184
0.037387
0.036462
0.03703
0.03567
0.035885
0.034945
0.03574
0.037751
0.035142
0.034686
0.043965
0.043531
0.043951
0.043168
0.041251
0.039073
0.038581
0.037879
0.036924
0.035144
0.034662
0.033919
0.03429
0.033947
0.033904
0.033584
0.048497
0.049441
0.04939
0.033573
0.039334
0.038613
0.036751
0.036694
0.03739
0.03847
0.037719
0.036441
0.034974
0.035675
0.035464
0.036781
0.036717
0.034985
0.044169
0.043876
0.0044377
0.033025
0.038951
0.038016
0.038394
0.036879
0.036295
0.034949
0.034973
0.034917
0.034208
0.033694
0.049084
0.049289
0.048877
0.048575
0.033592
0.041411
0.032452
0.040512
0.040573
0.039324
0.040445
0.040216
0.038856
0.038738
0.036594
0.035566
0.01307
0.036587
0.036776
0.013225
0.013211
0.012685
0.0041784
0.00341
0.0031827
0.0029059
0.037059
0.037125
0.036964
0.028167
0.036165
0.035098
0.033894
0.033186
0.032996
0.048054
0.033
0.033318
0.0329
0.034477
0.035072
0.03666
0.03443
0.033487
0.04113
0.040038
0.039386
0.037407
0.0356
0.036941
0.013509
0.013769
0.013546
0.036603
0.035641
0.034756
0.011858
0.010826
0.010477
0.038276
0.029277
0.029489
0.028502
0.028047
0.035673
0.033867
0.033438
0.033224
0.033098
0.033124
0.033012
0.032962
0.034421
0.035132
0.03573
0.035492
0.033606
0.041171
0.039393
0.038775
0.013699
0.035848
0.013488
0.014247
0.014255
0.013924
0.038119
0.036951
0.036473
0.034317
0.033455
0.031566
0.030021
0.029388
0.029428
0.02992
0.029123
0.036049
0.034592
0.03322
0.034211
0.033989
0.034074
0.034043
0.034651
0.035422
0.035179
0.035117
0.034223
0.032449
0.039108
0.038429
0.03769
0.036555
0.036232
0.037299
0.037221
0.039736
0.039073
0.038323
0.036012
0.036673
0.03492
0.012417
0.031858
0.031189
0.030089
0.029637
0.029757
0.029198
0.028281
0.035134
0.03416
0.034248
0.034148
0.034587
0.035337
0.037653
0.036792
0.035205
0.037104
0.03442
0.040225
0.037886
0.03819
0.038702
0.037457
0.035855
0.012984
0.036029
0.038267
0.038416
0.038132
0.038138
0.014026
0.036606
0.013128
0.033609
0.032612
0.032056
0.030406
0.029925
0.030596
0.029246
0.036123
0.035511
0.034769
0.034232
0.034968
0.035044
0.036305
0.03689
0.037335
0.036315
0.033969
0.032559
0.041009
0.038132
0.039329
0.038334
0.037639
0.03759
0.037894
0.037813
0.036525
0.036122
0.040241
0.037919
0.039158
0.037267
0.035066
0.034135
0.035207
0.031966
0.031097
0.030504
0.030365
0.029561
0.027864
0.035061
0.034867
0.035006
0.035082
0.024322
0.023691
0.024254
0.036505
0.032571
0.033643
0.03513
0.040401
0.039472
0.037722
0.039947
0.039176
0.040912
0.040746
0.039699
0.03788
0.039679
0.036983
0.038154
0.037113
0.03526
0.034128
0.034813
0.032597
0.032367
0.030944
0.030737
0.029948
0.03629
0.035527
0.03547
0.035696
0.035939
0.025973
0.024778
0.046405
0.024286
0.036087
0.034975
0.057402
0.035025
0.033581
0.032339
0.032505
0.033008
0.033902
0.033722
0.031489
0.039654
0.014716
0.037329
0.038015
0.036469
0.037164
0.036749
0.035234
0.034126
0.033999
0.032711
0.030843
0.029504
0.028786
0.036265
0.035924
0.041275
0.028952
0.026015
0.025238
0.024916
0.023617
0.038194
0.033478
0.035481
0.0362
0.034168
0.056881
0.034202
0.03486
0.033152
0.034564
0.033153
0.03233
0.040453
0.038414
0.037611
0.03773
0.037228
0.037139
0.035601
0.034542
0.03504
0.03467
0.030272
0.029894
0.02974
0.027971
0.02798
0.028077
0.028491
0.026608
0.025733
0.025073
0.024871
0.024354
0.037341
0.03762
0.036079
0.056152
0.056322
0.059241
0.023645
0.037028
0.036098
0.035577
0.032083
0.031545
0.038845
0.038165
0.0366
0.036525
0.037074
0.035977
0.027633
0.027014
0.026745
0.031508
0.031097
0.03057
0.029132
0.028202
0.036262
0.028215
0.024496
0.0238
0.036037
0.036484
0.023037
0.037423
0.036134
0.034004
0.034182
0.033043
0.033742
0.035338
0.035121
0.03315
0.040287
0.03887
0.029087
0.02991
0.026444
0.027858
0.029562
0.027522
0.0456
0.044745
0.043405
0.040463
0.05208
0.04425
0.070369
0.052787
0.051694
0.048846
0.049321
0.055863
0.025394
0.02433
0.023135
0.036536
0.036004
0.034927
0.033694
0.034579
0.036996
0.036761
0.035826
0.034677
0.052758
0.019868
0.029649
0.03108
0.030734
0.02902
0.029718
0.045785
0.047088
0.026892
0.044324
0.041712
0.05108
0.046393
0.054355
0.044069
0.05339
0.054118
0.052137
0.05161
0.056804
0.024482
0.025901
0.024257
0.023208
0.034921
0.034254
0.035892
0.034115
0.037055
0.035109
0.035309
0.034201
0.040332
0.030809
0.029892
0.031265
0.030623
0.046679
0.035409
0.047162
0.047924
0.048983
0.045101
0.041944
0.050909
0.046273
0.05402
0.070364
0.070183
0.052578
0.053495
0.052214
0.057525
0.056326
0.023216
0.037374
0.022998
0.023153
0.034328
0.035529
0.036831
0.024118
0.035699
0.035394
0.040919
0.043379
0.040408
0.052016
0.050802
0.037134
0.04967
0.046648
0.04112
0.040802
0.048879
0.045699
0.055968
0.061786
0.058578
0.053644
0.070211
0.052125
0.052837
0.0499
0.052593
0.0566
0.055858
0.036647
0.024406
0.023833
0.03659
0.0346
0.034296
0.023005
0.040089
0.038789
0.040283
0.03971
0.047553
0.045211
0.064426
0.050591
0.049881
0.036428
0.037312
0.05971
0.060545
0.041595
0.035476
0.055261
0.039159
0.058813
0.04435
0.070985
0.056721
0.053012
0.069399
0.052055
0.024593
0.023731
0.023881
0.024454
0.037508
0.03614
0.036092
0.035945
0.040083
0.037684
0.036843
0.038833
0.03888
0.041854
0.031079
0.063858
0.049132
0.048766
0.060978
0.0442
0.046902
0.059648
0.045773
0.040462
0.046544
0.058819
0.058763
0.058091
0.058634
0.060695
0.058507
0.057118
0.053009
0.067806
0.055092
0.052313
0.056703
0.052807
0.023019
0.023573
0.048034
0.039373
0.039659
0.046558
0.046123
0.047489
0.035415
0.028598
0.043363
0.062243
0.041062
0.047205
0.059338
0.047965
0.058034
0.043836
0.044968
0.058166
0.058761
0.058243
0.058657
0.033994
0.031782
0.05847
0.05768
0.069837
0.057739
0.05533
0.055036
0.066484
0.055444
0.058504
0.050752
0.049333
0.042198
0.059848
0.042268
0.04597
0.032709
0.018306
0.032713
0.045156
0.043302
0.042629
0.048894
0.060112
0.056632
0.050531
0.040549
0.045324
0.05831
0.058786
0.057719
0.05862
0.064365
0.053144
0.057548
0.057439
0.052425
0.056195
0.059167
0.056499
0.045365
0.056522
0.054733
0.06412
0.061068
0.039154
0.037351
0.039465
0.026971
0.025444
0.018277
0.033217
0.046164
0.044602
0.042573
0.060868
0.057149
0.057612
0.045527
0.045538
0.046125
0.058838
0.058535
0.057805
0.064674
0.047461
0.04415
0.057758
0.056607
0.056629
0.044876
0.049801
0.068149
0.068056
0.046269
0.06372
0.041113
0.041558
0.02134
0.017051
0.026812
0.01919
0.033534
0.057134
0.036314
0.056054
0.045143
0.043972
0.035278
0.055581
0.054947
0.04544
0.043555
0.045063
0.058685
0.058552
0.044611
0.045025
0.058552
0.058482
0.058438
0.057532
0.057598
0.043132
0.048466
0.042559
0.045813
0.046278
0.051223
0.039254
0.030879
0.021916
0.017263
0.015519
0.026672
0.023498
0.015308
0.023495
0.035684
0.037477
0.037042
0.034279
0.043806
0.052636
0.046293
0.044872
0.060641
0.059263
0.058746
0.059318
0.030612
0.058497
0.05849
0.036257
0.058391
0.057763
0.051847
0.054242
0.05603
0.056412
0.039372
0.039313
0.039259
0.032147
0.022634
0.017553
0.027001
0.026677
0.015352
0.044857
0.0358
0.035222
0.055306
0.050924
0.045613
0.040225
0.056579
0.054518
0.045529
0.053651
0.058833
0.062018
0.030524
0.038057
0.058263
0.03627
0.035907
0.03506
0.058282
0.058002
0.044636
0.075534
0.05602
0.039381
0.055846
0.039266
0.039189
0.035192
0.017941
0.01575
0.015378
0.015364
0.044387
0.017994
0.030155
0.02954
0.027274
0.030986
0.041707
0.057727
0.057068
0.04481
0.053127
0.056946
0.061688
0.035081
0.035704
0.037726
0.046083
0.030718
0.037812
0.058303
0.039641
0.05667
0.056223
0.056103
0.03939
0.039326
0.05135
0.039217
0.024624
0.032397
0.015941
0.015411
0.015347
0.022885
0.054226
0.048942
0.027224
0.02514
0.047817
0.043842
0.040049
0.044788
0.045595
0.044486
0.058537
0.058739
0.058638
0.058606
0.058553
0.044515
0.045623
0.045241
0.029023
0.056752
0.039593
0.056175
0.039469
0.039401
0.039333
0.039281
0.037589
0.037018
0.032528
0.032093
0.023429
0.037004
0.057345
0.040956
0.029799
0.04723
0.023052
0.02332
0.04111
0.061026
0.045092
0.042228
0.04624
0.05883
0.058566
0.058453
0.057818
0.035223
0.045599
0.046493
0.04603
0.04571
0.03966
0.059802
0.058276
0.039481
0.039413
0.039342
0.039291
0.039236
0.037873
0.02786
0.032155
0.023756
0.040069
0.058026
0.035801
0.030259
0.02926
0.044388
0.043086
0.041936
0.033032
0.043205
0.041447
0.04243
0.056823
0.03036
0.044854
0.045283
0.036547
0.048087
0.046549
0.045608
0.045531
0.039671
0.039616
0.039556
0.039494
0.05599
0.039356
0.039301
0.039247
0.038562
0.033491
0.016956
0.015465
0.026665
0.017459
0.057307
0.018316
0.01651
0.027943
0.030492
0.042409
0.041671
0.058706
0.043532
0.044578
0.046084
0.059487
0.033566
0.049566
0.044767
0.045712
0.046691
0.048793
0.049184
0.037194
0.036611
0.039571
0.039508
0.036962
0.039372
0.036269
0.039259
0.039039
0.034455
0.032299
0.02363
0.015375
0.026624
0.026571
0.014827
0.022037
0.034464
0.046148
0.042248
0.021732
0.059819
0.040619
0.040318
0.034091
0.045414
0.040525
0.033073
0.054384
0.055414
0.031158
0.0498
0.038961
0.036588
0.035951
0.039587
0.039525
0.039459
0.03939
0.039325
0.039271
0.039211
0.035816
0.018272
0.027352
0.026687
0.015345
0.036152
0.022529
0.035554
0.029551
0.029625
0.042814
0.040979
0.040787
0.022498
0.061219
0.041744
0.034616
0.046805
0.043288
0.043634
0.041942
0.055512
0.030933
0.021742
0.036093
0.039662
0.039605
0.039543
0.039478
0.039409
0.039338
0.039285
0.03923
0.026406
0.019308
0.027925
0.0267
0.02286
0.037325
0.017231
0.034787
0.054214
0.0288
0.043182
0.044131
0.0245
0.050386
0.042185
0.040524
0.040779
0.046968
0.029146
0.04345
0.042981
0.044346
0.032513
0.048666
0.035339
0.035307
0.036497
0.039563
0.039499
0.03943
0.03518
0.0393
0.042801
0.029045
0.020744
0.028716
0.02675
0.036192
0.036843
0.035517
0.026115
0.055891
0.016679
0.033811
0.015371
0.013994
0.032944
0.027286
0.061075
0.059672
0.027377
0.02729
0.043369
0.043128
0.044587
0.039967
0.022237
0.022573
0.034037
0.035536
0.039586
0.039521
0.039453
0.03938
0.039316
0.047988
0.032303
0.022608
0.017516
0.02698
0.026675
0.03522
0.021294
0.022047
0.036887
0.016826
0.017515
0.017238
0.01842
0.034589
0.049346
0.023962
0.041849
0.033131
0.027185
0.027264
0.045613
0.031424
0.043403
0.041139
0.022589
0.022554
0.035541
0.035645
0.035763
0.039477
0.039405
0.055866
0.052395
0.036322
0.040259
0.031148
0.027456
0.015383
0.018193
0.024463
0.015276
0.034582
0.018949
0.0189
0.019463
0.033123
0.016762
0.016487
0.027011
0.044869
0.03303
0.044947
0.031608
0.028264
0.027698
0.041513
0.043528
0.022607
0.022571
0.037236
0.022493
0.036283
0.035546
0.039431
0.055895
0.055241
0.041177
0.044377
0.033179
0.028229
0.015396
0.026653
0.017097
0.015708
0.018782
0.042737
0.040872
0.038493
0.033449
0.032936
0.041555
0.016807
0.053553
0.037728
0.033504
0.033287
0.01875
0.029604
0.044311
0.044792
0.034479
0.02259
0.022552
0.022511
0.036137
0.035819
0.03495
0.039383
0.039316
0.047204
0.031412
0.036008
0.029271
0.015495
0.015368
0.026615
0.016112
0.026508
0.013714
0.04114
0.034417
0.025252
0.022117
0.022796
0.053668
0.051924
0.032983
0.038485
0.03344
0.018305
0.017797
0.031339
0.030544
0.033032
0.034525
0.039756
0.035271
0.035367
0.034002
0.034126
0.039412
0.055869
0.05232
0.035935
0.024452
0.018224
0.015795
0.026684
0.026631
0.015304
0.026524
0.015228
0.01519
0.022589
0.03705
0.02278
0.033321
0.033523
0.033726
0.040142
0.035001
0.035121
0.01829
0.030614
0.031116
0.031132
0.033124
0.033866
0.039788
0.039726
0.03966
0.03439
0.034684
0.039442
0.055905
0.055376
0.041508
0.027676
0.019738
0.016338
0.015391
0.015353
0.015316
0.042548
0.01524
0.022345
0.035234
0.022417
0.035798
0.034051
0.050758
0.033407
0.034485
0.04213
0.04099
0.035098
0.03248
0.033426
0.031594
0.032398
0.033246
0.039821
0.039759
0.039692
0.039623
0.03955
0.039473
0.055946
0.05585
0.048169
0.031764
0.021921
0.017128
0.015472
0.015365
0.026611
0.026557
0.014393
0.022659
0.019764
0.034396
0.035226
0.03639
0.023858
0.033542
0.035488
0.033976
0.038836
0.04038
0.034599
0.034345
0.029912
0.022715
0.033361
0.034299
0.039792
0.039725
0.035646
0.03403
0.039506
0.055989
0.05588
0.053333
0.036957
0.024779
0.018267
0.01578
0.015377
0.01534
0.015302
0.026519
0.040703
0.037355
0.04001
0.040706
0.015075
0.035914
0.033397
0.041825
0.023654
0.033238
0.039493
0.020623
0.022979
0.030316
0.022739
0.034091
0.035436
0.035324
0.039759
0.039689
0.039615
0.034015
0.056034
0.039377
0.039308
0.043562
0.028508
0.020008
0.016377
0.015391
0.015352
0.015314
0.022395
0.025876
0.025345
0.040956
0.039564
0.024662
0.034869
0.037534
0.036299
0.033391
0.038806
0.040497
0.022842
0.033348
0.018938
0.022762
0.033036
0.039924
0.03478
0.039793
0.056382
0.039649
0.039573
0.039494
0.039412
0.039332
0.050503
0.033357
0.022569
0.01729
0.015494
0.015365
0.024294
0.030665
0.026881
0.025657
0.026367
0.023305
0.023025
0.033882
0.034765
0.036365
0.036435
0.023904
0.022317
0.023708
0.037786
0.02205
0.033815
0.032462
0.033728
0.034577
0.039827
0.039756
0.039683
0.05623
0.039529
0.039448
0.055905
0.054886
0.03963
0.026028
0.018696
0.032021
0.015379
0.022312
0.030804
0.030392
0.015223
0.022837
0.022626
0.02318
0.033624
0.03358
0.019755
0.020669
0.018455
0.021606
0.023378
0.035145
0.038715
0.040112
0.040054
0.033614
0.039928
0.033889
0.032507
0.039718
0.039643
0.039565
0.039484
0.0394
0.055851
0.047492
0.030681
0.020948
0.016635
0.015402
0.015356
0.023732
0.023926
0.04363
0.024878
0.034866
0.023521
0.038233
0.019067
0.019147
0.03597
0.040378
0.023949
0.030197
0.035107
0.036555
0.033277
0.022792
0.033735
0.039962
0.032988
0.03191
0.039753
0.033288
0.032182
0.039522
0.039439
0.039353
0.039288
0.036931
0.024269
0.017852
0.015608
0.031518
0.015329
0.01529
0.01525
0.024248
0.022366
0.038873
0.034724
0.032206
0.030564
0.036093
0.033272
0.025192
0.03862
0.032953
0.030733
0.032418
0.032227
0.040059
0.031405
0.030563
0.031206
0.031811
0.039716
0.031679
0.031152
0.030365
0.039394
0.055824
0.045263
0.02893
0.03311
0.016216
0.015385
0.015345
0.026579
0.015265
0.015237
0.021752
0.022939
0.034576
0.033478
0.039195
0.053783
0.04039
0.023772
0.033327
0.037807
0.031636
0.030865
0.031683
0.040092
0.031518
0.030681
0.030805
0.031385
0.030755
0.030922
0.029727
0.030355
0.039437
0.039349
0.052784
0.055235
0.023199
0.017348
0.015485
0.026659
0.017155
0.015672
0.026489
0.015241
0.026381
0.033794
0.023133
0.041601
0.03382
0.036671
0.037124
0.053056
0.039261
0.037449
0.022895
0.022857
0.03286
0.022776
0.022732
0.03088
0.030028
0.022596
0.02977
0.02895
0.028789
0.02825
0.039395
0.055778
0.04442
0.028082
0.019333
0.015991
0.015379
0.026626
0.026569
0.026513
0.015257
0.020055
0.026352
0.022235
0.033689
0.034006
0.030992
0.03341
0.033151
0.036601
0.037735
0.022917
0.022879
0.02284
0.022799
0.022756
0.022712
0.022668
0.022622
0.028358
0.027236
0.026793
0.039529
0.039443
0.026346
0.039284
0.039124
0.022773
0.017108
0.015442
0.018671
0.016962
0.026538
0.026482
0.026429
0.023905
0.034801
0.052168
0.050327
0.033867
0.047985
0.053015
0.03541
0.03517
0.022938
0.022901
0.022863
0.022822
0.02278
0.022738
0.022694
0.02265
0.028267
0.026889
0.039658
0.039578
0.039494
0.039404
0.03932
0.039252
0.028104
0.032697
0.015912
0.026679
0.017719
0.026565
0.015287
0.015262
0.015222
0.022913
0.023137
0.039766
0.03899
0.037613
0.039238
0.038613
0.037095
0.02296
0.022924
0.022886
0.022847
0.022806
0.022765
0.022722
0.022679
0.022635
0.027115
0.026952
0.056258
0.056148
0.056031
0.039364
0.03929
0.03914
0.034862
0.01709
0.015437
0.015355
0.015315
0.0153
0.015277
0.015201
0.015166
0.023313
0.054156
0.038579
0.033528
0.033344
0.036301
0.022334
0.022982
0.022948
0.022911
0.022873
0.022833
0.022793
0.022751
0.022709
0.022666
0.027906
0.026667
0.039682
0.0396
0.039513
0.039421
0.025457
0.025279
0.024374
0.032805
0.032026
0.015376
0.031167
0.030751
0.030349
0.015239
0.0296
0.015206
0.022702
0.034376
0.022787
0.041435
0.028793
0.022907
0.023004
0.022971
0.022936
0.022899
0.022861
0.022821
0.022781
0.02274
0.022698
0.022654
0.026692
0.026431
0.026049
0.03957
0.039479
0.025587
0.022269
0.025267
0.02217
0.020303
0.031823
0.031393
0.030974
0.03057
0.030183
0.029816
0.015209
0.015161
0.015111
0.015082
0.015055
0.028382
0.022906
0.029236
0.032484
0.030932
0.035225
0.031182
0.02954
0.025985
0.026796
0.02567
0.023846
0.03654
0.023825
0.024021
0.023385
0.025393
0.02288
0.021085
0.02077
0.021403
0.020098
0.018323
0.028792
0.01808
0.029347
0.029961
0.019361
0.01982
0.021141
0.021277
0.021533
0.033678
0.04398
0.046769
0.029803
0.031739
0.030985
0.018979
0.031911
0.031256
0.012269
0.026214
0.024854
0.016657
0.023714
0.023423
0.024604
0.021687
0.022254
0.02271
0.021908
0.020179
0.021024
0.019359
0.018618
0.029757
0.027816
0.029645
0.018211
0.019588
0.019472
0.020037
0.021201
0.023696
0.032877
0.035404
0.047049
0.027572
0.029725
0.029139
0.02721
0.02891
0.030846
0.026482
0.02598
0.010611
0.023427
0.022953
0.036055
0.0098798
0.021726
0.022341
0.022968
0.022961
0.021174
0.021065
0.019872
0.01854
0.018085
0.019303
0.018483
0.019514
0.018503
0.018746
0.019257
0.021183
0.020297
0.02413
0.035758
0.030917
0.029771
0.029829
0.027587
0.013568
0.027221
0.02932
0.028422
0.027052
0.025666
0.024714
0.010358
0.0099922
0.0097997
0.010366
0.023293
0.022985
0.022767
0.022178
0.020244
0.019046
0.01944
0.020037
0.020203
0.019367
0.019854
0.029567
0.018292
0.018724
0.020238
0.020382
0.024849
0.035957
0.043939
0.026118
0.029739
0.02755
0.013145
0.027149
0.028804
0.03006
0.027979
0.026908
0.024837
0.010492
0.010239
0.010265
0.010082
0.023442
0.026745
0.022872
0.020766
0.019511
0.020501
0.020402
0.020282
0.020795
0.030399
0.019141
0.017965
0.017821
0.017745
0.018305
0.020346
0.021691
0.031489
0.041234
0.026221
0.026449
0.029048
0.026929
0.028689
0.032226
0.029496
0.026465
0.011766
0.01072
0.01116
0.023273
0.0095336
0.0089682
0.0098044
0.025285
0.022601
0.021125
0.0212
0.023388
0.020358
0.021244
0.032533
0.031122
0.019674
0.020139
0.019841
0.01958
0.020023
0.0319
0.034303
0.031145
0.041626
0.024391
0.026186
0.02881
0.028883
0.031295
0.031617
0.027633
0.025802
0.012557
0.026865
0.024703
0.024707
0.023412
0.021296
0.022575
0.027492
0.02485
0.021302
0.020822
0.021406
0.021197
0.021158
0.020559
0.019368
0.019586
0.019953
0.019473
0.030939
0.036366
0.036874
0.047927
0.04516
0.031727
0.023649
0.025293
0.026928
0.02842
0.029765
0.029943
0.02981
0.026968
0.026253
0.02988
0.027829
0.028522
0.024487
0.022381
0.010555
0.026704
0.023902
0.021098
0.020621
0.020368
0.021344
0.02129
0.021119
0.03047
0.030732
0.020481
0.020321
0.020065
0.031784
0.036607
0.037153
0.05157
0.037327
0.037108
0.023856
0.026111
0.026217
0.029265
0.031284
0.026132
0.026394
0.029076
0.027576
0.013912
0.029179
0.012024
0.012117
0.025838
0.025729
0.022564
0.021214
0.020154
0.019882
0.021013
0.021237
0.033189
0.019619
0.030541
0.031996
0.033367
0.018941
0.032347
0.035977
0.049442
0.03838
0.02319
0.023492
0.025875
0.026028
0.02733
0.031168
0.030012
0.027117
0.026047
0.027771
0.031066
0.029397
0.030576
0.028316
0.027943
0.028023
0.025008
0.022625
0.022071
0.020968
0.020408
0.021378
0.020523
0.030716
0.03241
0.018365
0.031882
0.032605
0.034607
0.034192
0.030313
0.032505
0.034697
0.034944
0.024271
0.026906
0.027302
0.028767
0.018198
0.026833
0.026921
0.011341
0.027433
0.026985
0.012093
0.011689
0.011929
0.01271
0.027191
0.023858
0.022689
0.0095442
0.021566
0.020005
0.019878
0.019878
0.0214
0.023475
0.032638
0.034312
0.035109
0.034362
0.032115
0.030245
0.030164
0.031483
0.033804
0.025178
0.026771
0.026432
0.027018
0.027412
0.027634
0.029044
0.026876
0.0257
0.012217
0.013023
0.012028
0.0279
0.010827
0.025752
0.025327
0.024097
0.0099659
0.021646
0.020852
0.02051
0.020307
0.020899
0.021253
0.032339
0.032438
0.020228
0.019577
0.043516
0.031376
0.032276
0.032065
0.019232
0.026343
0.025999
0.027031
0.026142
0.02541
0.02683
0.013283
0.012938
0.012536
0.012062
0.013321
0.012866
0.011638
0.024322
0.010461
0.023358
0.010226
0.009848
0.021935
0.021714
0.021653
0.019693
0.020145
0.021057
0.018481
0.018781
0.019267
0.019317
0.03205
0.034742
0.034941
0.033058
0.019002
0.026074
0.011998
0.011854
0.026546
0.011927
0.01312
0.012799
0.029907
0.012227
0.011629
0.011751
0.012166
0.012088
0.01072
0.022279
0.0094613
0.0099021
0.009902
0.021884
0.021461
0.022445
0.020382
0.019828
0.021597
0.019451
0.018738
0.018336
0.018741
0.018568
0.019592
0.033149
0.020065
0.020086
0.026264
0.026024
0.012371
0.013181
0.012481
0.012452
0.012952
0.014042
0.012296
0.011202
0.011383
0.026355
0.026434
0.024761
0.0098692
0.0094268
0.0097005
0.011159
0.008927
0.023391
0.02174
0.020402
0.02008
0.020815
0.020244
0.020166
0.017913
0.017847
0.018772
0.034953
0.033424
0.035216
0.019753
0.027311
0.027295
0.027648
0.012932
0.013018
0.013215
0.028936
0.012514
0.011851
0.010717
0.013212
0.02912
0.011432
0.024054
0.025904
0.010141
0.010773
0.011914
0.010201
0.023862
0.021273
0.023793
0.022865
0.022736
0.021582
0.021217
0.020106
0.017919
0.020366
0.033384
0.020161
0.021094
0.021564
0.027221
0.027423
0.028959
0.01182
0.026603
0.026161
0.012581
0.012817
0.011605
0.011824
0.013263
0.014448
0.014216
0.017434
0.01261
0.012573
0.01246
0.026116
0.014965
0.025483
0.024802
0.022725
0.024755
0.023767
0.021909
0.021495
0.020185
0.018697
0.02101
0.020046
0.033412
0.039661
0.040202
0.030658
0.018555
0.031878
0.027285
0.02741
0.028888
0.0124
0.027088
0.027052
0.012774
0.029477
0.014416
0.015816
0.018077
0.014024
0.012827
0.01229
0.026599
0.011595
0.025568
0.021796
0.021988
0.024938
0.013892
0.024597
0.021338
0.020236
0.020033
0.020305
0.034265
0.035905
0.03803
0.023133
0.019219
0.01928
0.030107
0.031724
0.029769
0.018988
0.018988
0.013176
0.012401
0.013523
0.0133
0.013097
0.014135
0.015733
0.014667
0.012814
0.011307
0.015502
0.014679
0.024143
0.021688
0.023622
0.024963
0.02572
0.0088865
0.020374
0.020427
0.021046
0.020643
0.034272
0.033563
0.032565
0.034529
0.031188
0.031988
0.018588
0.019201
0.020118
0.016472
0.019473
0.019255
0.011996
0.018652
0.01483
0.014898
0.015374
0.015675
0.013843
0.016404
0.015555
0.015386
0.015549
0.014806
0.024195
0.014588
0.025501
0.024599
0.023652
0.021321
0.021119
0.023117
0.035809
0.03525
0.03612
0.034279
0.020439
0.031643
0.018527
0.019175
0.019956
0.021259
0.021322
0.020365
0.019172
0.018656
0.018694
0.014503
0.015892
0.018573
0.018896
0.015306
0.016556
0.013095
0.012938
0.015169
0.025786
0.010199
0.025931
0.013809
0.025824
0.021298
0.021073
0.02133
0.02536
0.037867
0.033109
0.020037
0.021024
0.021034
0.018743
0.019614
0.038037
0.021514
0.021474
0.020336
0.021233
0.019207
0.019079
0.018903
0.019195
0.020511
0.020472
0.020796
0.019348
0.016573
0.01621
0.015831
0.012999
0.012078
0.0098649
0.02336
0.024995
0.024951
0.023818
0.02021
0.021099
0.023661
0.023505
0.021308
0.020447
0.033978
0.023128
0.019704
0.020924
0.021433
0.021502
0.021814
0.021454
0.020713
0.021214
0.019624
0.019678
0.019922
0.021109
0.021044
0.020421
0.019055
0.017964
0.016602
0.016873
0.01596
0.012761
0.014951
0.023787
0.023685
0.023849
0.021416
0.020736
0.024984
0.023524
0.021408
0.023656
0.021202
0.022149
0.022733
0.021652
0.021616
0.020922
0.021596
0.022196
0.023632
0.020747
0.020682
0.020176
0.019232
0.019382
0.019827
0.020503
0.020715
0.020635
0.017923
0.017895
0.016508
0.015764
0.015768
0.015165
0.014703
0.023656
0.023385
0.021364
0.022591
0.023858
0.024224
0.023832
0.023352
0.022068
0.021065
0.021124
0.021008
0.021639
0.020268
0.021517
0.024213
0.024175
0.022323
0.019925
0.019455
0.019537
0.018966
0.020539
0.020521
0.02224
0.032503
0.020614
0.018635
0.018169
0.016685
0.015191
0.015246
0.026174
0.023544
0.0088745
0.023252
0.02089
0.021097
0.014364
0.025385
0.023293
0.024434
0.022721
0.02276
0.021544
0.021516
0.020957
0.021992
0.021915
0.02392
0.021322
0.020738
0.019721
0.020628
0.019103
0.019522
0.021129
0.020936
0.021856
0.020261
0.019124
0.017662
0.016257
0.012848
0.010982
0.0091294
0.011083
0.0096539
0.0087757
0.021245
0.023142
0.022527
0.013828
0.014361
0.023524
0.023882
0.024214
0.021035
0.021679
0.021532
0.022226
0.022483
0.022461
0.020803
0.019554
0.019034
0.019464
0.019427
0.018878
0.020523
0.020482
0.021024
0.020587
0.019576
0.017827
0.017419
0.015616
0.010904
0.0089782
0.0097754
0.02365
0.0087725
0.023361
0.0241
0.014095
0.023077
0.014261
0.013595
0.022718
0.023699
0.019807
0.021021
0.021668
0.021603
0.02158
0.022229
0.020394
0.019052
0.018505
0.031949
0.018913
0.019392
0.01934
0.019785
0.021013
0.020715
0.018635
0.016745
0.016395
0.015268
0.012401
0.012267
0.01152
0.010228
0.010418
0.0088138
0.021399
0.024516
0.02528
0.023475
0.022657
0.023335
0.014185
0.019252
0.020189
0.020993
0.021648
0.021776
0.020886
0.019594
0.019541
0.019012
0.01918
0.019195
0.020161
0.01931
0.019033
0.020793
0.020295
0.018362
0.016673
0.016532
0.016956
0.015463
0.015317
0.014895
0.014726
0.014354
0.021189
0.020339
0.023871
0.024949
0.024796
0.023651
0.022483
0.023822
0.021102
0.019844
0.021563
0.021203
0.022508
0.022446
0.021529
0.019667
0.032083
0.019154
0.019151
0.0194
0.019384
0.020524
0.020489
0.018862
0.017737
0.017245
0.016009
0.016333
0.012955
0.012766
0.025763
0.023849
0.023905
0.023422
0.023106
0.023515
0.024848
0.014509
0.023182
0.0092501
0.022463
0.021805
0.021081
0.022171
0.021448
0.02164
0.022622
0.021428
0.019572
0.032055
0.019377
0.020195
0.019443
0.019122
0.01813
0.019193
0.018806
0.018526
0.018022
0.013014
0.013434
0.013056
0.011904
0.025773
0.024884
0.021706
0.022441
0.021798
0.024909
0.024858
0.010017
0.023097
0.0097905
0.02135
0.021144
0.021106
0.021686
0.021187
0.021668
0.021477
0.021446
0.019627
0.019474
0.019491
0.032154
0.019142
0.019204
0.019371
0.019394
0.018805
0.019023
0.015213
0.011899
0.012139
0.0109
0.011858
0.02618
0.0087917
0.0083695
0.0079214
0.021699
0.024331
0.02489
0.022461
0.0084284
0.0085068
0.0097144
0.021475
0.021812
0.021686
0.021041
0.021567
0.020966
0.019667
0.019349
0.018818
0.018803
0.018561
0.0146
0.014557
0.019053
0.019129
0.018993
0.018499
0.013019
0.011393
0.011616
0.010988
0.010985
0.010555
0.0088022
0.0086549
0.021239
0.022246
0.0079234
0.0084419
0.008525
0.0081761
0.0078358
0.0083256
0.020485
0.019583
0.021705
0.021082
0.020555
0.020974
0.020352
0.01941
0.015921
0.01575
0.014679
0.012294
0.018715
0.018944
0.019025
0.018823
0.028733
0.013125
0.013452
0.016584
0.011919
0.010424
0.0084565
0.0089253
0.0099431
0.021307
0.02133
0.020599
0.0080335
0.0078827
0.0089752
0.0083645
0.02111
0.019932
0.019208
0.020165
0.020546
0.020223
0.0193
0.032217
0.015551
0.014895
0.015307
0.016101
0.015852
0.016041
0.015489
0.018999
0.019771
0.014443
0.014368
0.013304
0.017016
0.015782
0.0095708
0.008548
0.0082481
0.0091199
0.024089
0.0085183
0.0085772
0.021259
0.0084691
0.0083627
0.0085569
0.023026
0.031693
0.01966
0.019561
0.019908
0.01987
0.019818
0.031822
0.012789
0.014557
0.015461
0.019605
0.018896
0.032111
0.015775
0.013871
0.031969
0.018552
0.014577
0.011663
0.012761
0.012216
0.010551
0.0089255
0.0084374
0.0086742
0.0081466
0.0079976
0.0081103
0.0085466
0.0085376
0.0091317
0.024849
0.021277
0.018756
0.019248
0.014172
0.014331
0.019545
0.032694
0.012924
0.030647
0.015991
0.019401
0.032338
0.018982
0.0312
0.018824
0.01348
0.030305
0.018762
0.013178
0.013334
0.012392
0.011781
0.009036
0.0077967
0.0077504
0.020514
0.0073149
0.0075864
0.0079957
0.021412
0.010735
0.010753
0.01371
0.024995
0.019927
0.019675
0.015025
0.013991
0.018971
0.029506
0.027177
0.014286
0.019134
0.015641
0.032194
0.019195
0.01856
0.019637
0.019369
0.018214
0.018074
0.013488
0.01354
0.011137
0.0096657
0.022638
0.008545
0.0075945
0.0079469
0.0079451
0.0076828
0.0079776
0.0085253
0.010912
0.010737
0.0098734
0.014136
0.018829
0.019047
0.015559
0.014351
0.013653
0.013926
0.029348
0.027742
0.030167
0.018469
0.032185
0.019356
0.019611
0.019482
0.019163
0.032138
0.013559
0.013606
0.013466
0.011104
0.010191
0.022965
0.021917
0.0087005
0.0086588
0.020746
0.0084835
0.0086951
0.014088
0.012
0.011199
0.0098044
0.023501
0.012572
0.014072
0.013073
0.012371
0.011438
0.011841
0.011861
0.02736
0.029169
0.01283
0.031616
0.018949
0.019437
0.019246
0.013883
0.013605
0.013315
0.012871
0.013076
0.01194
0.011387
0.010045
0.023338
0.0096842
0.0093878
0.021882
0.0094877
0.024267
0.009468
0.0099435
0.009497
0.023824
0.021379
0.013908
0.012289
0.012399
0.011508
0.01228
0.011785
0.02758
0.030023
0.029959
0.027727
0.012393
0.012264
0.031531
0.015632
0.013587
0.01314
0.01208
0.011626
0.011187
0.010705
0.010601
0.010252
0.0097077
0.0098029
0.0096239
0.0088022
0.0223
0.024234
0.025294
0.013957
0.023934
0.02446
0.023498
0.012603
0.011781
0.011742
0.011123
0.012324
0.028059
0.031899
0.028878
0.027605
0.026466
0.011422
0.026458
0.027241
0.027197
0.013467
0.012059
0.011311
0.010353
0.010741
0.011172
0.011118
0.011334
0.010527
0.0097153
0.011103
0.010667
0.02523
0.01456
0.026455
0.02361
0.025125
0.02523
0.021433
0.012499
0.01236
0.01247
0.0123
0.012049
0.011577
0.01539
0.015322
0.016312
0.016073
0.015567
0.01583
0.014991
0.012268
0.0065595
0.0027543
0.002074
0.034441
0.035702
0.034672
0.033091
0.033447
0.033931
0.034532
0.034665
0.035745
0.029799
0.011989
0.011808
0.011133
0.011696
0.01085
0.008839
0.012692
0.012676
0.012477
0.01228
0.012347
0.012197
0.032992
0.014653
0.015378
0.016029
0.01522
0.015029
0.014391
0.0048936
0.0058036
0.0028985
0.036306
0.036188
0.035352
0.056096
0.055496
0.018988
0.018457
0.032603
0.033054
0.034416
0.012015
0.011974
0.011992
0.012116
0.011877
0.010982
0.008989
0.013519
0.013581
0.016044
0.01214
0.012246
0.012323
0.01229
0.032995
0.015173
0.014006
0.014394
0.012668
0.0040735
0.0029028
0.0021346
0.0029001
0.036616
0.036674
0.035756
0.017629
0.018964
0.0091021
0.017331
0.017374
0.033085
0.034181
0.01104
0.011451
0.011926
0.01197
0.010695
0.008997
0.010427
0.013621
0.01178
0.015356
0.011567
0.012225
0.012356
0.012089
0.011519
0.015182
0.015259
0.039334
0.015434
0.012622
0.0027617
0.0024507
0.002363
0.0022869
0.034629
0.019277
0.033518
0.018812
0.010314
0.0096944
0.017729
0.033918
0.033868
0.033157
0.011185
0.034855
0.010355
0.010983
0.010148
0.010958
0.012709
0.012292
0.012284
0.012082
0.01128
0.012222
0.012167
0.011497
0.011912
0.011941
0.015163
0.01416
0.0037574
0.00256
0.0023018
0.0023637
0.0023993
0.0081062
0.034061
0.011012
0.011076
0.009465
0.0091051
0.033067
0.033504
0.011246
0.010754
0.011122
0.011063
0.010645
0.033529
0.032962
0.01122
0.012539
0.012326
0.012302
0.012258
0.012242
0.012257
0.011766
0.011102
0.011436
0.012118
0.01187
0.010823
0.0040891
0.003355
0.0027012
0.0027176
0.0023834
0.00231
0.035918
0.035098
0.011152
0.033364
0.033039
0.03381
0.034534
0.011112
0.011972
0.035513
0.010937
0.033521
0.018286
0.032153
0.033376
0.013428
0.013427
0.012313
0.011809
0.011772
0.011817
0.011852
0.015549
0.015738
0.013546
0.01193
0.014563
0.014196
0.0033368
0.0027039
0.0024894
0.0023906
0.007262
0.036096
0.035575
0.028975
0.035804
0.034951
0.03575
0.035216
0.035646
0.034112
0.033819
0.010817
0.010214
0.018378
0.033165
0.03343
0.013571
0.013401
0.012328
0.012733
0.01358
0.01264
0.012071
0.011266
0.015523
0.01524
0.015404
0.014356
0.013338
0.003433
0.0030329
0.0026789
0.0027009
0.0026593
0.011326
0.028299
0.035942
0.030049
0.035718
0.029202
0.035666
0.035615
0.03421
0.010537
0.010516
0.010914
0.010151
0.03352
0.010859
0.014127
0.014086
0.013458
0.01404
0.0096986
0.013709
0.012246
0.012207
0.012024
0.015094
0.015962
0.014578
0.012518
0.011612
0.010614
0.011522
0.011746
0.010126
0.011814
0.031306
0.0098215
0.036126
0.011789
0.030482
0.035693
0.034235
0.034701
0.033698
0.010935
0.03447
0.010506
0.010447
0.010958
0.013523
0.013422
0.01345
0.010022
0.036334
0.036754
0.01325
0.013007
0.012127
0.011943
0.012048
0.031944
0.031937
0.013393
0.01175
0.0284
0.026799
0.011125
0.011375
0.031167
0.035303
0.035765
0.011665
0.011112
0.034309
0.034106
0.011609
0.035505
0.034628
0.011194
0.010641
0.0096142
0.0098965
0.012518
0.013498
0.014054
0.010013
0.0096793
0.0095929
0.035458
0.013012
0.012508
0.01258
0.011897
0.032239
0.032102
0.028471
0.013171
0.02858
0.027957
0.026461
0.02594
0.031267
0.030998
0.029133
0.03054
0.035096
0.011969
0.035126
0.011516
0.011401
0.010977
0.010945
0.010021
0.010687
0.010939
0.014042
0.013441
0.0096495
0.014208
0.01402
0.023275
0.035452
0.035209
0.035514
0.035294
0.033912
0.011937
0.01156
0.010688
0.010001
0.0096758
0.012731
0.033597
0.0258
0.036083
0.03107
0.025378
0.032866
0.025137
0.011993
0.011104
0.011732
0.01138
0.011566
0.011206
0.011838
0.0096402
0.011826
0.013499
0.013151
0.013481
0.013992
0.0097558
0.023168
0.036507
0.023513
0.023489
0.036617
0.013148
0.012399
0.011933
0.011137
0.0098715
0.0094707
0.012591
0.027362
0.032513
0.031183
0.031946
0.026469
0.026409
0.026172
0.032056
0.010736
0.011904
0.011643
0.011785
0.011869
0.011846
0.011263
0.01136
0.01395
0.012704
0.013706
0.013748
0.014104
0.010185
0.0095439
0.013648
0.0098904
0.023675
0.0097581
0.013279
0.011644
0.011199
0.010143
0.009949
0.0098435
0.012825
0.033372
0.026887
0.025995
0.026599
0.0265
0.025536
0.0098991
0.01152
0.012035
0.011106
0.0099527
0.011114
0.011922
0.010614
0.011801
0.0097277
0.014095
0.013441
0.01319
0.013426
0.010074
0.0098513
0.0096777
0.0096876
0.009462
0.0095748
0.0094628
0.012077
0.033275
0.01076
0.011289
0.010378
0.0098543
0.0088313
0.026608
0.032716
0.026837
0.026599
0.012341
0.011626
0.0087496
0.011539
0.010783
0.011988
0.01109
0.011538
0.011094
0.01016
0.0098606
0.014113
0.013593
0.010174
0.013813
0.0099342
0.0097599
0.0099033
0.010132
0.010139
0.014152
0.013302
0.0095495
0.013176
0.011518
0.011338
0.010885
0.0097321
0.0096855
0.026343
0.026884
0.027382
0.0086468
0.0091894
0.0091525
0.0090106
0.0088779
0.0089419
0.0083837
0.0084607
0.011338
0.010964
0.010315
0.010272
0.0098051
0.0098629
0.01007
0.010148
0.010303
0.009668
0.01336
0.010706
0.011395
0.010718
0.010038
0.014035
0.013326
0.012288
0.010672
0.0074948
0.010687
0.0097805
0.0095614
0.026907
0.026912
0.00858
0.0092433
0.0091957
0.0089081
0.0086407
0.0093416
0.0088438
0.0080359
0.0079312
0.010782
0.0098574
0.010976
0.011386
0.010392
0.0098017
0.0097671
0.0097096
0.010723
0.010252
0.0099894
0.011289
0.011171
0.0096169
0.013747
0.0090721
0.0084186
0.012159
0.0075825
0.0072706
0.010146
0.010492
0.0091536
0.0091673
0.0093977
0.0091852
0.0090166
0.0091249
0.0094052
0.009016
0.0088171
0.0083359
0.0085524
0.0079349
0.010936
0.011866
0.011573
0.010921
0.010012
0.010291
0.0097091
0.0099597
0.01394
0.010366
0.010522
0.010875
0.010048
0.014282
0.010671
0.0087962
0.0083287
0.019704
0.019757
0.011734
0.010933
0.0097209
0.0095816
0.0095323
0.009139
0.0091189
0.0094852
0.010192
0.0090179
0.0088866
0.009019
0.0089501
0.007966
0.011782
0.013629
0.013783
0.012216
0.009759
0.0097857
0.0099948
0.010909
0.0099456
0.0099752
0.010681
0.010091
0.010182
0.010123
0.025009
0.02415
0.021883
0.020607
0.0076622
0.0074449
0.010945
0.010491
0.009642
0.0094129
0.0093406
0.0094553
0.0095769
0.006468
0.010214
0.0097284
0.008983
0.0087826
0.0087082
0.0086446
0.01354
0.012261
0.011698
0.010407
0.010035
0.01107
0.010917
0.011285
0.010156
0.0099489
0.010189
0.010125
0.01172
0.024396
0.024763
0.023087
0.02214
0.0087952
0.0086521
0.0079222
0.010577
0.010407
0.010321
0.0095561
0.0065249
0.010891
0.0068066
0.010392
0.0090004
0.0090661
0.0090736
0.0091286
0.0086848
0.013493
0.012136
0.012046
0.011449
0.011153
0.010388
0.010866
0.010833
0.011233
0.01124
0.010902
0.010594
0.010708
0.024539
0.010266
0.023204
0.023401
0.0090744
0.0090072
0.0076197
0.007669
0.0068896
0.0096758
0.0093837
0.010048
0.006517
0.010138
0.0099425
0.0090943
0.0091215
0.0094804
0.0097923
0.0095226
0.014483
0.015527
0.012113
0.011482
0.011019
0.010681
0.010871
0.011194
0.010417
0.011574
0.011167
0.010226
0.01072
0.0099853
0.010193
0.022984
0.022419
0.021929
0.0083266
0.0071893
0.0074085
0.006708
0.0091605
0.0093662
0.0098586
0.0098346
0.0099481
0.010292
0.009831
0.0093557
0.010163
0.009442
0.0089031
0.013626
0.013034
0.011921
0.011548
0.01226
0.011513
0.011424
0.010786
0.011274
0.010435
0.010223
0.010625
0.011164
0.010802
0.01055
0.0093958
0.0091063
0.009067
0.0079894
0.0071823
0.0072355
0.0069428
0.0064942
0.0092449
0.0091776
0.0087824
0.0090957
0.0098669
0.0091253
0.0091331
0.0091656
0.009004
0.008885
0.016351
0.012575
0.011541
0.010774
0.011405
0.011362
0.010805
0.011176
0.010721
0.010753
0.010246
0.011192
0.011233
0.010177
0.0097063
0.013663
0.0087051
0.0091036
0.008508
0.007488
0.0075648
0.0068387
0.011135
0.0093728
0.0090013
0.0087377
0.0083639
0.0088813
0.0091577
0.0092417
0.0090079
0.0092018
0.009121
0.014874
0.012496
0.011027
0.01102
0.01136
0.01087
0.010127
0.011253
0.010301
0.010948
0.010592
0.010771
0.010743
0.0098428
0.0096652
0.0094137
0.0092106
0.0092124
0.0083286
0.007681
0.0073749
0.0070743
0.0066898
0.010283
0.010197
0.0091049
0.0091067
0.0095147
0.0089991
0.0084903
0.0091301
0.0092656
0.0089568
0.014894
0.012335
0.010985
0.026369
0.011884
0.010988
0.0099034
0.01
0.01043
0.0099958
0.010809
0.010258
0.011286
0.010069
0.0097751
0.0094867
0.0091966
0.0081738
0.0081068
0.0083406
0.0076659
0.0072092
0.011847
0.010836
0.010516
0.010332
0.0092696
0.010041
0.0092202
0.0090936
0.0090305
0.0088368
0.008668
0.015241
0.012495
0.011026
0.01155
0.011402
0.010469
0.0098618
0.011318
0.010859
0.0098287
0.010527
0.010692
0.011231
0.010405
0.010355
0.0098626
0.0094632
0.0086516
0.008195
0.0087085
0.0077436
0.0070168
0.012102
0.0068941
0.0066166
0.010771
0.010784
0.01033
0.010307
0.01008
0.010045
0.008943
0.0086981
0.014021
0.013909
0.012366
0.013623
0.01209
0.011781
0.0098266
0.010932
0.011255
0.010267
0.011112
0.01079
0.01023
0.010184
0.0098192
0.0094888
0.0091857
0.0083461
0.012425
0.0080693
0.007228
0.012157
0.0068803
0.0069057
0.0070891
0.0070758
0.0065556
0.010256
0.0092942
0.0093838
0.0095278
0.0089006
0.0088041
0.015481
0.01351
0.015663
0.015569
0.013677
0.01382
0.011374
0.01152
0.010887
0.010821
0.010299
0.010198
0.010643
0.011314
0.010061
0.014762
0.0092953
0.01349
0.011756
0.012045
0.0072998
0.012066
0.011905
0.0071082
0.0072825
0.007216
0.0065725
0.009496
0.009442
0.010037
0.008955
0.012218
0.0088028
0.016014
0.015489
0.015578
0.016368
0.015817
0.01352
0.012307
0.01225
0.011413
0.011257
0.011248
0.010803
0.010529
0.0099061
0.015288
0.014006
0.014104
0.013723
0.011583
0.011492
0.011561
0.0115
0.011236
0.0070736
0.0066635
0.0067694
0.011213
0.010699
0.010409
0.0097338
0.009309
0.0091064
0.012487
0.016211
0.016181
0.013931
0.015663
0.014874
0.013407
0.013799
0.011608
0.01218
0.029709
0.012104
0.010797
0.0097849
0.0096657
0.014575
0.013542
0.014296
0.014121
0.012184
0.011822
0.0099237
0.01091
0.01112
0.011559
0.011281
0.011705
0.011291
0.010074
0.010401
0.0095454
0.0095521
0.0092779
0.0089535
0.016876
0.016869
0.019372
0.016751
0.016244
0.013963
0.013819
0.019241
0.015128
0.029984
0.012154
0.011196
0.015869
0.014562
0.014629
0.014389
0.014295
0.014303
0.012914
0.011358
0.010594
0.010718
0.010665
0.010755
0.010607
0.010864
0.010996
0.010037
0.0098576
0.0093736
0.0093665
0.0091665
0.0092647
0.017486
0.019607
0.032902
0.019364
0.018919
0.019012
0.019269
0.01639
0.019237
0.013307
0.013307
0.011338
0.010105
0.02493
0.0099947
0.015279
0.014235
0.014107
0.012557
0.011627
0.010693
0.010887
0.010192
0.01037
0.010332
0.0097361
0.0095712
0.0099039
0.0096299
0.009372
0.010309
0.009377
0.0094078
0.021837
0.019612
0.019778
0.019502
0.030705
0.032652
0.019395
0.019736
0.018364
0.029748
0.014456
0.011889
0.010967
0.01125
0.024856
0.010376
0.0095945
0.01433
0.013757
0.011608
0.010691
0.010478
0.01029
0.010293
0.01031
0.0099014
0.0094328
0.0094956
0.0097454
0.0095575
0.0095695
0.0091398
0.0095723
0.020064
0.015502
0.015541
0.019572
0.019441
0.019834
0.020997
0.019284
0.019086
0.014111
0.01321
0.01294
0.012133
0.025863
0.010986
0.010767
0.0098515
0.010051
0.014746
0.012526
0.011037
0.010545
0.010193
0.0098019
0.009692
0.0095829
0.0095608
0.0097188
0.010536
0.01095
0.0095311
0.0097946
0.009181
0.017007
0.014047
0.015017
0.016303
0.016561
0.019434
0.019757
0.020087
0.019099
0.014257
0.012792
0.014547
0.027385
0.026764
0.010792
0.011204
0.010733
0.011277
0.010709
0.014146
0.011563
0.010941
0.010564
0.0099529
0.0096844
0.0097605
0.010124
0.0097443
0.010445
0.010521
0.01035
0.010874
0.01009
0.014237
0.015094
0.019708
0.015187
0.018828
0.019377
0.018468
0.018476
0.032368
0.014451
0.013596
0.013091
0.014185
0.010936
0.011617
0.011264
0.011211
0.011977
0.011188
0.0095366
0.012763
0.011444
0.010802
0.011037
0.010631
0.010503
0.0068549
0.0066435
0.007092
0.011179
0.0065613
0.0069328
0.010527
0.012724
0.012373
0.030391
0.015024
0.019836
0.019758
0.018896
0.03078
0.015848
0.02674
0.030626
0.014999
0.013201
0.012262
0.012105
0.011926
0.011822
0.011137
0.010189
0.0097629
0.0090351
0.0082728
0.011782
0.0074561
0.0073208
0.0070856
0.0078594
0.0074938
0.0075819
0.0075564
0.0075044
0.0071188
0.010629
0.011723
0.011991
0.012531
0.030372
0.019452
0.019621
0.018699
0.030398
0.031734
0.028168
0.01863
0.018347
0.018429
0.032404
0.014686
0.012136
0.01128
0.010678
0.0096689
0.0095324
0.014959
0.012754
0.012697
0.0075251
0.0083002
0.0076252
0.0073858
0.0074077
0.007436
0.0075652
0.0073932
0.0071039
0.010785
0.010701
0.01172
0.011719
0.031079
0.031997
0.019418
0.018751
0.029632
0.029559
0.018821
0.030462
0.030418
0.031543
0.03233
0.015532
0.011775
0.012073
0.011213
0.025569
0.025733
0.0097577
0.0092657
0.0082696
0.01225
0.0088083
0.0081267
0.0070998
0.011232
0.0068414
0.0071543
0.0070143
0.0066872
0.010712
0.016329
0.011187
0.011297
0.011909
0.013587
0.015917
0.019604
0.019374
0.019308
0.019259
0.028861
0.029165
0.019005
0.014502
0.012377
0.012156
0.013662
0.012049
0.011206
0.011999
0.010678
0.0097386
0.00974
0.0088689
0.0090029
0.0086711
0.01176
0.011651
0.0071438
0.0077329
0.007604
0.006622
0.010503
0.023816
0.025162
0.024253
0.024961
0.024239
0.025809
0.025319
0.025621
0.025838
0.024775
0.025705
0.02661
0.024212
0.02226
0.021201
0.020684
0.019684
0.031471
0.030855
0.01861
0.018812
0.019777
0.018705
0.0072076
0.019918
0.0085549
0.0084176
0.008995
0.0097029
0.01435
0.014334
0.013997
0.023604
0.025917
0.027351
0.025087
0.024378
0.025888
0.025851
0.025791
0.027035
0.02951
0.025441
0.025782
0.024734
0.023171
0.021403
0.020515
0.020715
0.021038
0.01914
0.018984
0.019098
0.018694
0.019277
0.018858
0.020236
0.02106
0.02202
0.021493
0.024891
0.024333
0.013988
0.02254
0.023363
0.013992
0.026057
0.026234
0.026005
0.025172
0.025123
0.025963
0.026475
0.026769
0.03932
0.037037
0.036688
0.025588
0.026004
0.022075
0.021475
0.020179
0.0202
0.020778
0.01967
0.018909
0.019762
0.020462
0.020333
0.019642
0.021645
0.022074
0.023469
0.023433
0.02341
0.024832
0.013885
0.025629
0.025361
0.025929
0.027019
0.025213
0.026458
0.025942
0.027147
0.027392
0.02816
0.026811
0.027025
0.025598
0.037799
0.038169
0.033746
0.033461
0.034298
0.021584
0.021356
0.020962
0.020015
0.020783
0.020367
0.0197
0.019773
0.02141
0.023403
0.023201
0.02125
0.022036
0.014298
0.014303
0.022979
0.014257
0.027071
0.02606
0.026649
0.025874
0.0258
0.027451
0.029276
0.029567
0.025924
0.055944
0.039175
0.036027
0.056144
0.038149
0.023828
0.023104
0.022777
0.023953
0.021945
0.021978
0.020381
0.020522
0.020494
0.021433
0.023237
0.024785
0.023439
0.013832
0.013824
0.014384
0.023122
0.013584
0.014267
0.029979
0.027122
0.026076
0.026468
0.044665
0.048381
0.044196
0.046535
0.044416
0.051955
0.051801
0.04966
0.028373
0.036564
0.038318
0.038141
0.02279
0.026081
0.022421
0.021764
0.023646
0.023161
0.022475
0.024895
0.024879
0.025645
0.025284
0.024771
0.02524
0.014322
0.013978
0.014343
0.023261
0.03086
0.027176
0.026903
0.027256
0.025866
0.04282
0.044703
0.043994
0.046666
0.052183
0.048959
0.027801
0.049502
0.031001
0.016671
0.024755
0.02512
0.026022
0.024193
0.023817
0.025099
0.024983
0.025306
0.02486
0.014778
0.014801
0.014399
0.02525
0.023555
0.013573
0.014673
0.01454
0.014681
0.029914
0.027322
0.02625
0.029774
0.026965
0.027171
0.045061
0.048261
0.043233
0.051851
0.051761
0.052783
0.054283
0.033781
0.051825
0.035592
0.025075
0.025984
0.024826
0.014462
0.025029
0.01382
0.014463
0.014749
0.014779
0.014581
0.014281
0.025205
0.025462
0.014418
0.014949
0.014251
0.014231
0.012202
0.029877
0.026213
0.027038
0.026861
0.027081
0.027101
0.044996
0.041117
0.034992
0.02688
0.039352
0.035764
0.02405
0.03437
0.036348
0.024434
0.025968
0.026388
0.025878
0.014117
0.025855
0.014283
0.014589
0.014279
0.014362
0.023634
0.023834
0.024697
0.014664
0.014547
0.025427
0.014217
0.013596
0.013838
0.011551
0.012004
0.025887
0.027002
0.026982
0.026656
0.028904
0.028765
0.028941
0.030444
0.024841
0.023401
0.022233
0.023345
0.023216
0.025921
0.024151
0.024881
0.014663
0.024468
0.023534
0.014549
0.025104
0.024789
0.021445
0.025032
0.023597
0.013548
0.024701
0.013967
0.013823
0.011792
0.012437
0.011792
0.012024
0.012024
0.026908
0.048098
0.027067
0.029044
0.042491
0.02886
0.026149
0.02431
0.023882
0.032559
0.023192
0.024279
0.025746
0.02417
0.023775
0.014564
0.014249
0.023546
0.02486
0.024822
0.021325
0.023183
0.0094851
0.021137
0.023335
0.024324
0.023223
0.024577
0.013405
0.012486
0.012103
0.012331
0.026923
0.027144
0.029121
0.027363
0.031152
0.027104
0.030797
0.026865
0.02481
0.023656
0.022458
0.023206
0.024385
0.024139
0.025599
0.014688
0.014738
0.023587
0.023383
0.02352
0.024814
0.024779
0.021253
0.0085383
0.022887
0.013569
0.023242
0.024587
0.014314
0.01225
0.013649
0.01199
0.011422
0.025909
0.012654
0.024282
0.025699
0.027016
0.029487
0.030004
0.027015
0.028713
0.026706
0.026023
0.025514
0.026167
0.024819
0.025632
0.014652
0.014574
0.013781
0.024165
0.021386
0.021108
0.023238
0.023397
0.022649
0.013743
0.0089673
0.009705
0.0090908
0.02457
0.011505
0.012047
0.010404
0.010898
0.025212
0.026171
0.024177
0.026763
0.029177
0.028555
0.026812
0.027057
0.028598
0.025464
0.027043
0.027041
0.024871
0.026136
0.025391
0.025272
0.014544
0.014314
0.02355
0.0214
0.023457
0.024787
0.024741
0.024983
0.025469
0.025553
0.0084221
0.02512
0.010762
0.01376
0.012109
0.010796
0.010819
0.011441
0.025957
0.026894
0.027101
0.028815
0.025738
0.028178
0.026935
0.028961
0.025726
0.024043
0.03972
0.026668
0.014848
0.022313
0.024556
0.023816
0.0083957
0.0079863
0.0094338
0.023465
0.02292
0.02567
0.014268
0.01426
0.014266
0.010538
0.009311
0.009989
0.013782
0.013803
0.012082
0.011676
0.012994
0.012865
0.025907
0.027112
0.026665
0.025818
0.026996
0.031005
0.029425
0.028723
0.028024
0.0252
0.026739
0.01483
0.015086
0.025407
0.021024
0.0080416
0.0079175
0.0085551
0.0083963
0.00851
0.013952
0.014372
0.014392
0.013812
0.010545
0.011752
0.024879
0.016054
0.014753
0.013385
0.029471
0.031162
0.029978
0.029076
0.03123
0.029568
0.029847
0.027264
0.026253
0.026157
0.026248
0.027274
0.025244
0.015881
0.01495
0.02671
0.024723
0.025877
0.022887
0.0086803
0.0098778
0.0084441
0.0085144
0.0080755
0.010609
0.013572
0.0098538
0.014673
0.014287
0.014241
0.015598
0.030395
0.03152
0.019417
0.020761
0.019256
0.018957
0.031951
0.01891
0.018385
0.044018
0.026565
0.02625
0.025842
0.025259
0.025101
0.027825
0.024641
0.024611
0.015359
0.014939
0.01457
0.022869
0.023539
0.022962
0.009381
0.0081835
0.0093388
0.010036
0.0109
0.014668
0.015658
0.014363
0.019726
0.020129
0.019636
0.01977
0.019805
0.019228
0.019049
0.019646
0.018726
0.018672
0.01865
0.0298
0.026465
0.026156
0.017489
0.02809
0.026988
0.025137
0.024823
0.025907
0.014691
0.024628
0.023156
0.023548
0.0085102
0.0098426
0.0085153
0.0083932
0.009575
0.01441
0.014282
0.015965
0.014848
0.019355
0.019313
0.019647
0.020839
0.019793
0.020777
0.019317
0.018978
0.019184
0.03116
0.018556
0.031154
0.01877
0.018932
0.017686
0.015905
0.016151
0.016623
0.015467
0.024397
0.014129
0.025061
0.023934
0.021456
0.021384
0.008494
0.0082108
0.0084184
0.0079365
0.0098393
0.014505
0.014672
0.016174
0.019756
0.019402
0.019676
0.018638
0.02039
0.020648
0.019466
0.018884
0.018149
0.019341
0.018099
0.030164
0.01892
0.019044
0.018033
0.017
0.027966
0.026789
0.026747
0.02442
0.025139
0.021609
0.025386
0.023866
0.0086961
0.021612
0.0078518
0.0077598
0.02136
0.014304
0.016227
0.016149
0.02542
0.02095
0.018657
0.018991
0.032468
0.019302
0.019854
0.019144
0.018982
0.019452
0.019279
0.018513
0.029742
0.018194
0.018898
0.028883
0.01732
0.027386
0.015411
0.024843
0.024093
0.026369
0.02579
0.014371
0.0082992
0.0086476
0.0086822
0.0079765
0.0085057
0.022895
0.014324
0.016165
0.027672
0.026661
0.021194
0.019804
0.019393
0.014012
0.031384
0.019055
0.031382
0.018816
0.019394
0.019062
0.032206
0.0295
0.030547
0.018906
0.030408
0.01711
0.026116
0.025477
0.0108
0.0092945
0.023591
0.0096211
0.0089209
0.0083243
0.0085746
0.0079093
0.008439
0.0098205
0.01378
0.014328
0.014812
0.014915
0.015137
0.021006
0.019245
0.015736
0.014693
0.03016
0.02914
0.03164
0.018618
0.01943
0.031875
0.031956
0.029017
0.029822
0.030202
0.029179
0.029134
0.028539
0.026575
0.015052
0.010561
0.010286
0.010001
0.021384
0.0079504
0.0086852
0.007837
0.0085649
0.025679
0.014065
0.014457
0.014379
0.014061
0.023252
0.018934
0.031002
0.013148
0.012254
0.012271
0.03104
0.031426
0.029259
0.030375
0.018604
0.018897
0.019199
0.018863
0.018752
0.031818
0.030784
0.028592
0.028063
0.011913
0.011646
0.010439
0.0097511
0.023419
0.02538
0.024232
0.023728
0.023495
0.022896
0.014391
0.024749
0.024701
0.025448
0.023292
0.013624
0.012337
0.013057
0.012871
0.012268
0.013749
0.031789
0.028341
0.027204
0.029416
0.018924
0.020571
0.019005
0.018931
0.018744
0.018301
0.028847
0.010433
0.010344
0.011012
0.0097128
0.0087564
0.023932
0.014701
0.014903
0.025732
0.021204
0.021155
0.02185
0.023314
0.023379
0.025379
0.023133
0.012243
0.011545
0.011694
0.013282
0.012281
0.030444
0.029856
0.02977
0.027197
0.031281
0.018921
0.020584
0.018968
0.018295
0.031858
0.01869
0.0296
0.02586
0.0098005
0.010201
0.010104
0.01001
0.024002
0.025906
0.02585
0.023594
0.021382
0.021382
0.02475
0.013673
0.02427
0.022984
0.023285
0.012505
0.013713
0.012218
0.012388
0.013382
0.01177
0.03214
0.031487
0.027192
0.027772
0.031824
0.019075
0.032983
0.018877
0.029236
0.018412
0.017709
0.026637
0.0097807
0.024527
0.0099269
0.010292
0.024723
0.014987
0.024716
0.025572
0.01392
0.025797
0.025063
0.023297
0.022754
0.022849
0.020832
0.012841
0.012264
0.013071
0.012358
0.012355
0.012253
0.027308
0.011466
0.028089
0.029176
0.019073
0.019207
0.019398
0.028488
0.026829
0.018308
0.028605
0.027699
0.025055
0.02305
0.0091681
0.0098412
0.0091365
0.013954
0.025053
0.014269
0.023055
0.023548
0.014237
0.024794
0.023006
0.021079
0.0077937
0.013531
0.011662
0.011636
0.011725
0.01232
0.014793
0.029088
0.027354
0.027394
0.028492
0.031284
0.031229
0.018407
0.019136
0.019104
0.030745
0.027065
0.028629
0.02396
0.023654
0.025204
0.02524
0.024383
0.025364
0.014698
0.023616
0.023931
0.023953
0.024054
0.021479
0.0079362
0.0078143
0.0074247
0.012266
0.012147
0.011709
0.011909
0.012336
0.013203
0.012157
0.028667
0.026133
0.025857
0.025854
0.026096
0.02704
0.031953
0.030958
0.027119
0.026503
0.025507
0.02348
0.023423
0.025329
0.02485
0.023673
0.02631
0.025423
0.024529
0.022823
0.0089496
0.0084427
0.023273
0.020687
0.007416
0.0070856
0.012256
0.01245
0.011603
0.012311
0.011531
0.011519
0.010981
0.011495
0.026014
0.026056
0.025819
0.027103
0.030761
0.018762
0.032125
0.029868
0.03096
0.026089
0.023764
0.0093503
0.01066
0.025032
0.022474
0.026577
0.02174
0.021198
0.021371
0.021385
0.0079025
0.008524
0.0078538
0.0078031
0.007751
0.011147
0.011473
0.012356
0.012301
0.011507
0.011057
0.010007
0.025217
0.024939
0.025261
0.025112
0.027079
0.05073
0.031137
0.028198
0.02703
0.028659
0.028318
0.011411
0.0094875
0.023091
0.022924
0.021588
0.021894
0.02096
0.021258
0.021294
0.020627
0.0084293
0.0078759
0.0085468
0.0079678
0.0073144
0.010647
0.01003
0.01158
0.01166
0.0118
0.011527
0.010438
0.023603
0.024134
0.024307
0.024574
0.02539
0.04752
0.047639
0.042308
0.027567
0.02562
0.026497
0.026091
0.0096742
0.021603
0.0084569
0.021762
0.020383
0.022028
0.008555
0.0079218
0.0079696
0.0084923
0.0085381
0.0079181
0.0074715
0.006534
0.01005
0.010639
0.010681
0.011599
0.011597
0.011094
0.011691
0.010504
0.02532
0.023896
0.024253
0.024195
0.026098
0.042715
0.043541
0.024082
0.025672
0.024758
0.010837
0.0096192
0.0082236
0.0077958
0.0074285
0.0081486
0.020956
0.0077143
0.0067968
0.0080682
0.022786
0.021372
0.02106
0.020173
0.010148
0.0106
0.010711
0.011201
0.011645
0.011683
0.011498
0.01088
0.010413
0.026071
0.023744
0.024406
0.023749
0.024582
0.02525
0.024101
0.037258
0.022961
0.01021
0.010525
0.0090956
0.020984
0.0079619
0.0074408
0.0074554
0.0071378
0.0070289
0.0073578
0.0071336
0.020883
0.020305
0.019612
0.020126
0.0074706
0.010442
0.010433
0.01093
0.010788
0.011817
0.011722
0.01071
0.024516
0.025681
0.024256
0.023414
0.023391
0.023364
0.024116
0.036661
0.03634
0.036616
0.024879
0.023899
0.022419
0.021384
0.020151
0.0079725
0.020832
0.01095
0.0071798
0.007167
0.018991
0.0070837
0.019468
0.0069611
0.0069552
0.0068604
0.025755
0.025774
0.025708
0.02564
0.01236
0.010938
0.011762
0.011113
0.026045
0.025679
0.024276
0.024119
0.023278
0.02329
0.03467
0.023163
0.023512
0.023994
0.023348
0.024388
0.022521
0.033039
0.011424
0.0080056
0.0208
0.0079193
0.0069638
0.0068294
0.019782
0.019653
0.0066242
0.010188
0.018543
0.025264
0.026231
0.024748
0.011942
0.01324
0.013178
0.026349
0.037739
0.023881
0.024466
0.024058
0.024022
0.023717
0.023492
0.023508
0.036386
0.036717
0.023794
0.02327
0.036558
0.035608
0.02143
0.020328
0.021309
0.0078758
0.0073219
0.0071965
0.019267
0.018928
0.0076873
0.018502
0.018438
0.020236
0.010134
0.026561
0.02659
0.012199
0.013347
0.012978
0.025499
0.016713
0.010529
0.025423
0.026153
0.0259
0.025189
0.010141
0.010149
0.023905
0.023012
0.036366
0.022819
0.023513
0.023531
0.02272
0.021881
0.021767
0.021824
0.0077075
0.0077639
0.02096
0.007663
0.0072005
0.0070804
0.018264
0.0084331
0.014691
0.037729
0.023983
0.026991
0.027818
0.028791
0.010742
0.016681
0.010907
0.01141
0.012003
0.011172
0.025259
0.023633
0.024222
0.025301
0.02386
0.023612
0.024682
0.024387
0.022995
0.035557
0.021464
0.020427
0.0077446
0.0076039
0.0080064
0.020991
0.0078233
0.019801
0.020379
0.02028
0.0080754
0.015182
0.036675
0.024012
0.015679
0.010737
0.011905
0.010507
0.010801
0.01127
0.011157
0.010787
0.010221
0.02444
0.023876
0.023587
0.023798
0.023697
0.024111
0.025761
0.024881
0.010574
0.02291
0.022075
0.022104
0.0077371
0.0077709
0.0077287
0.0073337
0.020691
0.020975
0.021286
0.0082103
0.0075264
